step,msd_global,n_round,n_elongated
0,0.0,2500,0
100,23.357628011137052,2500,0
200,25.95580158571665,2451,49
300,28.73621403643125,2415,85
400,32.886660297835384,2385,115
500,38.835061337471,2349,151
600,50.22191055181018,2305,195
700,60.88752402366777,2264,236
800,65.45005642007922,2226,274
900,73.58526658526553,2183,317
1000,83.14602163838555,2142,358
1100,100.77977224317775,2103,397
1200,114.61214252949276,2058,442
1300,137.25296435681577,2011,489
1400,159.414664653379,1972,528
1500,177.58183228128493,1943,557
1600,198.58539754254758,1922,578
1700,215.676751990846,1901,599
1800,242.10800596610466,1878,622
1900,259.65346626961696,1858,642
2000,285.6330409654015,1863,637
2100,311.91425664601854,1871,629
2200,332.88434008305774,1867,633
2300,357.8605760818109,1875,625
2400,390.2820322748239,1890,610
2500,416.24656510081985,1869,631
2600,447.0584265387792,1841,659
2700,485.4912786435807,1820,680
2800,527.664071170379,1807,693
2900,561.4012210951838,1819,681
3000,582.910157547178,1826,674
3100,608.1348185489849,1816,684
3200,630.5785279523726,1815,685
3300,653.8285127225536,1797,703
3400,677.0939320508993,1770,730
3500,695.9751207843282,1754,746
3600,726.3645436434821,1738,762
3700,746.9966327026052,1745,755
3800,759.4104964488529,1765,735
3900,775.1757625857033,1762,738
4000,780.7460554201965,1779,721
4100,790.6125094992929,1760,740
4200,813.8285384545343,1771,729
4300,836.982486950898,1762,738
4400,867.0006371585566,1741,759
4500,888.450352271695,1726,774
4600,922.9295702067263,1698,802
4700,948.4327790145056,1687,813
4800,974.7132949121643,1663,837
4900,1005.242768538161,1669,831
5000,1037.451942055866,1678,822
5100,1073.9263019802618,1664,836
5200,1123.1458192906334,1641,859
5300,1182.2359148556743,1626,874
5400,1223.3777123588563,1620,880
5500,1253.9252793636472,1624,876
5600,1289.3862620158134,1624,876
5700,1331.7244798616525,1601,899
5800,1377.9225340719768,1582,918
5900,1440.6999908071148,1567,933
6000,1512.867739437815,1553,947
6100,1578.788763435606,1549,951
6200,1638.4375184705864,1548,952
6300,1679.8927654972413,1553,947
6400,1744.3005579937249,1545,955
6500,1791.4599627006207,1521,979
6600,1829.7110881730155,1504,996
6700,1874.8695016701795,1474,1026
6800,1917.4053407049894,1460,1040
6900,1977.202363696964,1440,1060
7000,2043.7093753410072,1438,1062
7100,2101.1908025373223,1413,1087
7200,2170.988353868038,1389,1111
7300,2236.5328652349895,1377,1123
7400,2289.592669132175,1351,1149
7500,2328.9042421026293,1364,1136
7600,2386.3918164384104,1361,1139
7700,2437.7450303737874,1379,1121
7800,2475.4315210422938,1386,1114
7900,2521.1779813741236,1402,1098
8000,2555.9661418656,1388,1112
8100,2608.961846217123,1393,1107
8200,2688.6861300283094,1388,1112
8300,2771.735668836746,1380,1120
8400,2855.443302566131,1355,1145
8500,2924.706051039616,1329,1171
8600,3003.5044462813294,1311,1189
8700,3096.276266106158,1311,1189
8800,3197.749633142273,1314,1186
8900,3293.9565676177967,1337,1163
9000,3389.33498229848,1336,1164
9100,3497.573834366058,1332,1168
9200,3596.7569141679883,1322,1178
9300,3680.326705758879,1326,1174
9400,3762.397712761932,1327,1173
9500,3846.9435778774805,1310,1190
9600,3940.1229553009534,1316,1184
9700,4020.149863311855,1303,1197
9800,4089.679372881923,1298,1202
9900,4132.914700964425,1284,1216
10000,4216.769541652678,1281,1219
10100,4280.572129895933,1273,1227
10200,4342.32405925813,1268,1232
10300,4363.673510918069,1265,1235
10400,4381.316728913253,1241,1259
10500,4422.501902371264,1240,1260
10600,4474.517346602099,1235,1265
10700,4556.6659971768495,1230,1270
10800,4661.770644007117,1211,1289
10900,4750.464373392315,1202,1298
11000,4858.629178076432,1178,1322
11100,4930.3404726055605,1172,1328
11200,4992.481640842905,1162,1338
11300,5022.342145583939,1170,1330
11400,5072.880515728569,1183,1317
11500,5167.432191955276,1170,1330
11600,5230.353482686859,1163,1337
11700,5275.753295865281,1142,1358
11800,5340.529575878327,1134,1366
11900,5416.9026575432545,1112,1388
12000,5501.689993207367,1101,1399
12100,5592.600019442684,1101,1399
12200,5678.52191540909,1089,1411
12300,5779.94231083423,1089,1411
12400,5877.757198956684,1077,1423
12500,5986.437605201171,1077,1423
12600,6118.104847413218,1059,1441
12700,6238.660562324174,1030,1470
12800,6368.542565313224,1012,1488
12900,6514.967419644496,976,1524
13000,6638.746014483117,969,1531
13100,6779.237271557553,951,1549
13200,6974.600130351034,941,1559
13300,7159.186529492061,934,1566
13400,7347.534675000235,930,1570
13500,7540.874861840656,942,1558
13600,7655.61390481897,934,1566
13700,7801.132671561107,916,1584
13800,7925.658390688234,916,1584
13900,8099.820302971216,912,1588
14000,8248.581159015528,924,1576
14100,8409.110488298173,919,1581
14200,8590.244379024401,898,1602
14300,8760.357872092718,879,1621
14400,8983.969277001903,863,1637
14500,9230.072400076619,836,1664
14600,9431.900123017487,827,1673
14700,9670.815856583014,837,1663
14800,9888.386939838696,846,1654
14900,10144.936597485792,827,1673
15000,10427.193440002173,814,1686
15100,10632.829339553837,801,1699
15200,10831.690809304791,789,1711
15300,11028.04959406734,786,1714
15400,11265.967260843443,776,1724
15500,11516.920393189988,759,1741
15600,11749.85276221859,788,1712
15700,11986.389753999694,787,1713
15800,12192.204384429155,782,1718
15900,12399.64794582072,764,1736
16000,12645.572288335055,746,1754
16100,12903.972645311776,734,1766
16200,13134.14424739076,711,1789
16300,13424.36517681983,676,1824
16400,13682.739381584359,639,1861
16500,14004.166383036089,615,1885
16600,14332.155044390995,604,1896
16700,14672.925117875946,592,1908
16800,15019.784581052938,598,1902
16900,15400.478038521096,635,1865
17000,15796.022857838565,652,1848
17100,16199.630935876601,674,1826
17200,16582.71128011679,700,1800
17300,17010.664759042178,724,1776
17400,17436.747344606018,752,1748
17500,17855.27680786433,777,1723
17600,18296.209592964024,831,1669
17700,18674.4908900067,856,1644
17800,19022.352847345246,890,1610
17900,19351.604675158273,926,1574
18000,19611.380135763397,957,1543
18100,19867.47373796263,996,1504
18200,20070.039422759288,1031,1469
18300,20208.229338335914,1053,1447
18400,20336.69974856475,1091,1409
18500,20411.999532104433,1124,1376
18600,20518.080429250367,1166,1334
18700,20589.32041237351,1201,1299
18800,20677.986506146208,1211,1289
18900,20720.500214047574,1222,1278
19000,20693.524207307684,1244,1256
19100,20675.725031571805,1245,1255
19200,20587.926750313945,1253,1247
19300,20574.358088159257,1246,1254
19400,20551.517222380124,1230,1270
19500,20616.276190957935,1233,1267
19600,20696.54471371897,1236,1264
19700,20829.838873196066,1221,1279
19800,20937.09339808119,1227,1273
19900,21128.27810545426,1218,1282
20000,21281.58497889905,1225,1275
20100,21427.814482339985,1233,1267
20200,21570.20120435064,1228,1272
20300,21760.518631233226,1225,1275
20400,21911.976947393185,1212,1288
20500,22047.744868324568,1192,1308
20600,22179.736373983327,1181,1319
20700,22356.24384826937,1200,1300
20800,22472.065313722498,1190,1310
20900,22558.415289400888,1193,1307
21000,22678.717060044513,1201,1299
21100,22748.183836625474,1189,1311
21200,22894.142899873535,1181,1319
21300,22938.288332763652,1178,1322
21400,23028.00563070267,1184,1316
21500,23119.82384448987,1194,1306
21600,23200.67467241681,1197,1303
21700,23252.211090137695,1186,1314
21800,23216.923716120244,1202,1298
21900,23212.937543527314,1205,1295
22000,23258.82311927939,1191,1309
22100,23252.14486553201,1193,1307
22200,23256.245510926496,1186,1314
22300,23205.858684220577,1188,1312
22400,23183.50490108511,1167,1333
22500,23179.994122052223,1152,1348
22600,23185.199239738162,1150,1350
22700,23175.678480713133,1144,1356
22800,23169.05811227267,1138,1362
22900,23177.12021541049,1151,1349
23000,23258.15797805087,1170,1330
23100,23369.565624534516,1168,1332
23200,23425.041033117686,1157,1343
23300,23544.43949137839,1151,1349
23400,23606.324417880252,1138,1362
23500,23577.315924758328,1125,1375
23600,23599.811429750236,1111,1389
23700,23580.6481744342,1096,1404
23800,23573.423836077935,1078,1422
23900,23538.352837806626,1069,1431
24000,23553.20419599959,1053,1447
24100,23517.65017396893,1053,1447
24200,23541.89559218917,1028,1472
24300,23630.12037546902,1018,1482
24400,23686.851328417655,994,1506
24500,23791.612902193414,1013,1487
24600,23922.167513766915,1038,1462
24700,24025.470185071576,1034,1466
24800,24091.348522999884,1026,1474
24900,24129.449723451784,1017,1483
25000,24173.36656348411,998,1502
25100,24188.40365730132,966,1534
25200,24131.46285173829,957,1543
25300,24125.41474029378,928,1572
25400,24090.71774089963,906,1594
25500,24119.9254228179,877,1623
25600,24086.869927980584,852,1648
25700,24081.709589968214,822,1678
25800,24001.76405762839,796,1704
25900,23993.424549505515,751,1749
26000,24021.50883016252,734,1766
26100,24077.552084432817,700,1800
26200,24095.210591848205,702,1798
26300,24131.313778229578,705,1795
26400,24203.175104478898,690,1810
26500,24242.97817192037,680,1820
26600,24382.177752119176,660,1840
26700,24547.480516501724,655,1845
26800,24717.752498122838,628,1872
26900,24873.166656978567,632,1868
27000,24955.70614507381,613,1887
27100,25118.876498179026,578,1922
27200,25265.580705851986,555,1945
27300,25352.137083151625,523,1977
27400,25522.103484678923,496,2004
27500,25752.967309130137,504,1996
27600,25988.543101744614,520,1980
27700,26179.53068791958,525,1975
27800,26413.177181266154,542,1958
27900,26607.738218830436,536,1964
28000,26881.126584310776,536,1964
28100,27164.70455082577,538,1962
28200,27483.893496255852,547,1953
28300,27860.411723052985,557,1943
28400,28240.094367184614,577,1923
28500,28541.45810729494,584,1916
28600,28897.95294968035,598,1902
28700,29311.247152247877,623,1877
28800,29588.781591790903,618,1882
28900,29952.01771597423,622,1878
29000,30270.145191585223,608,1892
29100,30563.271086283065,623,1877
29200,30778.63821957209,627,1873
29300,31046.720970307302,633,1867
29400,31306.006639949097,650,1850
29500,31518.13157377633,667,1833
29600,31730.09061504837,673,1827
29700,31939.96130829941,695,1805
29800,32230.022994247425,688,1812
29900,32543.32892305994,702,1798
30000,32822.42810407287,712,1788
30100,33091.946080082234,727,1773
30200,33373.65864396173,706,1794
30300,33593.84734075129,688,1812
30400,33874.2823520281,665,1835
30500,34105.07182118653,663,1837
30600,34340.76038578363,663,1837
30700,34555.14241686772,656,1844
30800,34753.32544554963,657,1843
30900,34992.19728956333,640,1860
31000,35226.22332323099,623,1877
31100,35521.76655173024,609,1891
31200,35906.80513115473,596,1904
31300,36256.66205261472,580,1920
31400,36659.96919784489,562,1938
31500,37049.61703083198,557,1943
31600,37385.85326177312,545,1955
31700,37760.3626136006,547,1953
31800,38173.01276513263,543,1957
31900,38574.046547625185,530,1970
32000,38899.53060972789,521,1979
32100,39230.80548252982,503,1997
32200,39635.519138646596,491,2009
32300,39950.02752994935,479,2021
32400,40307.78501855743,480,2020
32500,40686.37064559723,501,1999
32600,41119.89394213926,523,1977
32700,41542.86066924045,535,1965
32800,42001.55564479944,528,1972
32900,42351.26815146062,515,1985
33000,42754.02667382044,497,2003
33100,43192.007693643965,480,2020
33200,43598.55226974597,472,2028
33300,44049.981755557885,457,2043
33400,44601.314558873324,459,2041
33500,45214.55422082222,452,2048
33600,45810.11222688264,448,2052
33700,46360.231969962064,439,2061
33800,46918.43582676628,418,2082
33900,47527.32258469936,406,2094
34000,48135.86929952576,386,2114
34100,48721.36702474798,381,2119
34200,49307.8449283043,364,2136
34300,49904.69674885974,360,2140
34400,50538.57511925172,368,2132
34500,51161.22301533708,359,2141
34600,51692.212970911656,349,2151
34700,52318.95575910021,350,2150
34800,52956.50799158031,349,2151
34900,53535.62476469083,339,2161
35000,54246.507880857454,338,2162
35100,54809.52508187864,350,2150
35200,55506.97315254228,369,2131
35300,56136.649512858654,379,2121
35400,56702.03557849841,364,2136
35500,57308.291621277094,341,2159
35600,57889.66534122304,326,2174
35700,58537.2410610713,320,2180
35800,59220.83945562392,308,2192
35900,60057.134971991705,313,2187
36000,60807.99253683705,317,2183
36100,61477.641235483454,321,2179
36200,62292.1271578635,313,2187
36300,63020.77272021477,321,2179
36400,63757.94741499071,334,2166
36500,64455.16505059888,325,2175
36600,65248.355892662286,327,2173
36700,65963.05779029669,333,2167
36800,66778.01149635938,337,2163
36900,67554.82330562104,328,2172
37000,68410.52891386245,317,2183
37100,69320.61513996091,299,2201
37200,70264.89916553312,273,2227
37300,71049.21885322797,265,2235
37400,71885.89534353738,255,2245
37500,72716.91235792203,259,2241
37600,73541.189886952,240,2260
37700,74508.60696015829,233,2267
37800,75425.18967634172,230,2270
37900,76363.4338379534,233,2267
38000,77168.81452967704,242,2258
38100,78085.10245014542,255,2245
38200,78953.20814220552,259,2241
38300,79830.40694130509,247,2253
38400,80696.04245473225,242,2258
38500,81556.50778761189,248,2252
38600,82541.06156276238,254,2246
38700,83421.54924599556,270,2230
38800,84279.58376685355,274,2226
38900,85170.10873509603,273,2227
39000,86123.84980802784,281,2219
39100,87089.27668771434,265,2235
39200,88077.68616750663,261,2239
39300,89180.18392721581,281,2219
39400,90343.28421543527,285,2215
39500,91415.77246830944,270,2230
39600,92587.68049428321,272,2228
39700,93717.3326645997,284,2216
39800,94807.01525464242,286,2214
39900,95943.47417254197,284,2216
40000,96918.16900759641,275,2225
40100,98002.84844566898,267,2233
40200,99181.77838929219,261,2239
40300,100382.82123180474,254,2246
40400,101445.70385157809,257,2243
40500,102564.8694823905,265,2235
40600,103630.81860665743,258,2242
40700,104737.12543807163,278,2222
40800,105874.93646373534,293,2207
40900,107062.00541493455,291,2209
41000,108211.52883968117,276,2224
41100,109413.25778808694,258,2242
41200,110624.94639171302,258,2242
41300,111691.60058538489,252,2248
41400,112917.25286310451,248,2252
41500,114080.65591614046,256,2244
41600,115378.72472036662,256,2244
41700,116608.13364557631,253,2247
41800,117788.58762763467,250,2250
41900,119005.09373419585,243,2257
42000,120292.1870724043,237,2263
42100,121576.83693751201,227,2273
42200,122866.41272681071,219,2281
42300,124201.83582740028,209,2291
42400,125604.66663817543,192,2308
42500,126962.03878119729,174,2326
42600,128359.837302062,157,2343
42700,129747.59734498868,131,2369
42800,131214.84663320266,104,2396
42900,132532.4433316967,85,2415
43000,133992.50165616322,64,2436
43100,135476.7235763304,50,2450
43200,136849.44388249202,48,2452
43300,138248.8601424063,43,2457
43400,139617.07635804795,32,2468
43500,141115.05649089528,29,2471
43600,142746.33626906114,18,2482
43700,144281.98764147598,17,2483
43800,145849.4758455792,18,2482
43900,147374.48333654183,21,2479
44000,148889.17989979094,20,2480
44100,150576.1221303935,35,2465
44200,152184.6840284673,41,2459
44300,153665.80220973463,44,2456
44400,155278.62152520302,43,2457
44500,156984.27935142862,47,2453
44600,158530.97109646257,38,2462
44700,160242.2330938118,35,2465
44800,162011.65670596188,30,2470
44900,163723.33807880405,24,2476
45000,165434.1876200592,17,2483
45100,167145.9587882191,16,2484
45200,168969.88917164592,12,2488
45300,170733.7200185143,11,2489
45400,172604.6437620445,11,2489
45500,174293.7245510518,12,2488
45600,176018.48123711967,11,2489
45700,178002.91014682828,12,2488
45800,179808.2424290265,10,2490
45900,181690.619042871,11,2489
46000,183516.08143718942,12,2488
46100,185423.52937213925,14,2486
46200,187468.34829428967,16,2484
46300,189373.08385862983,11,2489
46400,191289.5244635977,12,2488
46500,193291.13786428038,16,2484
46600,195191.64703683564,14,2486
46700,197134.74936990195,12,2488
46800,199201.73771332303,11,2489
46900,201044.38335186843,11,2489
47000,203221.42314614123,14,2486
47100,205332.7406405134,15,2485
47200,207374.44455021128,13,2487
47300,209351.1985910245,12,2488
47400,211527.59430322738,14,2486
47500,213648.17564365536,15,2485
47600,215795.69591161876,21,2479
47700,217760.3185401372,24,2476
47800,219922.69245439858,27,2473
47900,222118.0749048625,28,2472
48000,224249.62536650096,30,2470
48100,226328.63638014297,28,2472
48200,228575.28898404093,23,2477
48300,230647.76872282676,25,2475
48400,232886.13013382626,25,2475
48500,235197.4094100842,28,2472
48600,237520.51928179013,31,2469
48700,239760.42262201518,39,2461
48800,241946.9542561228,38,2462
48900,244194.77386450887,34,2466
49000,246480.86697129745,36,2464
49100,248938.8510883107,37,2463
49200,251185.77266105384,39,2461
49300,253475.165760509,42,2458
49400,255736.6890950767,42,2458
49500,258042.24096455728,45,2455
49600,260408.29259937516,47,2453
49700,262761.0033472854,48,2452
49800,264943.6700363839,50,2450
49900,267295.120670674,53,2447
50000,269759.7033421648,54,2446
