step,msd_global,n_round,n_elongated
0,0.0,2500,0
100,28.51091285602712,2500,0
200,31.843253482166766,2455,45
300,35.27103952712979,2415,85
400,42.053609576402586,2376,124
500,47.64688203556923,2331,169
600,54.971276042917324,2265,235
700,64.40523470502939,2221,279
800,74.56563175967733,2168,332
900,85.48641356470634,2121,379
1000,100.67730786291072,2063,437
1100,115.83014584130295,2019,481
1200,136.85713664680353,2000,500
1300,162.72753817424115,1984,516
1400,180.50526219359907,1964,536
1500,206.83094677974464,1935,565
1600,227.4349412324709,1902,598
1700,253.8038909328766,1868,632
1800,274.4758241849155,1846,654
1900,296.41822936820364,1827,673
2000,324.1615750500861,1805,695
2100,339.8258635882363,1792,708
2200,368.3971285579849,1759,741
2300,401.53820690333487,1737,763
2400,433.84538292090167,1727,773
2500,468.09159465152334,1689,811
2600,497.7030551908789,1670,830
2700,517.5326055851211,1649,851
2800,548.7873644197533,1621,879
2900,563.9450130460408,1624,876
3000,578.020873448199,1631,869
3100,589.5335963697208,1619,881
3200,617.4797767497114,1609,891
3300,653.7255413527897,1582,918
3400,693.9739210061801,1583,917
3500,739.6602077304967,1558,942
3600,799.804454603526,1546,954
3700,843.8641123774215,1510,990
3800,911.2416617723356,1516,984
3900,972.9810588870033,1495,1005
4000,1052.1087415803984,1466,1034
4100,1123.579726261897,1447,1053
4200,1197.6504274490264,1420,1080
4300,1252.2348437772002,1405,1095
4400,1303.8755273897086,1390,1110
4500,1346.9221579820423,1395,1105
4600,1391.139632434355,1391,1109
4700,1440.2836431631717,1364,1136
4800,1475.1208966324557,1342,1158
4900,1523.6519663560525,1327,1173
5000,1582.36830241057,1328,1172
5100,1648.7147237972606,1306,1194
5200,1712.9232092815764,1275,1225
5300,1799.2288733682722,1257,1243
5400,1871.9181604843452,1253,1247
5500,1950.5095085576147,1253,1247
5600,2029.1057823230506,1257,1243
5700,2091.151700261588,1242,1258
5800,2134.4781506569207,1236,1264
5900,2182.2647561078975,1218,1282
6000,2232.8863449389232,1195,1305
6100,2277.8116208532956,1189,1311
6200,2313.1107341703923,1196,1304
6300,2359.2647000122533,1169,1331
6400,2402.357209368306,1172,1328
6500,2450.4740120591855,1193,1307
6600,2511.6224481668232,1194,1306
6700,2614.6971135935155,1208,1292
6800,2731.8708782517556,1202,1298
6900,2846.9925415543476,1221,1279
7000,2955.6666219150347,1216,1284
7100,3061.6638404901682,1217,1283
7200,3192.5246531044745,1233,1267
7300,3320.509701875468,1236,1264
7400,3476.365647211402,1216,1284
7500,3614.221031361858,1192,1308
7600,3756.822138180165,1173,1327
7700,3910.1401046254823,1157,1343
7800,4046.2575322876646,1140,1360
7900,4147.329079637267,1137,1363
8000,4270.862535938565,1132,1368
8100,4389.195642353326,1125,1375
8200,4520.0008720054675,1114,1386
8300,4624.251662682469,1110,1390
8400,4749.348226370251,1096,1404
8500,4880.78802310756,1083,1417
8600,5010.519828118146,1081,1419
8700,5108.11033659979,1058,1442
8800,5189.480137244637,1039,1461
8900,5280.710037726236,1012,1488
9000,5384.7390728744895,999,1501
9100,5483.8754165417395,1002,1498
9200,5592.942451478599,984,1516
9300,5699.52488152778,991,1509
9400,5822.5172798811445,1019,1481
9500,5905.621338270297,1062,1438
9600,5985.204980131902,1076,1424
9700,6069.706404691277,1115,1385
9800,6163.97396036017,1139,1361
9900,6264.007991555119,1140,1360
10000,6366.823346248509,1142,1358
10100,6482.860046093931,1126,1374
10200,6548.132220036604,1119,1381
10300,6636.385482130444,1114,1386
10400,6742.297007725469,1109,1391
10500,6880.927311047366,1099,1401
10600,7012.676023654185,1092,1408
10700,7167.295659512994,1089,1411
10800,7314.860887029062,1090,1410
10900,7433.3624459368675,1086,1414
11000,7562.674554285547,1082,1418
11100,7704.765542920291,1062,1438
11200,7839.180938767347,1052,1448
11300,8001.493001376158,1029,1471
11400,8177.6253926074205,989,1511
11500,8336.786348297099,974,1526
11600,8536.247037740899,951,1549
11700,8739.977718145961,938,1562
11800,8969.120711755188,935,1565
11900,9198.360018459533,914,1586
12000,9455.285245421868,903,1597
12100,9706.0066968418,896,1604
12200,9993.667826382758,879,1621
12300,10275.27484312532,881,1619
12400,10552.850133824404,887,1613
12500,10834.903313567042,875,1625
12600,11156.706706859139,887,1613
12700,11449.62725505144,883,1617
12800,11745.184004518625,873,1627
12900,12063.180661900291,862,1638
13000,12367.651018195578,849,1651
13100,12655.638997634984,844,1656
13200,12894.184219318038,828,1672
13300,13086.149300511594,819,1681
13400,13318.44566050165,792,1708
13500,13507.92442065996,782,1718
13600,13788.818222120499,755,1745
13700,14023.600136936784,725,1775
13800,14258.05251749006,712,1788
13900,14518.798394121193,684,1816
14000,14741.259281949717,654,1846
14100,14955.405019042659,644,1856
14200,15164.3048514737,635,1865
14300,15370.688339335404,625,1875
14400,15578.104489219279,598,1902
14500,15841.831138042491,569,1931
14600,16103.575297059411,529,1971
14700,16374.450184543228,500,2000
14800,16624.05542943567,449,2051
14900,16809.11552222608,407,2093
15000,16995.64599084184,371,2129
15100,17169.89070844928,359,2141
15200,17398.78264246384,355,2145
15300,17622.61414229996,326,2174
15400,17878.53294952337,327,2173
15500,18106.330853203428,302,2198
15600,18380.797121443717,312,2188
15700,18622.786127959575,328,2172
15800,18948.223486836476,324,2176
15900,19223.15806679892,331,2169
16000,19534.618483846516,334,2166
16100,19855.911505655502,345,2155
16200,20215.061608495467,363,2137
16300,20536.660543093443,381,2119
16400,20845.94852507416,396,2104
16500,21259.303195431665,408,2092
16600,21657.596221951295,409,2091
16700,22090.665797571444,395,2105
16800,22494.258640220203,375,2125
16900,22951.40171296557,374,2126
17000,23390.55681878013,387,2113
17100,23771.97793179643,392,2108
17200,24148.120552322787,398,2102
17300,24549.015311466086,399,2101
17400,24990.906373113845,397,2103
17500,25452.89595600456,408,2092
17600,25933.45553098976,399,2101
17700,26440.707929521763,403,2097
17800,26913.909883364166,405,2095
17900,27401.182610177344,398,2102
18000,27926.947584496094,381,2119
18100,28418.63219645945,372,2128
18200,28921.61917893775,355,2145
18300,29445.072400594123,335,2165
18400,29919.841702079277,328,2172
18500,30321.873022930395,336,2164
18600,30872.349738185345,341,2159
18700,31439.534210123682,343,2157
18800,31965.02603179109,346,2154
18900,32559.549919150515,349,2151
19000,33135.54987706977,357,2143
19100,33726.21778887262,360,2140
19200,34248.21103626422,355,2145
19300,34816.96925279688,348,2152
19400,35389.439243756875,340,2160
19500,35941.910222105405,335,2165
19600,36536.92914601606,320,2180
19700,37250.233558852815,306,2194
19800,37888.25625217954,289,2211
19900,38512.37647312394,270,2230
20000,39139.03007530783,266,2234
20100,39758.6713493567,261,2239
20200,40368.712020053594,253,2247
20300,41014.54641309585,249,2251
20400,41674.494940986064,238,2262
20500,42335.22076435783,235,2265
20600,42931.82552481458,238,2262
20700,43570.25563957442,231,2269
20800,44177.7317433748,231,2269
20900,44760.68396805381,251,2249
21000,45316.71889114252,248,2252
21100,45848.307842554095,247,2253
21200,46508.419339666114,265,2235
21300,47247.24207706911,266,2234
21400,47854.078313370475,279,2221
21500,48533.20032067106,286,2214
21600,49260.31494911266,282,2218
21700,49978.26167806294,293,2207
21800,50814.51807152917,289,2211
21900,51669.84706862694,284,2216
22000,52579.037157924235,279,2221
22100,53441.286827296506,276,2224
22200,54305.15544686267,282,2218
22300,55219.94573757893,284,2216
22400,56171.22852284782,276,2224
22500,57029.74363455204,267,2233
22600,57955.60267816327,258,2242
22700,58953.46666296547,251,2249
22800,59950.85926883366,246,2254
22900,60965.295795848324,241,2259
23000,61908.574015820144,237,2263
23100,62894.02808021388,244,2256
23200,63904.23703517511,242,2258
23300,64992.367110354164,238,2262
23400,66091.31289743488,218,2282
23500,67126.49295679235,193,2307
23600,68154.30754546719,179,2321
23700,69152.63724737961,166,2334
23800,70080.76040520013,162,2338
23900,71078.83404866794,155,2345
24000,72044.10935340945,154,2346
24100,73029.58609945881,149,2351
24200,74017.73577193188,142,2358
24300,74949.0358751449,138,2362
24400,75986.39595372623,127,2373
24500,76995.32214550667,122,2378
24600,77974.30440138916,117,2383
24700,79005.94267998842,111,2389
24800,79916.99240411953,107,2393
24900,80762.75190974757,106,2394
25000,81645.49673440758,98,2402
25100,82494.49772180064,95,2405
25200,83492.73839374939,86,2414
25300,84585.93662764574,82,2418
25400,85678.7885340973,80,2420
25500,86872.8939180947,79,2421
25600,88181.21113363327,75,2425
25700,89408.31377712796,70,2430
25800,90775.91744821498,58,2442
25900,91991.1641633675,53,2447
26000,93217.41527742281,49,2451
26100,94532.96668555874,44,2456
26200,95815.68636546467,39,2461
26300,97246.86278400719,35,2465
26400,98497.11650702346,36,2464
26500,99873.52768198936,31,2469
26600,101136.01849836596,27,2473
26700,102480.64385050829,29,2471
26800,103716.89956175229,29,2471
26900,105093.52365870237,28,2472
27000,106375.26784557773,33,2467
27100,107681.74661507888,31,2469
27200,109076.73322471965,34,2466
27300,110474.15574614806,35,2465
27400,111888.3406452658,34,2466
27500,113095.95411178499,35,2465
27600,114264.0044459353,29,2471
27700,115523.63513275702,23,2477
27800,116823.68355496578,22,2478
27900,118084.64768756602,18,2482
28000,119366.76124270372,18,2482
28100,120633.76992250165,19,2481
28200,121877.10527884965,20,2480
28300,122921.27835748467,19,2481
28400,124073.5440119514,21,2479
28500,125194.08281277565,19,2481
28600,126408.16128771205,21,2479
28700,127786.83718427496,26,2474
28800,129152.80886043067,32,2468
28900,130523.81778232947,35,2465
29000,132092.94612871224,41,2459
29100,133681.25592346047,46,2454
29200,135334.09549845126,48,2452
29300,137003.02260567783,48,2452
29400,138708.25018622508,49,2451
29500,140461.842895126,46,2454
29600,142147.38028562273,44,2456
29700,143970.48821294602,45,2455
29800,145779.48051846924,45,2455
29900,147682.5267272845,45,2455
30000,149531.81707593208,44,2456
30100,151400.37526878668,44,2456
30200,153211.74680704216,39,2461
30300,155023.78596458543,37,2463
30400,156607.71772143015,31,2469
30500,158297.44199003812,25,2475
30600,159876.07452052005,21,2479
30700,161618.27781014013,18,2482
30800,163308.1460207829,18,2482
30900,164959.89940669594,14,2486
31000,166582.48294505707,10,2490
31100,168241.86141413765,9,2491
31200,169917.61431236914,5,2495
31300,171546.12438888196,5,2495
31400,173098.04602943631,5,2495
31500,174568.33691772228,5,2495
31600,175951.88000157918,5,2495
31700,177424.01191127318,6,2494
31800,179177.04141373045,5,2495
31900,180868.95736888045,5,2495
32000,182739.7737325748,5,2495
32100,184578.4584134386,5,2495
32200,186422.32547357448,5,2495
32300,188473.67971485385,5,2495
32400,190538.17725405976,6,2494
32500,192476.19239951763,5,2495
32600,194539.7487367803,5,2495
32700,196772.88406591097,5,2495
32800,198969.5316458113,5,2495
32900,201300.94528330292,5,2495
33000,203689.01705830658,5,2495
33100,206128.4530018324,5,2495
33200,208628.47048144718,5,2495
33300,211156.25100515012,5,2495
33400,213530.65530450558,5,2495
33500,215786.00293365173,5,2495
33600,218182.4328154823,5,2495
33700,220276.47120774328,5,2495
33800,222626.92901046792,5,2495
33900,224773.10169074754,5,2495
34000,226932.21394197093,5,2495
34100,229151.39661288157,5,2495
34200,231289.84185156497,5,2495
34300,233384.78168661002,5,2495
34400,235556.9548490905,5,2495
34500,237427.0604051504,5,2495
34600,239291.6743774036,5,2495
34700,240967.65880968532,5,2495
34800,242856.0201927631,5,2495
34900,244808.02601227793,5,2495
35000,246909.5915473453,5,2495
35100,248912.49759286278,5,2495
35200,251108.5230943864,5,2495
35300,253568.0467421136,5,2495
35400,255846.39510965123,5,2495
35500,258276.07785844294,5,2495
35600,260673.92556288218,5,2495
35700,263094.09974309657,5,2495
35800,265670.2631005773,5,2495
35900,268408.56285366754,5,2495
36000,271190.257420915,5,2495
36100,274113.1044683633,5,2495
36200,277083.25489850895,5,2495
36300,279902.28648521675,5,2495
36400,282814.6048395757,5,2495
36500,285720.0502289911,5,2495
36600,288601.44446043234,5,2495
36700,291372.34155570687,5,2495
36800,293982.9335054996,5,2495
36900,296669.08793018706,5,2495
37000,299377.72489208286,5,2495
37100,301975.85388028534,5,2495
37200,304651.4075837978,5,2495
37300,307254.0956836926,5,2495
37400,309788.56116847106,5,2495
37500,312391.81655188143,5,2495
37600,314881.5911296848,5,2495
37700,317122.67378584197,6,2494
37800,319465.42499058315,5,2495
37900,321801.5667855912,5,2495
38000,324230.6560169914,5,2495
38100,326556.94681911275,5,2495
38200,329049.98509601934,5,2495
38300,331560.45505931904,5,2495
38400,334218.22373679065,5,2495
38500,336978.6382593989,5,2495
38600,339790.36066639045,5,2495
38700,342656.6458349282,5,2495
38800,345623.00755380886,5,2495
38900,348598.2925009833,5,2495
39000,351748.0424484397,5,2495
39100,355008.7635122228,5,2495
39200,358390.3743571706,5,2495
39300,361741.36711803847,5,2495
39400,365000.25795351126,5,2495
39500,368406.0891109393,5,2495
39600,371711.84056502633,5,2495
39700,374966.3071323175,5,2495
39800,378227.8444576059,5,2495
39900,381467.285920974,5,2495
40000,384573.81305514567,5,2495
40100,387732.53805403423,5,2495
40200,390771.31495747087,5,2495
40300,393792.686068756,5,2495
40400,396889.29737242026,5,2495
40500,399840.23207219684,5,2495
40600,402881.6258971168,5,2495
40700,405877.393959507,5,2495
40800,408630.0747075761,5,2495
40900,411404.0422832848,5,2495
41000,414201.13175250305,5,2495
41100,416967.1318884683,5,2495
41200,419734.9749504432,5,2495
41300,422596.39250159496,5,2495
41400,425589.10392519424,5,2495
41500,428418.72948299744,5,2495
41600,431743.63856043847,5,2495
41700,435049.525269454,5,2495
41800,438286.0977966633,5,2495
41900,441570.85671929264,5,2495
42000,445058.0130126425,5,2495
42100,448611.7707557611,5,2495
42200,452248.34051182144,5,2495
42300,455925.71285331185,5,2495
42400,459719.27450043545,5,2495
42500,463514.93965001556,5,2495
42600,467313.1301699583,5,2495
42700,471170.2116182375,5,2495
42800,474825.5256224157,5,2495
42900,478673.44722463284,5,2495
43000,482324.7120180272,5,2495
43100,485879.5250860042,5,2495
43200,489507.2593534171,5,2495
43300,493018.9366511819,5,2495
43400,496585.1211619836,5,2495
43500,500102.3525080034,5,2495
43600,503460.82684074366,5,2495
43700,507077.969386655,5,2495
43800,510461.19877791614,5,2495
43900,513816.67078459245,5,2495
44000,517049.98065090866,5,2495
44100,520248.64605561725,5,2495
44200,523433.97655320825,5,2495
44300,526648.3163545748,5,2495
44400,529890.2222218403,5,2495
44500,533287.6948393991,5,2495
44600,536909.4012562387,7,2493
44700,540382.4952623599,6,2494
44800,544182.1823337899,5,2495
44900,547655.5447713324,5,2495
45000,551640.1878073406,5,2495
45100,555502.2238217648,5,2495
45200,559528.2922412993,5,2495
45300,563567.1221459423,5,2495
45400,567703.3331870327,5,2495
45500,571756.6880903996,5,2495
45600,575976.2743365346,5,2495
45700,580211.682692241,5,2495
45800,584472.6206255434,5,2495
45900,588666.8774638922,5,2495
46000,592749.5840278624,5,2495
46100,596869.5789895135,5,2495
46200,601047.2137351494,5,2495
46300,605055.4715130264,5,2495
46400,609106.5286105555,5,2495
46500,613131.591716579,5,2495
46600,617041.5553234471,5,2495
46700,620930.2211064267,5,2495
46800,624937.0481695657,5,2495
46900,628653.7234049435,5,2495
47000,632572.0081620775,5,2495
47100,636179.0533674307,5,2495
47200,639747.6062148941,5,2495
47300,643393.6686743775,5,2495
47400,647199.058316491,5,2495
47500,651156.0556561212,5,2495
47600,654944.7904515242,5,2495
47700,658855.6072277748,5,2495
47800,662844.8154505452,5,2495
47900,667052.7477690459,5,2495
48000,671097.2032680272,5,2495
48100,675341.2935289553,5,2495
48200,679804.9835540546,5,2495
48300,684259.3352786297,5,2495
48400,688664.5114617101,4,2496
48500,693204.4156013362,4,2496
48600,697792.7688267246,4,2496
48700,702345.434313889,4,2496
48800,706788.5356264553,4,2496
48900,711568.0322212384,4,2496
49000,716294.0391822901,4,2496
49100,720967.7815123798,4,2496
49200,725454.1642952105,4,2496
49300,730032.411845134,4,2496
49400,734356.9170328577,4,2496
49500,738944.7149494349,4,2496
49600,743403.877994397,4,2496
49700,747752.7318216945,4,2496
49800,752173.0941174856,4,2496
49900,756494.251535968,4,2496
50000,760663.2258413456,4,2496
