step,msd_global,n_round,n_elongated
0,0.0,2500,0
100,17.39683374981465,2500,0
200,19.307562281376047,2463,37
300,23.604973588825263,2440,60
400,25.530028771694575,2407,93
500,26.096116491481858,2373,127
600,37.25337343258558,2333,167
700,42.376381441454654,2294,206
800,46.966843881822115,2249,251
900,55.04987774657343,2195,305
1000,67.0684192280006,2155,345
1100,81.35470563928813,2116,384
1200,94.6222300493638,2084,416
1300,108.19096683909106,2051,449
1400,122.68364810214531,2007,493
1500,141.76130227928758,1965,535
1600,160.66177241780665,1949,551
1700,177.51910566087787,1924,576
1800,202.81681809560544,1892,608
1900,235.19541038691028,1865,635
2000,266.3644087255122,1838,662
2100,303.9869405143129,1800,700
2200,330.8179599625762,1780,720
2300,355.8176226958569,1758,742
2400,396.76091951730336,1750,750
2500,422.9727301934473,1718,782
2600,455.59212058574565,1690,810
2700,485.95039674374794,1686,814
2800,514.0402544034731,1658,842
2900,546.6968598965844,1660,840
3000,572.6361330096306,1685,815
3100,602.5584245495758,1701,799
3200,626.5624211202047,1712,788
3300,661.6099415223449,1695,805
3400,695.2592118394061,1673,827
3500,727.2138635696857,1651,849
3600,773.8088268702066,1647,853
3700,830.0312210746979,1625,875
3800,893.5141094617087,1613,887
3900,954.0958929755585,1600,900
4000,997.0319148300144,1592,908
4100,1024.430544264274,1576,924
4200,1056.87859595698,1570,930
4300,1097.9019694102615,1563,937
4400,1136.6188100648315,1556,944
4500,1190.8264733934286,1543,957
4600,1251.034185600178,1542,958
4700,1308.8369507728848,1545,955
4800,1363.0939702710928,1516,984
4900,1418.7604220618182,1511,989
5000,1471.4641151704548,1506,994
5100,1534.2356388002213,1493,1007
5200,1614.3001620870348,1490,1010
5300,1709.1988971662452,1480,1020
5400,1798.5815409988827,1480,1020
5500,1885.2057857011043,1453,1047
5600,1950.799262847728,1439,1061
5700,2013.177321291738,1420,1080
5800,2075.5605863091864,1394,1106
5900,2144.2485518297094,1368,1132
6000,2215.722745292185,1361,1139
6100,2297.9125044551724,1365,1135
6200,2384.2804495717514,1346,1154
6300,2467.9050386795684,1348,1152
6400,2540.6671130851955,1348,1152
6500,2601.020883867988,1346,1154
6600,2672.138209532888,1341,1159
6700,2725.5067147425434,1352,1148
6800,2807.046096145476,1343,1157
6900,2897.7754808920004,1325,1175
7000,2993.050301902972,1311,1189
7100,3078.2725923074595,1294,1206
7200,3155.245408096458,1298,1202
7300,3241.098980895607,1291,1209
7400,3329.877946722392,1277,1223
7500,3415.6453852683367,1277,1223
7600,3501.5763120835954,1271,1229
7700,3598.8485189029047,1270,1230
7800,3696.3050377779573,1272,1228
7900,3819.562513227522,1294,1206
8000,3941.184105568115,1294,1206
8100,4086.7653600752765,1270,1230
8200,4236.936199588008,1227,1273
8300,4411.297895058012,1224,1276
8400,4582.558506736221,1204,1296
8500,4731.4713302353,1171,1329
8600,4830.425997504707,1133,1367
8700,4902.527521831656,1125,1375
8800,5014.932237984237,1099,1401
8900,5130.290310988349,1071,1429
9000,5234.727020651981,1041,1459
9100,5370.737640897612,1031,1469
9200,5534.093482766142,1018,1482
9300,5709.018086988411,1033,1467
9400,5879.397122875024,1065,1435
9500,6032.253176389159,1085,1415
9600,6206.136480248618,1111,1389
9700,6400.677616475027,1130,1370
9800,6568.048444825503,1131,1369
9900,6731.50739351619,1127,1373
10000,6908.2374124107155,1116,1384
10100,7042.143270066352,1106,1394
10200,7231.242461166249,1102,1398
10300,7440.784127613625,1093,1407
10400,7643.913502711175,1067,1433
10500,7832.290698254854,1039,1461
10600,8048.050467741748,1013,1487
10700,8269.39999222648,1002,1498
10800,8502.645927620351,992,1508
10900,8695.941810785123,977,1523
11000,8935.195884385606,961,1539
11100,9178.21271055267,940,1560
11200,9433.263599816379,920,1580
11300,9739.371752692068,898,1602
11400,10020.062279045102,865,1635
11500,10313.516236937587,846,1654
11600,10626.493424776181,836,1664
11700,10967.047400495565,812,1688
11800,11338.078843388068,786,1714
11900,11770.316639376611,762,1738
12000,12127.381098315407,748,1752
12100,12434.723981779258,747,1753
12200,12725.876075651724,730,1770
12300,12969.355040435741,731,1769
12400,13222.987066295284,733,1767
12500,13445.989599831039,757,1743
12600,13712.793233037031,771,1729
12700,13938.341560301536,767,1733
12800,14159.386195244851,765,1735
12900,14359.146796168476,770,1730
13000,14576.690690004385,780,1720
13100,14818.735342919714,783,1717
13200,15034.169136174283,793,1707
13300,15285.422399695808,788,1712
13400,15485.231930554259,780,1720
13500,15793.697732540255,759,1741
13600,16062.187715407652,755,1745
13700,16333.137838560948,757,1743
13800,16555.664060509574,743,1757
13900,16847.65915048184,740,1760
14000,17176.589979805027,751,1749
14100,17566.35309464415,781,1719
14200,17971.206103388806,784,1716
14300,18394.820395457955,777,1723
14400,18864.74952550408,777,1723
14500,19343.672337885535,784,1716
14600,19841.183998517543,779,1721
14700,20317.300841003285,788,1712
14800,20767.4052386793,791,1709
14900,21202.83913137013,805,1695
15000,21601.539375799774,824,1676
15100,21974.524276915337,846,1654
15200,22368.793864171294,830,1670
15300,22760.858005443184,816,1684
15400,23192.73205748415,801,1699
15500,23595.168703970492,777,1723
15600,23950.66217270949,754,1746
15700,24240.384208980675,718,1782
15800,24525.385568731792,688,1812
15900,24775.433274886578,649,1851
16000,25031.1021231897,612,1888
16100,25218.79117301227,579,1921
16200,25543.81947821396,541,1959
16300,25827.04965799442,512,1988
16400,26304.615407678048,475,2025
16500,26752.48272114332,453,2047
16600,27207.979336922395,432,2068
16700,27651.872132707358,425,2075
16800,28142.897843945182,442,2058
16900,28668.76100727129,444,2056
17000,29244.98430085412,449,2051
17100,29857.671907428958,448,2052
17200,30478.530181224764,455,2045
17300,31131.636340362395,466,2034
17400,31712.152536982965,490,2010
17500,32299.38990549041,512,1988
17600,32916.931854757,525,1975
17700,33479.225101834214,538,1962
17800,34086.72035045261,547,1953
17900,34659.781321815266,547,1953
18000,35286.04188697879,546,1954
18100,35864.52706803368,534,1966
18200,36397.52564183918,532,1968
18300,36924.99947831639,534,1966
18400,37453.42471480203,548,1952
18500,37949.72067111444,556,1944
18600,38366.4860275876,573,1927
18700,38928.89913729317,583,1917
18800,39456.19858325776,584,1916
18900,40094.15507168849,597,1903
19000,40763.858276182444,589,1911
19100,41432.239735417425,578,1922
19200,42148.057436234965,557,1943
19300,42895.23911809816,516,1984
19400,43728.11273652569,488,2012
19500,44534.68357520506,487,2013
19600,45193.80401766143,477,2023
19700,45856.83107924282,471,2029
19800,46554.18114708458,450,2050
19900,47258.41312567216,443,2057
20000,47939.01290340664,428,2072
20100,48608.77894948373,424,2076
20200,49339.26776093607,430,2070
20300,50051.474541595046,443,2057
20400,50749.91123744435,432,2068
20500,51364.59515838171,428,2072
20600,52020.23508452044,411,2089
20700,52669.045684418335,391,2109
20800,53229.65363377376,398,2102
20900,53835.86049304199,407,2093
21000,54537.64663601667,406,2094
21100,55374.45593483186,396,2104
21200,56010.17738956754,404,2096
21300,56777.98246453266,409,2091
21400,57598.92300282329,414,2086
21500,58536.7453404701,424,2076
21600,59424.73402807231,428,2072
21700,60321.76804826763,426,2074
21800,61100.702448481454,411,2089
21900,61966.183163490845,405,2095
22000,62759.56322859907,403,2097
22100,63658.28552877061,412,2088
22200,64491.50684245534,415,2085
22300,65455.14160448345,416,2084
22400,66315.97937095679,419,2081
22500,67269.54733573383,414,2086
22600,68077.82534593281,412,2088
22700,68944.60609201668,407,2093
22800,69729.404772595,406,2094
22900,70517.32412286397,403,2097
23000,71302.39263879723,402,2098
23100,72114.939850297,398,2102
23200,72980.36832454748,396,2104
23300,73882.73763123977,394,2106
23400,74851.9777803679,397,2103
23500,75775.241347715,400,2100
23600,76865.26080229256,405,2095
23700,77983.79367579246,409,2091
23800,79100.22497793526,406,2094
23900,80128.01950598543,399,2101
24000,81186.86442820198,393,2107
24100,82177.12147719834,389,2111
24200,83214.82464076606,383,2117
24300,84276.05634064006,379,2121
24400,85353.00798144646,374,2126
24500,86473.58453895412,374,2126
24600,87503.09070405546,373,2127
24700,88647.79213528312,373,2127
24800,89821.95101701742,372,2128
24900,90863.51531926928,373,2127
25000,91869.99988799992,376,2124
25100,92894.20272869857,378,2122
25200,93967.129204115,382,2118
25300,95009.1783349991,380,2120
25400,96108.46521332173,379,2121
25500,97227.60159592664,378,2122
25600,98394.0811416428,382,2118
25700,99628.01746072617,377,2123
25800,100955.01950766599,370,2130
25900,102274.41013168317,372,2128
26000,103638.48612186077,370,2130
26100,104901.02434688686,370,2130
26200,106256.10293555429,372,2128
26300,107476.45576843596,373,2127
26400,108676.35896461902,373,2127
26500,109975.5141783307,372,2128
26600,111278.72193072949,370,2130
26700,112586.56538677907,370,2130
26800,113974.85908707132,370,2130
26900,115306.53399840894,371,2129
27000,116692.63880490107,371,2129
27100,117986.69679381898,371,2129
27200,119164.51503321342,371,2129
27300,120583.11879335642,372,2128
27400,121889.86653282675,371,2129
27500,123091.51158869606,371,2129
27600,124472.23542369697,371,2129
27700,125848.10740379649,372,2128
27800,127262.29218061824,372,2128
27900,128806.65666937981,372,2128
28000,130374.7876531609,372,2128
28100,131885.3219605301,372,2128
28200,133327.69102160764,372,2128
28300,134804.96973267902,372,2128
28400,136374.7910472358,373,2127
28500,137927.12351374465,372,2128
28600,139411.56590655187,372,2128
28700,141026.0857593367,372,2128
28800,142722.43298704547,372,2128
28900,144412.19931280776,373,2127
29000,145957.39776953368,373,2127
29100,147567.14574762026,373,2127
29200,149188.8223178233,373,2127
29300,150681.06060903092,373,2127
29400,152261.23177404556,374,2126
29500,153852.72974774658,374,2126
29600,155382.90691598158,374,2126
29700,156803.94075864772,374,2126
29800,158309.2009798914,374,2126
29900,159938.33389403572,374,2126
30000,161728.66109764582,374,2126
30100,163497.86081808485,374,2126
30200,165391.548713112,374,2126
30300,167121.9925743257,374,2126
30400,168723.48601481292,374,2126
30500,170574.33101817273,374,2126
30600,172313.01638313846,374,2126
30700,174139.87229714714,374,2126
30800,175973.4985783682,374,2126
30900,177894.78841892025,374,2126
31000,179834.3111688745,374,2126
31100,181754.8733572005,374,2126
31200,183607.12604160447,374,2126
31300,185536.60923060676,374,2126
31400,187385.1364967056,374,2126
31500,189200.57501892393,374,2126
31600,190995.83047183204,374,2126
31700,192853.4979030559,374,2126
31800,194483.29653711215,374,2126
31900,196322.83915001253,374,2126
32000,198123.9387626477,374,2126
32100,200252.52515932702,374,2126
32200,202231.3172279222,374,2126
32300,204421.8546267241,375,2125
32400,206378.87151770806,375,2125
32500,208337.48931319575,375,2125
32600,210404.48705832943,375,2125
32700,212460.40314851675,379,2121
32800,214425.68286053024,379,2121
32900,216553.56056303374,382,2118
33000,218698.44476616112,383,2117
33100,220750.0529236577,383,2117
33200,222852.58568682536,384,2116
33300,224986.21481995945,384,2116
33400,227144.42553122956,385,2115
33500,229327.81530735036,385,2115
33600,231486.25608048405,385,2115
33700,233375.6553704071,385,2115
33800,235659.95504988323,385,2115
33900,237632.37057356452,385,2115
34000,239786.4719962748,385,2115
34100,241597.6590866043,385,2115
34200,243883.77605534848,385,2115
34300,246171.50616520635,385,2115
34400,248574.59906059355,385,2115
34500,250780.3438513219,385,2115
34600,252935.6311956686,385,2115
34700,255211.11655479542,385,2115
34800,257613.54015835028,386,2114
34900,259994.03469217563,386,2114
35000,262205.02790394746,386,2114
35100,264532.006089888,385,2115
35200,266915.3682053246,383,2117
35300,269402.562588231,381,2119
35400,271850.70954250486,380,2120
35500,274079.6428405982,378,2122
35600,276597.4486390476,379,2121
35700,279080.4925437554,379,2121
35800,281210.9624859202,379,2121
35900,283595.6764522191,385,2115
36000,285809.8435780045,386,2114
36100,288022.98374531063,386,2114
36200,290146.9932589536,386,2114
36300,292623.69914632494,388,2112
36400,294978.83549214614,390,2110
36500,297467.1937247424,391,2109
36600,300072.95489083853,394,2106
36700,302448.7359986262,396,2104
36800,304891.1986342675,396,2104
36900,307549.25389769307,396,2104
37000,310049.5554876386,396,2104
37100,312715.48089942505,397,2103
37200,315355.84894986526,400,2100
37300,317978.12052899855,400,2100
37400,320808.73600141046,400,2100
37500,323352.10069141834,401,2099
37600,326059.0258830142,401,2099
37700,328707.0008195473,402,2098
37800,331282.0640882659,403,2097
37900,333922.22621693375,403,2097
38000,336485.8258084949,403,2097
38100,338986.4056317325,408,2092
38200,341415.99253537424,403,2097
38300,343724.4086381541,403,2097
38400,346387.94836753607,403,2097
38500,349099.6547610049,403,2097
38600,351756.73744089616,403,2097
38700,354600.8147853283,404,2096
38800,357392.31124781066,404,2096
38900,359928.8309782389,404,2096
39000,362514.0217170907,404,2096
39100,365318.4725537904,404,2096
39200,368154.2848094818,404,2096
39300,371188.6767126652,403,2097
39400,374179.67828416766,400,2100
39500,377127.7410971947,396,2104
39600,380023.5318920677,391,2109
39700,382997.40079357766,388,2112
39800,385903.2903616785,384,2116
39900,388803.3959470854,382,2118
40000,391692.54228591576,379,2121
40100,394273.53558247106,379,2121
40200,397244.4469078265,379,2121
40300,399917.0139687546,379,2121
40400,402537.88661627617,379,2121
40500,405450.37315654237,379,2121
40600,408148.70441575744,380,2120
40700,410997.93213438004,379,2121
40800,414007.9856570589,379,2121
40900,416844.9489251126,379,2121
41000,419925.3733930179,379,2121
41100,422734.95254612586,380,2120
41200,425871.67086450395,381,2119
41300,428963.03335046413,381,2119
41400,432115.1224365445,381,2119
41500,435232.2327465923,381,2119
41600,438700.4435116413,383,2117
41700,441764.7840621739,383,2117
41800,445055.4278591904,382,2118
41900,448281.05802416935,382,2118
42000,451479.40914548596,380,2120
42100,454420.16283377045,380,2120
42200,457461.05848245276,378,2122
42300,460562.478986586,375,2125
42400,463333.04609546653,375,2125
42500,466163.52026822197,375,2125
42600,469174.18376702926,375,2125
42700,472166.3955673393,375,2125
42800,475208.1703289815,375,2125
42900,478475.1959592042,375,2125
43000,481662.9751547015,377,2123
43100,484727.7841314493,375,2125
43200,487997.9213672643,375,2125
43300,491288.5120295704,375,2125
43400,494611.21474868146,375,2125
43500,498084.03044551937,375,2125
43600,501600.8306367491,375,2125
43700,505309.4375997601,375,2125
43800,508541.6058634901,375,2125
43900,511855.7457537591,375,2125
44000,515443.38212172146,375,2125
44100,519082.07685856725,376,2124
44200,522480.546169072,377,2123
44300,525515.6438110846,375,2125
44400,528927.0786178816,375,2125
44500,532148.0935167983,375,2125
44600,535309.3836741844,375,2125
44700,538543.7273097474,375,2125
44800,541539.1556916388,375,2125
44900,544722.2549056996,375,2125
45000,548227.8288297787,375,2125
45100,551633.5348030685,375,2125
45200,555135.9389177047,377,2123
45300,558669.6654111929,379,2121
45400,561936.3679592939,377,2123
45500,565550.9379868269,375,2125
45600,569382.7159384325,375,2125
45700,573216.578726418,378,2122
45800,577208.5491972006,376,2124
45900,580924.746905744,375,2125
46000,584336.1369396959,375,2125
46100,588110.6381183563,375,2125
46200,592050.260236738,375,2125
46300,595525.1539289881,375,2125
46400,599147.7002994895,375,2125
46500,602727.8239018102,375,2125
46600,606278.3505179494,375,2125
46700,609693.4596337277,375,2125
46800,613085.7003538226,375,2125
46900,616245.4016825386,375,2125
47000,619658.4329353315,375,2125
47100,623442.3231663485,375,2125
47200,627165.3643499351,375,2125
47300,630940.3065599056,375,2125
47400,634659.5497966312,375,2125
47500,638414.0451053714,375,2125
47600,642257.2776979094,375,2125
47700,646384.2873172404,375,2125
47800,650419.0259753717,375,2125
47900,654413.8171177416,375,2125
48000,658459.7758939903,375,2125
48100,662334.2440868323,375,2125
48200,666275.9723660343,375,2125
48300,670457.1059749605,375,2125
48400,674348.466013254,378,2122
48500,678213.8834630364,378,2122
48600,682244.6030533173,378,2122
48700,686001.8167071678,378,2122
48800,689531.3276082325,378,2122
48900,692977.9759936209,378,2122
49000,696706.4833750277,378,2122
49100,700530.6938675033,378,2122
49200,704240.3470053608,380,2120
49300,708390.2607972048,380,2120
49400,712233.3848797665,382,2118
49500,716256.9857299778,382,2118
49600,720355.1957290379,382,2118
49700,724635.6026716612,382,2118
49800,728961.912752631,382,2118
49900,733241.7969000399,382,2118
50000,737811.1522777948,382,2118
