step,msd_global,n_round,n_elongated
0,0.0,2500,0
100,19.05610878152821,2500,0
200,24.855100308414524,2478,22
300,27.653909892791255,2456,44
400,34.33969733897834,2433,67
500,38.38336997379027,2402,98
600,46.78552562978113,2374,126
700,51.97375695190336,2333,167
800,60.30456571070657,2288,212
900,65.88015188845587,2250,250
1000,75.79267598784988,2207,293
1100,89.13532335639697,2160,340
1200,108.37894609444032,2114,386
1300,122.62683041237483,2056,444
1400,139.14529199536548,2010,490
1500,156.4233075293045,1959,541
1600,170.36134202558853,1938,562
1700,199.28213721258737,1906,594
1800,220.73172450381574,1884,616
1900,251.3335144145198,1851,649
2000,280.9567881174615,1854,646
2100,308.5728203634384,1839,661
2200,340.0459405422896,1835,665
2300,358.63368039511954,1841,659
2400,384.76900089909884,1840,660
2500,403.7195239748615,1818,682
2600,416.20881426818136,1806,694
2700,439.1402653488958,1789,711
2800,473.70277462132543,1772,728
2900,507.09779635640393,1745,755
3000,542.6162344836782,1711,789
3100,577.5734993582271,1694,806
3200,608.3796866725725,1670,830
3300,633.9192056310334,1647,853
3400,667.7806443736902,1618,882
3500,717.6352131826438,1607,893
3600,760.4241907711461,1611,889
3700,806.9715379093209,1640,860
3800,860.6424101025775,1632,868
3900,920.1438926334048,1634,866
4000,972.2935642910425,1633,867
4100,1018.2027196078692,1631,869
4200,1045.1874302627548,1639,861
4300,1056.3245779459148,1646,854
4400,1066.2485949991078,1644,856
4500,1078.5311423286248,1664,836
4600,1091.1857576029204,1646,854
4700,1107.845460528191,1652,848
4800,1138.538471382019,1671,829
4900,1159.5616930204792,1659,841
5000,1181.6666641609406,1663,837
5100,1209.4528836552433,1641,859
5200,1242.8964116986886,1618,882
5300,1289.3103235048607,1605,895
5400,1360.446884880289,1585,915
5500,1446.964636603857,1547,953
5600,1533.9843094036128,1515,985
5700,1624.3031787659465,1480,1020
5800,1733.7249496551767,1455,1045
5900,1831.9029049952426,1438,1062
6000,1928.9251386015198,1411,1089
6100,2009.8164300855026,1379,1121
6200,2115.509853048043,1335,1165
6300,2213.453107600127,1309,1191
6400,2320.4691026781106,1272,1228
6500,2405.601894812475,1273,1227
6600,2449.766113004465,1242,1258
6700,2545.6466405194237,1231,1269
6800,2597.778432894188,1209,1291
6900,2672.5486967287593,1182,1318
7000,2766.8495272677674,1165,1335
7100,2859.2221125769893,1140,1360
7200,2991.2757142933574,1136,1364
7300,3101.2531592786995,1132,1368
7400,3229.831028725373,1127,1373
7500,3379.3152989846594,1117,1383
7600,3528.6493706186056,1134,1366
7700,3679.949555826749,1145,1355
7800,3844.3124525674984,1120,1380
7900,4008.381100032175,1112,1388
8000,4151.635354252927,1104,1396
8100,4312.746927854879,1103,1397
8200,4477.916296478884,1097,1403
8300,4660.027367839489,1091,1409
8400,4858.52580397193,1087,1413
8500,5030.225381502651,1079,1421
8600,5198.748131934797,1081,1419
8700,5341.8599040826675,1074,1426
8800,5492.248522804933,1072,1428
8900,5620.516760776579,1040,1460
9000,5746.472019935703,1036,1464
9100,5853.597135311767,1020,1480
9200,5946.5066930873945,1011,1489
9300,6031.470134478814,1017,1483
9400,6103.746919353648,1019,1481
9500,6198.274482880901,999,1501
9600,6327.845063348342,987,1513
9700,6400.0987567902885,991,1509
9800,6484.56896784116,990,1510
9900,6518.713746813182,989,1511
10000,6519.672825542235,975,1525
10100,6579.169568371421,970,1530
10200,6624.166351592109,981,1519
10300,6670.492740002493,969,1531
10400,6679.683986308552,999,1501
10500,6686.063828216217,1001,1499
10600,6660.608874119282,990,1510
10700,6650.899065387896,984,1516
10800,6640.693282475653,985,1515
10900,6621.606714649554,975,1525
11000,6604.901004385992,967,1533
11100,6593.418882039556,968,1532
11200,6642.841922982759,954,1546
11300,6683.680097377293,937,1563
11400,6717.7558034592275,919,1581
11500,6759.004196173448,921,1579
11600,6806.444119538906,896,1604
11700,6851.756550952244,902,1598
11800,6925.7596103638125,890,1610
11900,7009.215364449367,880,1620
12000,7078.5840155080095,857,1643
12100,7152.835446961901,832,1668
12200,7250.727170955443,824,1676
12300,7339.508535759089,814,1686
12400,7449.376706614348,790,1710
12500,7577.833497503915,767,1733
12600,7704.676469207209,754,1746
12700,7840.276940671216,731,1769
12800,7937.3188824920835,703,1797
12900,8047.851906303713,669,1831
13000,8206.356394687024,645,1855
13100,8427.306467116443,621,1879
13200,8602.210353503382,579,1921
13300,8764.854253645068,553,1947
13400,8894.675068676841,551,1949
13500,9103.480493346808,539,1961
13600,9295.48421690729,530,1970
13700,9475.672960191294,522,1978
13800,9706.596248700145,518,1982
13900,9945.897337101993,493,2007
14000,10208.723982372407,464,2036
14100,10470.356257447915,453,2047
14200,10735.01351298185,446,2054
14300,11036.40500774073,416,2084
14400,11386.00185109681,402,2098
14500,11696.235841681537,403,2097
14600,12040.71103023835,394,2106
14700,12378.126530602134,391,2109
14800,12723.797657093093,386,2114
14900,13093.419502904027,380,2120
15000,13476.787420624554,385,2115
15100,13845.48237253938,390,2110
15200,14259.567008314967,388,2112
15300,14679.122398975778,382,2118
15400,15041.922295767477,373,2127
15500,15449.390127700322,361,2139
15600,15792.67135900707,353,2147
15700,16136.97098740288,333,2167
15800,16538.894341871226,342,2158
15900,16941.97225120463,326,2174
16000,17379.173388473042,323,2177
16100,17797.78434885703,311,2189
16200,18200.420339737015,309,2191
16300,18618.308368250357,291,2209
16400,19086.057106024844,276,2224
16500,19548.106430222695,273,2227
16600,20039.60311777721,253,2247
16700,20588.38585619811,253,2247
16800,21159.9172076527,245,2255
16900,21752.24493590094,243,2257
17000,22322.69351691102,232,2268
17100,22866.477771553302,223,2277
17200,23436.116756813346,214,2286
17300,24017.56435236191,191,2309
17400,24714.156921494105,171,2329
17500,25308.093584870567,162,2338
17600,25903.46617234411,169,2331
17700,26533.32616445454,169,2331
17800,27174.104840877088,182,2318
17900,27794.157760830127,192,2308
18000,28367.7307028893,207,2293
18100,28998.68040965241,203,2297
18200,29617.55861841606,200,2300
18300,30233.283358524197,203,2297
18400,30904.39494531921,193,2307
18500,31601.62568147629,191,2309
18600,32278.253540894253,200,2300
18700,32964.370777977536,202,2298
18800,33688.97985256567,199,2301
18900,34446.984612944114,196,2304
19000,35274.6974123647,187,2313
19100,36135.710608911104,174,2326
19200,36953.88194107001,155,2345
19300,37765.656779157915,141,2359
19400,38665.21190468735,130,2370
19500,39673.568348543355,134,2366
19600,40503.25759580487,126,2374
19700,41403.59507464785,135,2365
19800,42344.24517973015,133,2367
19900,43248.44380601303,121,2379
20000,44171.73771367357,110,2390
20100,45117.30104842621,95,2405
20200,46013.64700539366,84,2416
20300,46867.57572976407,73,2427
20400,47825.65831905273,61,2439
20500,48777.74026277639,50,2450
20600,49748.914630443105,47,2453
20700,50720.427128576135,44,2456
20800,51755.189001381725,44,2456
20900,52794.94068113709,36,2464
21000,53792.63235763115,29,2471
21100,54724.11849833644,26,2474
21200,55788.30567690175,24,2476
21300,56937.843513103464,20,2480
21400,58021.771773310276,17,2483
21500,59197.82454896102,17,2483
21600,60395.76767444439,16,2484
21700,61574.16173911901,16,2484
21800,62806.875902732565,16,2484
21900,63986.758863483694,18,2482
22000,65194.30755317124,28,2472
22100,66423.5112817138,34,2466
22200,67662.68014602613,33,2467
22300,68869.81919509356,25,2475
22400,70058.14135176873,25,2475
22500,71388.34226639176,22,2478
22600,72732.80203171325,17,2483
22700,74014.38691590843,20,2480
22800,75352.4751790272,19,2481
22900,76675.32380910465,18,2482
23000,77964.61309471696,18,2482
23100,79272.58422915664,21,2479
23200,80628.65880246634,20,2480
23300,81986.03102061572,20,2480
23400,83361.34532149625,18,2482
23500,84764.954628216,21,2479
23600,86173.03735231246,23,2477
23700,87610.55713366871,22,2478
23800,89049.63961783463,22,2478
23900,90559.05557174027,24,2476
24000,92079.79522817547,23,2477
24100,93545.43126191433,24,2476
24200,95069.0052415493,27,2473
24300,96627.60015846991,24,2476
24400,98130.70877150972,24,2476
24500,99737.60151937437,26,2474
24600,101343.38909120281,26,2474
24700,102883.49639584278,27,2473
24800,104495.53995326,27,2473
24900,106131.78608855621,24,2476
25000,107832.22228755179,24,2476
25100,109421.22381607332,24,2476
25200,110978.9273405127,23,2477
25300,112550.5428114479,22,2478
25400,114155.43455371376,22,2478
25500,115767.92304183659,22,2478
25600,117377.15098585468,24,2476
25700,119018.50003619885,26,2474
25800,120844.63071367193,25,2475
25900,122549.20594749405,26,2474
26000,124361.92092862363,26,2474
26100,126179.89020339155,26,2474
26200,127915.192373538,28,2472
26300,129741.12593116269,26,2474
26400,131637.64590679784,26,2474
26500,133504.90434544577,27,2473
26600,135337.22965717863,29,2471
26700,137202.83669832547,31,2469
26800,139221.65635840944,34,2466
26900,141023.14609162975,35,2465
27000,142763.9494653164,38,2462
27100,144661.77030934123,48,2452
27200,146622.65737296402,61,2439
27300,148465.17072119785,69,2431
27400,150357.73674644894,67,2433
27500,152286.00228598237,71,2429
27600,154086.5744317487,72,2428
27700,155980.26888911842,73,2427
27800,157909.5282868889,79,2421
27900,159779.24244273867,84,2416
28000,161658.43754121062,89,2411
28100,163635.2086506617,94,2406
28200,165601.01891614244,98,2402
28300,167578.49726540397,101,2399
28400,169631.82259128173,103,2397
28500,171745.97606649803,106,2394
28600,173835.6835607405,111,2389
28700,175721.75078499442,115,2385
28800,177744.3814374781,114,2386
28900,179899.89152156495,114,2386
29000,181962.12950390187,109,2391
29100,184075.75023677663,102,2398
29200,186069.94084375957,100,2400
29300,188119.03207297402,93,2407
29400,190172.8136896489,91,2409
29500,192254.52428507595,90,2410
29600,194325.63596853122,88,2412
29700,196165.52586394106,88,2412
29800,198093.8564929307,93,2407
29900,200095.9741508541,96,2404
30000,202105.0259750832,102,2398
30100,204198.56996714068,109,2391
30200,206312.64388941712,109,2391
30300,208465.10621457826,106,2394
30400,210566.45666021298,109,2391
30500,212651.3593860964,114,2386
30600,214916.83731016493,118,2382
30700,217087.75979704503,122,2378
30800,219149.23607898978,122,2378
30900,221370.33154504758,129,2371
31000,223683.65796640233,134,2366
31100,226072.72837575292,137,2363
31200,228426.39738356863,139,2361
31300,230907.10660145959,136,2364
31400,233100.83102095203,135,2365
31500,235530.77246974612,141,2359
31600,238063.25868388702,141,2359
31700,240314.96577322646,142,2358
31800,242574.5967224636,143,2357
31900,244841.37814989986,143,2357
32000,246996.7217271555,143,2357
32100,249213.38055458278,142,2358
32200,251500.42750071597,142,2358
32300,253897.5504302059,142,2358
32400,256128.35020688915,140,2360
32500,258415.05929117365,131,2369
32600,260634.76391794835,119,2381
32700,263074.35513410484,112,2388
32800,265391.90041051083,107,2393
32900,267812.5383894452,99,2401
33000,270338.8176575391,90,2410
33100,272895.89864654635,85,2415
33200,275451.7477752958,82,2418
33300,277932.7068325217,81,2419
33400,280596.43816698674,77,2423
33500,283235.7117011788,76,2424
33600,286059.4512229726,76,2424
33700,288586.9147604452,76,2424
33800,291073.91847775166,73,2427
33900,293588.60092941095,67,2433
34000,296089.62893920054,64,2436
34100,298581.4495724296,67,2433
34200,301020.3323703655,70,2430
34300,303538.0978826998,75,2425
34400,306267.0931047537,72,2428
34500,308563.27331550524,69,2431
34600,311186.0129937631,69,2431
34700,313766.73473817616,71,2429
34800,316267.9084159894,77,2423
34900,318860.7727136909,91,2409
35000,321449.3410554801,94,2406
35100,324137.5969358,103,2397
35200,326844.7629301608,109,2391
35300,329536.48991601897,108,2392
35400,332276.1992837078,100,2400
35500,334944.24649300904,99,2401
35600,337855.42346656654,95,2405
35700,340663.3519215254,95,2405
35800,343382.48503025493,96,2404
35900,346383.2317839712,90,2410
36000,349034.30333512765,93,2407
36100,351665.83385792735,96,2404
36200,354394.37221908895,93,2407
36300,356982.26432081364,94,2406
36400,359898.73887516727,95,2405
36500,362677.9042625743,94,2406
36600,365414.29718510475,92,2408
36700,368166.62958541774,94,2406
36800,371004.7519981354,89,2411
36900,373792.12524561863,87,2413
37000,376694.4899409209,82,2418
37100,379430.4226835279,75,2425
37200,382183.22845646105,69,2431
37300,385065.5568772078,62,2438
37400,387905.3802862422,57,2443
37500,390937.11792230065,55,2445
37600,393951.03362452175,51,2449
37700,396965.48750139034,47,2453
37800,400117.1946283455,45,2455
37900,403170.47225181275,48,2452
38000,406375.6601011475,49,2451
38100,409368.06968156336,49,2451
38200,412060.798571366,50,2450
38300,414902.0641739945,42,2458
38400,418043.8779413583,30,2470
38500,421009.46138566633,27,2473
38600,424099.30317025835,26,2474
38700,427326.5813642786,28,2472
38800,430404.97623340663,26,2474
38900,433462.96933266375,22,2478
39000,436773.98034894135,18,2482
39100,439864.91490742075,18,2482
39200,443103.9519380836,16,2484
39300,446577.1489592826,17,2483
39400,449803.5909300169,25,2475
39500,452868.65789178066,22,2478
39600,456113.0217848735,20,2480
39700,459338.0335456012,17,2483
39800,462643.0785989424,16,2484
39900,465920.888009652,15,2485
40000,469295.9503257411,16,2484
40100,472638.74232251814,16,2484
40200,476041.5171427473,19,2481
40300,479454.4916988077,17,2483
40400,482601.693661903,17,2483
40500,485887.19052552164,16,2484
40600,489285.2572379323,16,2484
40700,492736.36238610523,16,2484
40800,496211.55327711656,17,2483
40900,499710.0885222695,16,2484
41000,503234.982746903,16,2484
41100,506685.31889592076,16,2484
41200,510039.002184148,16,2484
41300,513907.1280224915,16,2484
41400,517532.7724909213,16,2484
41500,521392.55121530057,16,2484
41600,524983.8563811238,17,2483
41700,528471.9620934853,16,2484
41800,532111.7333009043,16,2484
41900,535579.4416814077,16,2484
42000,539466.327930844,16,2484
42100,543125.3502335495,16,2484
42200,546592.3058121912,16,2484
42300,550475.4290511318,16,2484
42400,554273.9010109609,16,2484
42500,557918.4021000606,16,2484
42600,561327.4627598653,16,2484
42700,564944.4740028864,16,2484
42800,568766.9413317379,19,2481
42900,572533.3054020972,19,2481
43000,576268.2362283467,19,2481
43100,580130.7402300186,19,2481
43200,583768.8497988397,19,2481
43300,587629.471736969,21,2479
43400,591454.3717557811,19,2481
43500,595697.5690503246,19,2481
43600,599836.5420510274,17,2483
43700,603780.9140837007,14,2486
43800,607672.6432884235,16,2484
43900,611550.01227844,16,2484
44000,615470.7510127954,13,2487
44100,619684.407523924,13,2487
44200,623508.1990548802,13,2487
44300,627669.1112529297,13,2487
44400,631695.753829015,13,2487
44500,635679.9842278195,15,2485
44600,639538.8018654742,15,2485
44700,643531.47425793,15,2485
44800,647515.5750228399,16,2484
44900,651576.3203614975,16,2484
45000,655503.4002127935,17,2483
45100,659593.8999303479,15,2485
45200,663853.9259610964,15,2485
45300,667925.9036915965,15,2485
45400,671983.4567103863,15,2485
45500,676288.4557616864,15,2485
45600,680741.2798760406,15,2485
45700,685023.8092464977,15,2485
45800,689424.4967156968,17,2483
45900,693794.1894710208,15,2485
46000,698036.2736205735,15,2485
46100,702457.1190758549,15,2485
46200,706752.2034355166,15,2485
46300,711137.211343546,16,2484
46400,715395.4459376031,17,2483
46500,719827.9363615094,15,2485
46600,723997.7505888626,15,2485
46700,728184.2555213431,15,2485
46800,732562.8184943458,15,2485
46900,736830.4551636779,15,2485
47000,741167.6841168087,15,2485
47100,745434.0163702188,15,2485
47200,749818.4851959081,15,2485
47300,754246.94071625,15,2485
47400,758651.0213344785,15,2485
47500,763065.2263896969,15,2485
47600,767746.8865009982,15,2485
47700,772452.8476940038,15,2485
47800,776991.0426380548,16,2484
47900,781737.0310988866,16,2484
48000,786339.5545097332,16,2484
48100,791113.5808826037,16,2484
48200,795676.6999143822,19,2481
48300,800200.8411536347,20,2480
48400,804900.8108494971,21,2479
48500,809708.0313916726,24,2476
48600,814153.8902067555,25,2475
48700,818876.5401552515,25,2475
48800,823464.1529302421,27,2473
48900,828278.5849019993,28,2472
49000,832883.5995397182,28,2472
49100,837339.8848793113,29,2471
49200,842138.486934424,30,2470
49300,846793.8082111675,30,2470
49400,851462.8727502271,31,2469
49500,855977.9379264418,31,2469
49600,860968.2022562335,34,2466
49700,865774.3228331828,36,2464
49800,870582.7428297525,36,2464
49900,875600.6339887375,38,2462
50000,880535.2622370155,39,2461
