step,msd_global,n_round,n_elongated
0,0.0,2500,0
100,22.463909869394588,2500,0
200,27.69787058557302,2470,30
300,33.693606344227504,2450,50
400,36.39353029269972,2424,76
500,39.135493941492456,2381,119
600,44.092132161888735,2333,167
700,44.31808564963245,2286,214
800,53.43594505513834,2228,272
900,66.33587891625851,2176,324
1000,84.46651770910945,2135,365
1100,98.99979274633907,2092,408
1200,116.58513097193986,2046,454
1300,139.32505043013663,1998,502
1400,158.52281901632603,1960,540
1500,178.70680728465285,1939,561
1600,197.6461073073813,1919,581
1700,215.90040345741352,1889,611
1800,235.5886965181028,1893,607
1900,251.28297309375074,1876,624
2000,268.7795940100449,1860,640
2100,295.6866100311698,1844,656
2200,324.6590848349644,1825,675
2300,358.8210458158457,1815,685
2400,391.272693368025,1789,711
2500,425.70743452456526,1763,737
2600,462.2672194670549,1728,772
2700,499.51118113715427,1717,783
2800,539.6632437993572,1720,780
2900,578.4380090713464,1722,778
3000,617.0282295260702,1720,780
3100,651.7642624640986,1718,782
3200,694.0027872019582,1716,784
3300,733.3685500497461,1724,776
3400,774.3295084381284,1720,780
3500,818.9484966906806,1712,788
3600,875.0768181564193,1719,781
3700,901.473163596175,1738,762
3800,918.7533979495628,1739,761
3900,923.0766977994824,1732,768
4000,940.508624514552,1708,792
4100,959.2839379900582,1711,789
4200,1001.667049562075,1720,780
4300,1045.7201366363854,1730,770
4400,1068.0510932332404,1735,765
4500,1102.575383430672,1730,770
4600,1120.394946674283,1740,760
4700,1137.6766896421607,1734,766
4800,1171.982850042158,1728,772
4900,1201.8770536179852,1708,792
5000,1243.338292611137,1697,803
5100,1277.795979985253,1688,812
5200,1321.656887847233,1684,816
5300,1359.6323398851662,1660,840
5400,1393.0031606174277,1646,854
5500,1444.4828547574732,1639,861
5600,1471.9532331041928,1619,881
5700,1492.5904678539514,1602,898
5800,1541.5014242362236,1600,900
5900,1596.353753812078,1590,910
6000,1637.9936934763864,1582,918
6100,1699.1438848310213,1593,907
6200,1758.2095057200163,1588,912
6300,1824.8161454359483,1603,897
6400,1884.5190013761364,1589,911
6500,1936.9124586362525,1596,904
6600,1978.7118063327066,1587,913
6700,2012.8136822236943,1587,913
6800,2055.8530436220653,1579,921
6900,2066.28491391739,1558,942
7000,2077.7251604779763,1562,938
7100,2114.9114938990087,1542,958
7200,2112.390553452156,1533,967
7300,2117.0113778258983,1525,975
7400,2145.8692047043687,1506,994
7500,2199.4919157295676,1499,1001
7600,2240.8099076890835,1487,1013
7700,2280.134122728168,1463,1037
7800,2326.7466786457608,1447,1053
7900,2375.89271149702,1428,1072
8000,2434.1830983002505,1413,1087
8100,2502.741115949932,1391,1109
8200,2558.430786844632,1371,1129
8300,2599.9882283475145,1352,1148
8400,2683.8077285639674,1337,1163
8500,2731.803251283296,1327,1173
8600,2791.78690401985,1312,1188
8700,2843.612496313107,1308,1192
8800,2879.3072775004944,1309,1191
8900,2920.6579574328825,1296,1204
9000,2973.4607911449184,1300,1200
9100,3017.694261416711,1295,1205
9200,3086.9842239044915,1278,1222
9300,3160.3341006972664,1260,1240
9400,3230.078368242147,1253,1247
9500,3310.7538350885084,1239,1261
9600,3418.244802746684,1214,1286
9700,3535.3391067852185,1208,1292
9800,3651.0748433098747,1194,1306
9900,3770.510662026427,1209,1291
10000,3898.4756529964484,1219,1281
10100,3990.430239551829,1216,1284
10200,4085.1192379526915,1208,1292
10300,4205.962306133762,1187,1313
10400,4335.671511268493,1170,1330
10500,4465.151078029937,1151,1349
10600,4605.291949910555,1118,1382
10700,4715.006605330441,1093,1407
10800,4845.6152338291895,1075,1425
10900,4983.7675405931805,1055,1445
11000,5074.838246121832,1014,1486
11100,5160.2940030933605,992,1508
11200,5285.435853136724,956,1544
11300,5412.5620985157875,930,1570
11400,5547.218355407431,878,1622
11500,5715.163995786077,850,1650
11600,5901.271310192559,795,1705
11700,6100.419102717361,737,1763
11800,6288.580379542573,690,1810
11900,6518.7755464144075,654,1846
12000,6749.425784789136,646,1854
12100,7011.1370570087165,645,1855
12200,7268.111842352887,666,1834
12300,7509.888131759408,653,1847
12400,7769.396907545951,644,1856
12500,8040.604955396232,624,1876
12600,8290.488810372177,605,1895
12700,8548.632373897988,595,1905
12800,8789.901479261931,588,1912
12900,9024.261353088119,582,1918
13000,9224.63809863358,599,1901
13100,9431.701576645119,610,1890
13200,9616.75273340594,637,1863
13300,9834.069787092461,654,1846
13400,10091.8538856105,679,1821
13500,10377.689247448388,694,1806
13600,10658.655306698121,703,1797
13700,10979.96343211681,713,1787
13800,11297.04499050526,724,1776
13900,11619.833910307056,708,1792
14000,11964.592756741149,694,1806
14100,12263.622161727062,669,1831
14200,12594.777031113377,654,1846
14300,12904.897411136513,658,1842
14400,13206.043980040517,651,1849
14500,13528.011065212659,681,1819
14600,13876.538418626673,706,1794
14700,14206.702674066775,741,1759
14800,14529.946739476663,761,1739
14900,14920.576836455422,794,1706
15000,15280.009908696276,805,1695
15100,15588.353149982047,811,1689
15200,15916.51396099689,836,1664
15300,16201.52542082423,865,1635
15400,16593.86449990342,890,1610
15500,16851.182268339784,923,1577
15600,17125.242823193163,948,1552
15700,17357.956591846923,941,1559
15800,17597.75309297387,960,1540
15900,17787.010439634956,951,1549
16000,18023.093848375553,945,1555
16100,18313.94410215883,942,1558
16200,18612.510435456057,937,1563
16300,18884.44901481013,938,1562
16400,19186.22400446896,922,1578
16500,19462.731254814153,925,1575
16600,19797.707918697673,912,1588
16700,20145.75058346318,915,1585
16800,20457.66134743543,907,1593
16900,20824.350542831624,892,1608
17000,21180.026609438737,889,1611
17100,21575.886433754982,886,1614
17200,21943.153105405385,884,1616
17300,22350.50663596872,879,1621
17400,22707.36290600134,881,1619
17500,23126.340749906358,862,1638
17600,23549.428849434014,845,1655
17700,23933.987690551396,839,1661
17800,24353.586732595017,820,1680
17900,24834.605508376826,799,1701
18000,25296.78561204338,785,1715
18100,25731.09522417775,748,1752
18200,26150.229956518888,727,1773
18300,26637.726205895407,701,1799
18400,27074.817363042115,680,1820
18500,27567.792944946574,657,1843
18600,28121.265002051867,667,1833
18700,28622.6389083323,639,1861
18800,29129.27200578381,619,1881
18900,29622.74860567208,615,1885
19000,30174.94106733668,601,1899
19100,30750.803095957315,603,1897
19200,31315.684835132586,571,1929
19300,31878.29812021985,545,1955
19400,32473.536859174503,535,1965
19500,33097.57988552866,528,1972
19600,33789.1775568887,514,1986
19700,34401.367173463965,496,2004
19800,35078.98105253372,477,2023
19900,35679.410791927156,469,2031
20000,36268.74671427806,449,2051
20100,36962.59645741587,448,2052
20200,37633.06145996292,437,2063
20300,38246.40617435394,416,2084
20400,38944.97695811373,405,2095
20500,39682.10792078732,398,2102
20600,40338.9890377494,397,2103
20700,40993.77314135691,394,2106
20800,41720.799602967774,394,2106
20900,42439.812184081355,411,2089
21000,43182.724231922504,420,2080
21100,43931.30447572044,418,2082
21200,44728.65078775267,410,2090
21300,45485.789397881585,404,2096
21400,46307.39555782709,370,2130
21500,47100.35072851118,355,2145
21600,47930.46312374369,349,2151
21700,48822.34112985925,342,2158
21800,49702.090977319065,344,2156
21900,50510.85521244764,340,2160
22000,51283.12609901927,320,2180
22100,52132.4424778543,325,2175
22200,52992.81461021749,312,2188
22300,53817.03982089406,309,2191
22400,54564.70383049463,306,2194
22500,55394.30755117646,296,2204
22600,56254.94391049299,292,2208
22700,57075.993588770434,287,2213
22800,57959.85188687781,284,2216
22900,58853.774211407945,278,2222
23000,59792.75238174894,285,2215
23100,60666.83372669411,282,2218
23200,61575.37492712109,287,2213
23300,62548.291458563326,276,2224
23400,63422.25088036781,256,2244
23500,64385.62894335234,260,2240
23600,65238.625592101336,263,2237
23700,66279.91704126571,247,2253
23800,67224.11791418993,241,2259
23900,68238.61922315188,232,2268
24000,69244.9302574678,235,2265
24100,70258.70271608922,233,2267
24200,71295.85575756828,232,2268
24300,72126.81418658626,230,2270
24400,72991.39345990139,219,2281
24500,73909.57068485634,197,2303
24600,74855.85028315408,175,2325
24700,75838.51069498548,168,2332
24800,76820.68049211538,154,2346
24900,77768.86978365715,139,2361
25000,78760.38353823726,130,2370
25100,79801.62245925723,120,2380
25200,80773.3223710243,106,2394
25300,81910.78642457137,97,2403
25400,83019.70614498846,84,2416
25500,84119.55841218357,70,2430
25600,85113.12122125778,72,2428
25700,86304.64762551895,68,2432
25800,87399.22909028038,67,2433
25900,88614.2023483244,74,2426
26000,89780.16431070259,79,2421
26100,91020.86036496128,62,2438
26200,92191.39931349595,57,2443
26300,93472.9708430114,45,2455
26400,94674.09051887915,52,2448
26500,95896.15580047827,39,2461
26600,97065.47440201469,27,2473
26700,98265.04182812522,28,2472
26800,99542.62740093855,30,2470
26900,100794.49349158972,27,2473
27000,102119.24450025358,24,2476
27100,103456.95142295124,22,2478
27200,104865.69861709602,21,2479
27300,106302.85704597119,20,2480
27400,107720.23220133972,20,2480
27500,109189.50630677919,21,2479
27600,110597.47294001207,21,2479
27700,112099.30256732884,18,2482
27800,113620.13472130641,16,2484
27900,115044.16204450573,16,2484
28000,116554.23395882969,16,2484
28100,118143.92846362923,16,2484
28200,119651.09667764574,16,2484
28300,121180.26448486473,16,2484
28400,122659.84020111604,16,2484
28500,124254.00892730648,16,2484
28600,125775.43942294497,16,2484
28700,127301.02939496431,17,2483
28800,128832.36315096548,15,2485
28900,130587.2655508885,15,2485
29000,132146.07080576764,15,2485
29100,133809.46061372812,15,2485
29200,135646.75750087932,14,2486
29300,137473.5482682118,14,2486
29400,139209.49957068314,14,2486
29500,140916.07057704177,15,2485
29600,142796.8140051637,14,2486
29700,144648.81632008127,14,2486
29800,146456.31725143845,12,2488
29900,148332.1976526104,10,2490
30000,150077.29464312448,10,2490
30100,151838.4658544275,10,2490
30200,153762.5274928961,10,2490
30300,155605.94310237846,13,2487
30400,157300.24045971752,15,2485
30500,159102.12220345132,14,2486
30600,160928.40903886614,14,2486
30700,162723.60736185356,14,2486
30800,164556.69024884835,10,2490
30900,166285.89804989868,10,2490
31000,168232.47328687616,10,2490
31100,170111.43165977922,11,2489
31200,172091.33622110556,19,2481
31300,174215.88197921054,26,2474
31400,176340.45333615775,24,2476
31500,178566.54393144717,21,2479
31600,180608.28639182306,20,2480
31700,182589.19806928159,17,2483
31800,184647.40802787253,20,2480
31900,186770.7246593757,16,2484
32000,188853.6362957611,16,2484
32100,190906.8533334549,17,2483
32200,192983.55367620612,13,2487
32300,195004.01834888768,10,2490
32400,196973.46804698394,10,2490
32500,199083.22617227436,10,2490
32600,200956.57912186746,10,2490
32700,203063.72825115768,10,2490
32800,205087.72268928427,11,2489
32900,207225.4121688137,10,2490
33000,209321.435487824,10,2490
33100,211545.24443788227,10,2490
33200,213736.74025858738,10,2490
33300,216030.6299134574,10,2490
33400,218446.13693060126,11,2489
33500,220963.73188560206,15,2485
33600,223398.60082971907,18,2482
33700,225932.37125045247,15,2485
33800,228482.13108728675,16,2484
33900,230800.07482597695,18,2482
34000,233208.15321595277,16,2484
34100,235607.56296059804,11,2489
34200,237952.20319214827,10,2490
34300,240305.80610231886,10,2490
34400,242654.6391968728,10,2490
34500,245073.62458160907,10,2490
34600,247318.74462619497,10,2490
34700,249563.67046108164,10,2490
34800,251875.27215232616,10,2490
34900,254347.86517642144,10,2490
35000,256774.00332621718,10,2490
35100,259261.28210006884,10,2490
35200,261767.78415802517,11,2489
35300,264122.8654503855,11,2489
35400,266849.8597155533,11,2489
35500,269723.8102789799,11,2489
35600,272360.95660738734,11,2489
35700,275176.59265617636,11,2489
35800,278069.29323825886,11,2489
35900,280802.66518060723,11,2489
36000,283470.1044909871,11,2489
36100,286208.93368134,13,2487
36200,288987.84272761457,11,2489
36300,291667.7693225255,11,2489
36400,294437.1982869283,11,2489
36500,297151.4764177408,11,2489
36600,299608.74473038845,11,2489
36700,302330.3134492654,11,2489
36800,304868.0611067268,11,2489
36900,307570.1406367062,11,2489
37000,310043.04400559014,12,2488
37100,312655.8287039582,12,2488
37200,315240.5756341394,12,2488
37300,317826.7668325153,12,2488
37400,320581.98705107433,11,2489
37500,323593.2535373467,10,2490
37600,326454.0580823217,8,2492
37700,329546.55106956564,8,2492
37800,332698.8375477915,8,2492
37900,335838.6907614132,8,2492
38000,338895.3975783869,8,2492
38100,341877.9471020923,8,2492
38200,344735.3049479541,8,2492
38300,347820.20318563737,8,2492
38400,350566.8505732809,10,2490
38500,353597.7045375585,14,2486
38600,356392.0288394012,17,2483
38700,359296.44425662444,20,2480
38800,362268.2473260975,20,2480
38900,365073.8547048312,21,2479
39000,367867.9067889002,22,2478
39100,370574.09072641766,22,2478
39200,373605.656940959,22,2478
39300,376343.0522074772,22,2478
39400,379090.6502718174,23,2477
39500,382173.52898908,23,2477
39600,385229.87490674056,24,2476
39700,388358.9719067437,25,2475
39800,391720.46098091186,25,2475
39900,394960.7204841593,23,2477
40000,398432.11555291805,22,2478
40100,401893.0403625393,19,2481
40200,405204.53537086985,15,2485
40300,408434.38673241093,17,2483
40400,411583.6004085616,15,2485
40500,414863.48722098226,15,2485
40600,418153.70755434537,15,2485
40700,421286.57739275845,15,2485
40800,424532.05229351757,17,2483
40900,427788.72388979635,17,2483
41000,430976.47588990594,17,2483
41100,433731.0129518793,17,2483
41200,437057.55389620154,18,2482
41300,440408.04551862867,18,2482
41400,443793.80361952126,18,2482
41500,447172.7945194809,19,2481
41600,450312.82155301416,19,2481
41700,453622.1846506859,19,2481
41800,457279.78123804263,19,2481
41900,460845.90272199956,19,2481
42000,464674.2616959831,19,2481
42100,468534.9381051298,19,2481
42200,472207.15370704554,19,2481
42300,475935.30828562164,19,2481
42400,479584.28201781464,19,2481
42500,483208.332787549,18,2482
42600,486755.4152391281,18,2482
42700,490290.43260676385,18,2482
42800,493923.46224157745,18,2482
42900,497337.66048715106,22,2478
43000,500868.0928177865,21,2479
43100,504311.9618521573,20,2480
43200,507543.5666325491,18,2482
43300,511050.70652733394,17,2483
43400,514600.9308217101,17,2483
43500,518190.99805189896,17,2483
43600,521845.9893111166,19,2481
43700,525461.3760606843,19,2481
43800,529161.8201380925,20,2480
43900,532881.0842081856,20,2480
44000,536797.6236510121,20,2480
44100,540811.5666153453,20,2480
44200,545016.1730412239,21,2479
44300,549053.274966398,21,2479
44400,552913.9638788454,21,2479
44500,556900.6775985933,21,2479
44600,561029.9979055356,21,2479
44700,564856.7084961517,21,2479
44800,568524.6189809626,21,2479
44900,572429.1719401586,21,2479
45000,576377.4592474833,21,2479
45100,579923.3787586897,21,2479
45200,583823.9002493799,21,2479
45300,587539.7046151683,21,2479
45400,591247.6053623791,21,2479
45500,595141.5598926189,21,2479
45600,598950.535675682,21,2479
45700,603050.5212207357,21,2479
45800,607020.2319109741,21,2479
45900,611108.0816383264,21,2479
46000,615349.0222316866,21,2479
46100,619695.4327763653,21,2479
46200,623936.4035198487,21,2479
46300,628483.3631276467,21,2479
46400,633024.8164623616,21,2479
46500,637236.1404427213,21,2479
46600,641698.9226273493,21,2479
46700,646006.298388973,21,2479
46800,650384.3167206347,21,2479
46900,654629.2802241025,21,2479
47000,658817.2080882587,21,2479
47100,663008.2391986164,21,2479
47200,667028.7955341948,21,2479
47300,671135.0270757246,21,2479
47400,675083.6918501817,21,2479
47500,679343.6244208125,21,2479
47600,683512.4653587544,21,2479
47700,687610.8337106581,21,2479
47800,692213.7540044603,21,2479
47900,696696.9122796963,21,2479
48000,701104.5290939516,21,2479
48100,705589.534097469,21,2479
48200,710138.9882043647,21,2479
48300,714994.7383686379,21,2479
48400,719818.8806836773,21,2479
48500,724632.9310569348,21,2479
48600,729585.8414887504,21,2479
48700,734330.5871769442,21,2479
48800,738942.9578939279,21,2479
48900,743542.3728825867,21,2479
49000,747927.8047507408,21,2479
49100,752685.0801217617,21,2479
49200,757234.7133958932,21,2479
49300,761705.182654455,21,2479
49400,765791.5678261246,21,2479
49500,770295.0910301489,21,2479
49600,774483.3977361879,18,2482
49700,779170.8115186633,16,2484
49800,783770.73733007,13,2487
49900,788417.2645893408,10,2490
50000,793255.155728179,10,2490
