step,msd_global,n_round,n_elongated
0,0.0,2500,0
100,24.490942574716996,2500,0
200,25.4945088502537,2475,25
300,27.556612987249785,2453,47
400,29.52443912624504,2423,77
500,32.30879709543763,2389,111
600,36.4694797523734,2352,148
700,39.70532064485412,2310,190
800,50.3081153837726,2259,241
900,62.34694761669854,2220,280
1000,71.94224381190622,2169,331
1100,81.20255947829189,2131,369
1200,92.07424855487164,2081,419
1300,107.44201822644844,2026,474
1400,124.7886181529363,1995,505
1500,142.92226967870138,1962,538
1600,159.57771394361276,1943,557
1700,184.5362999443862,1904,596
1800,213.53936992528867,1879,621
1900,244.274152769347,1852,648
2000,269.6257767571785,1831,669
2100,293.3652473883546,1804,696
2200,328.76489695305895,1767,733
2300,360.6041788609818,1753,747
2400,397.7672423416226,1733,767
2500,440.5653738862704,1724,776
2600,482.30150078802666,1712,788
2700,524.1697421551114,1705,795
2800,572.339110258185,1683,817
2900,616.3903595417672,1662,838
3000,660.1498142249624,1644,856
3100,708.6174986587919,1636,864
3200,736.1946954750384,1630,870
3300,762.5544008210542,1617,883
3400,788.6946151435689,1623,877
3500,828.8062644518448,1593,907
3600,871.2277462597815,1581,919
3700,907.6632079468168,1580,920
3800,943.7135611475263,1570,930
3900,960.1897238070626,1589,911
4000,988.8059393483043,1577,923
4100,1019.1872838037021,1549,951
4200,1065.9945916163315,1547,953
4300,1107.035204305055,1544,956
4400,1151.5402942232172,1535,965
4500,1201.8156071988917,1524,976
4600,1255.620180183363,1511,989
4700,1324.6794778285007,1503,997
4800,1377.469818029309,1484,1016
4900,1439.960793330034,1452,1048
5000,1502.8604861019078,1414,1086
5100,1567.183540059587,1375,1125
5200,1640.6370444270137,1360,1140
5300,1719.2800026395619,1332,1168
5400,1803.4484175626033,1314,1186
5500,1885.6678142493292,1285,1215
5600,1960.3342920518598,1272,1228
5700,2012.898297420815,1264,1236
5800,2066.2022786445605,1255,1245
5900,2124.4076839942636,1248,1252
6000,2209.895344443177,1243,1257
6100,2294.5953846535376,1247,1253
6200,2363.798669734851,1235,1265
6300,2437.8732065939716,1242,1258
6400,2501.727022070923,1233,1267
6500,2566.2219328437777,1218,1282
6600,2640.863653555938,1195,1305
6700,2707.2398870068996,1168,1332
6800,2785.779143354079,1159,1341
6900,2881.449411517144,1134,1366
7000,2978.9295442326184,1100,1400
7100,3097.5139486085845,1075,1425
7200,3220.347241887982,1048,1452
7300,3361.3220129386827,1020,1480
7400,3489.0203325197494,985,1515
7500,3618.4847661416397,968,1532
7600,3718.6042668125706,953,1547
7700,3834.7173771160856,942,1558
7800,3944.603553186151,913,1587
7900,4064.220088179052,885,1615
8000,4155.599848984755,884,1616
8100,4267.297075464503,853,1647
8200,4431.463025918886,834,1666
8300,4598.581050247188,809,1691
8400,4761.42704709835,792,1708
8500,4931.539216206268,779,1721
8600,5119.336385171949,750,1750
8700,5316.329182664737,740,1760
8800,5493.067107475566,719,1781
8900,5711.768416992918,686,1814
9000,5955.396900478641,637,1863
9100,6198.722316380775,601,1899
9200,6472.634395599775,563,1937
9300,6735.795838081156,553,1947
9400,6999.502553542459,525,1975
9500,7318.255952817866,515,1985
9600,7586.746962593364,501,1999
9700,7882.557461641957,503,1997
9800,8162.878426051015,521,1979
9900,8467.114090959862,509,1991
10000,8819.096979656026,514,1986
10100,9165.024041687635,497,2003
10200,9491.242028511875,479,2021
10300,9872.794256421661,478,2022
10400,10243.498167576448,476,2024
10500,10602.147764867159,499,2001
10600,10972.573342355052,496,2004
10700,11312.171529699679,501,1999
10800,11674.005272615914,503,1997
10900,12037.321429432655,499,2001
11000,12442.406836177204,502,1998
11100,12815.378111646432,477,2023
11200,13211.080295507893,463,2037
11300,13670.838779132873,441,2059
11400,14077.862861032489,426,2074
11500,14508.383693955702,417,2083
11600,14953.719570297453,414,2086
11700,15370.711899166716,398,2102
11800,15820.15745852311,391,2109
11900,16320.696974878168,388,2112
12000,16788.563770047615,378,2122
12100,17298.250021828364,365,2135
12200,17822.963920921506,362,2138
12300,18373.039992817525,338,2162
12400,18876.773724314033,323,2177
12500,19439.246371018213,304,2196
12600,19994.489805596444,289,2211
12700,20594.363118321806,271,2229
12800,21182.254150587672,265,2235
12900,21812.02218407809,239,2261
13000,22446.526761609523,226,2274
13100,23103.373705172096,212,2288
13200,23745.80134397868,201,2299
13300,24446.267283320307,174,2326
13400,25137.617222005134,158,2342
13500,25827.58969490006,152,2348
13600,26520.887732708652,137,2363
13700,27162.037656335408,118,2382
13800,27860.362262106526,111,2389
13900,28566.53333661678,97,2403
14000,29289.140692921137,93,2407
14100,30000.381740300258,89,2411
14200,30732.139943625378,95,2405
14300,31469.318889987917,89,2411
14400,32238.512948418324,76,2424
14500,32982.91380857096,71,2429
14600,33712.58538148289,63,2437
14700,34539.909086253574,52,2448
14800,35389.9087811373,48,2452
14900,36222.68831154093,45,2455
15000,37113.99232903069,45,2455
15100,38060.44127238965,44,2456
15200,38940.53711062197,40,2460
15300,39879.82387892411,29,2471
15400,40877.64804424901,27,2473
15500,41919.919511787,27,2473
15600,42863.84633825158,26,2474
15700,43844.23221286149,29,2471
15800,44823.44900293297,30,2470
15900,45743.87995261158,31,2469
16000,46745.352825448914,30,2470
16100,47696.626510465954,31,2469
16200,48684.32643673253,29,2471
16300,49737.96043249722,34,2466
16400,50752.063662377426,33,2467
16500,51814.794101372776,33,2467
16600,52946.89010897485,31,2469
16700,54040.69288034013,31,2469
16800,55117.03168954916,32,2468
16900,56242.859547255706,32,2468
17000,57392.32813575714,32,2468
17100,58558.169716287586,32,2468
17200,59774.47906934707,32,2468
17300,60940.92628556402,32,2468
17400,62215.53751744203,32,2468
17500,63546.892858839055,31,2469
17600,64974.65981553301,30,2470
17700,66260.40686204274,25,2475
17800,67564.47069863284,19,2481
17900,68846.63014097915,14,2486
18000,70198.88250380986,12,2488
18100,71390.83555338951,11,2489
18200,72746.66759321644,10,2490
18300,74099.73506199558,10,2490
18400,75438.57548124445,12,2488
18500,76804.1500798629,17,2483
18600,78198.86768495345,11,2489
18700,79534.20148297615,9,2491
18800,80989.72758243851,9,2491
18900,82413.63460650803,9,2491
19000,83758.02346816116,9,2491
19100,85226.72286681776,9,2491
19200,86773.39180848758,9,2491
19300,88261.33409403953,9,2491
19400,89756.45499802449,9,2491
19500,91367.15868413137,9,2491
19600,92912.14457598409,11,2489
19700,94579.24602241645,11,2489
19800,96211.13212446823,11,2489
19900,97926.93049366465,9,2491
20000,99476.0009479654,9,2491
20100,101108.64455498618,9,2491
20200,102704.39138238227,9,2491
20300,104316.86959545527,9,2491
20400,105970.92670000749,9,2491
20500,107578.67227347362,9,2491
20600,109328.53144979675,10,2490
20700,110932.19635700724,9,2491
20800,112688.36028321419,9,2491
20900,114491.31158881517,9,2491
21000,116169.82666848443,9,2491
21100,117947.27274321904,9,2491
21200,119723.82568186922,9,2491
21300,121435.50610517358,9,2491
21400,123304.96659350133,9,2491
21500,125056.35258058617,9,2491
21600,126917.35793577494,9,2491
21700,128809.14727018605,9,2491
21800,130749.64341724759,9,2491
21900,132776.11411695252,10,2490
22000,134609.6500320472,9,2491
22100,136594.48760756207,9,2491
22200,138450.19740144216,9,2491
22300,140379.13302027588,9,2491
22400,142216.4563649136,9,2491
22500,144123.27828072294,9,2491
22600,146088.60614162567,9,2491
22700,148048.5348344933,9,2491
22800,149964.58078224355,9,2491
22900,151920.22027849694,10,2490
23000,154039.89426315203,10,2490
23100,156008.32197895212,10,2490
23200,157978.76904272576,10,2490
23300,160105.54729454019,10,2490
23400,161984.08209469033,10,2490
23500,163960.05558630248,10,2490
23600,165977.8123326004,10,2490
23700,168082.06343422728,11,2489
23800,170201.00745032445,10,2490
23900,172206.6180542088,10,2490
24000,174454.95492825346,10,2490
24100,176676.43025225788,10,2490
24200,178897.82352720227,10,2490
24300,180917.44969815697,10,2490
24400,183027.81605730602,10,2490
24500,185178.33883984282,10,2490
24600,187296.56075127725,12,2488
24700,189438.16911347973,11,2489
24800,191696.55396347222,10,2490
24900,193856.0968063131,10,2490
25000,196147.74208828248,10,2490
25100,198380.74585691624,10,2490
25200,200633.42922806425,10,2490
25300,202949.51495635026,10,2490
25400,205243.31681541263,10,2490
25500,207532.17481791915,11,2489
25600,209888.42762870833,11,2489
25700,212169.07785789232,11,2489
25800,214424.6276956771,11,2489
25900,216913.84793686226,11,2489
26000,219383.84598289884,11,2489
26100,221900.16222605295,12,2488
26200,224413.04011744508,12,2488
26300,226912.7853586268,12,2488
26400,229358.98414634485,12,2488
26500,231749.1140539115,12,2488
26600,234326.15662288686,13,2487
26700,236804.1117601104,14,2486
26800,239230.19083152362,14,2486
26900,241728.4809451562,16,2484
27000,244308.9016260501,18,2482
27100,246963.55599365506,22,2478
27200,249414.11425458817,26,2474
27300,251991.36943747045,27,2473
27400,254615.04252233423,28,2472
27500,257301.9798092562,38,2462
27600,259827.32077615347,42,2458
27700,262394.9345036082,43,2457
27800,264974.15089187183,43,2457
27900,267682.05053502426,44,2456
28000,270315.0829969849,53,2447
28100,272935.4733223738,57,2443
28200,275600.66134895344,58,2442
28300,278318.24424862297,63,2437
28400,281153.00345464965,68,2432
28500,283856.84125185973,71,2429
28600,286583.06997575366,71,2429
28700,289327.5319760053,73,2427
28800,292030.6567706425,74,2426
28900,294823.3783282478,78,2422
29000,297689.55088114913,81,2419
29100,300404.5105368953,82,2418
29200,303279.7579225367,87,2413
29300,306102.8129212783,92,2408
29400,308969.0772387558,95,2405
29500,311778.7438275118,99,2401
29600,314644.60253042204,102,2398
29700,317522.5259468097,103,2397
29800,320367.6144477064,106,2394
29900,323275.5399605127,105,2395
30000,326079.25538136787,104,2396
30100,328976.233066474,103,2397
30200,331920.2263496939,101,2399
30300,334810.69067739276,99,2401
30400,337688.5710403266,95,2405
30500,340628.2307870657,92,2408
30600,343582.89505294163,91,2409
30700,346550.50924988143,90,2410
30800,349639.73628511536,92,2408
30900,352515.5778677613,90,2410
31000,355581.4797568445,89,2411
31100,358776.7505685541,90,2410
31200,361807.020627336,92,2408
31300,364993.2841187344,94,2406
31400,368118.1614557195,94,2406
31500,371251.4446612685,97,2403
31600,374302.0728969504,100,2400
31700,377545.5422401185,105,2395
31800,380400.0433194123,106,2394
31900,383540.0968074963,103,2397
32000,386584.2766534553,102,2398
32100,389602.2525433778,93,2407
32200,392697.0270381632,94,2406
32300,395928.5974563462,88,2412
32400,398915.75225770875,82,2418
32500,402043.0616299716,79,2421
32600,405409.55039938993,79,2421
32700,408670.9716806489,76,2424
32800,411984.7253989646,71,2429
32900,415114.9812428732,66,2434
33000,418392.03519015445,61,2439
33100,421660.99394737236,54,2446
33200,425023.5338358328,49,2451
33300,428604.073503259,46,2454
33400,432250.9752787631,45,2455
33500,435577.56008745707,44,2456
33600,439062.61329982395,47,2453
33700,442600.854531909,42,2458
33800,446027.6721270202,44,2456
33900,449418.83865602914,41,2459
34000,453044.07558871194,39,2461
34100,456348.5280120706,38,2462
34200,459779.13081477507,38,2462
34300,463125.9165912079,36,2464
34400,466816.47411351546,33,2467
34500,470189.26961428334,31,2469
34600,473697.3423093775,31,2469
34700,477204.18595511315,32,2468
34800,480657.4385741127,32,2468
34900,484217.73672889575,34,2466
35000,487445.48870476434,39,2461
35100,490759.64489859296,37,2463
35200,494502.3064299223,37,2463
35300,498303.4562192083,38,2462
35400,502090.00097796996,39,2461
35500,505946.8828333189,39,2461
35600,509752.2717080034,40,2460
35700,513352.77220632916,40,2460
35800,517081.5333104456,41,2459
35900,521017.93413075694,41,2459
36000,524823.0357614965,41,2459
36100,528446.771424586,41,2459
36200,532233.2000039306,43,2457
36300,535969.1612410677,43,2457
36400,539789.0700106292,44,2456
36500,543856.1671318279,47,2453
36600,547417.7479411098,48,2452
36700,551281.6096999272,53,2447
36800,555104.4275479574,58,2442
36900,559026.6774080895,56,2444
37000,562972.9533794097,55,2445
37100,566608.41311859,51,2449
37200,570118.8517143293,47,2453
37300,574073.1213951499,46,2454
37400,578129.3450218169,48,2452
37500,582243.4793876188,49,2451
37600,586442.8704813261,49,2451
37700,590336.1620711907,52,2448
37800,594338.6574197611,53,2447
37900,598312.7669829346,53,2447
38000,602550.1364997902,53,2447
38100,606666.3946245221,54,2446
38200,610418.9410782333,53,2447
38300,614498.0242832628,53,2447
38400,618394.6645313952,53,2447
38500,622301.2662126726,55,2445
38600,626162.3623721094,53,2447
38700,630157.0423801529,51,2449
38800,634127.1302044817,48,2452
38900,638151.6229979721,45,2455
39000,642075.1361907016,42,2458
39100,646256.9020637785,37,2463
39200,650266.4794205942,32,2468
39300,653895.2144610486,26,2474
39400,658027.0976879551,23,2477
39500,662338.4754663814,21,2479
39600,666490.6065004694,18,2482
39700,671009.9381416591,17,2483
39800,675346.4584852159,19,2481
39900,679488.6083373454,18,2482
40000,683895.5316647156,17,2483
40100,688163.4873688521,17,2483
40200,692292.1411615383,18,2482
40300,696505.5279473572,17,2483
40400,700598.057089799,17,2483
40500,704860.6138416319,17,2483
40600,709278.5426716321,17,2483
40700,713458.8168182083,17,2483
40800,717613.9078067475,17,2483
40900,721686.4832278783,17,2483
41000,726022.1305728484,16,2484
41100,730196.6186416245,16,2484
41200,734695.4013231088,16,2484
41300,738986.8725827056,17,2483
41400,743380.3826677311,16,2484
41500,747626.7763074716,17,2483
41600,751919.4211949127,15,2485
41700,756278.4471303866,15,2485
41800,761013.6388925093,17,2483
41900,765782.1381788949,15,2485
42000,770459.0906528214,15,2485
42100,774845.7867915024,15,2485
42200,779553.5724603758,15,2485
42300,784145.927221444,17,2483
42400,788348.1701044012,17,2483
42500,792759.1689391708,16,2484
42600,797104.5527986177,16,2484
42700,801507.8506164568,15,2485
42800,806205.0012306611,17,2483
42900,810682.5582542042,16,2484
43000,814729.4363563522,15,2485
43100,819262.6085977174,15,2485
43200,823580.8847512831,16,2484
43300,827816.8121042544,16,2484
43400,832439.481560794,15,2485
43500,837143.2988368509,16,2484
43600,841737.6383975795,16,2484
43700,846189.262106295,20,2480
43800,850930.3955811075,16,2484
43900,855655.0467292827,19,2481
44000,860478.4026605946,17,2483
44100,865381.4530990246,15,2485
44200,870098.3148604042,15,2485
44300,874972.1293286531,17,2483
44400,879846.9370503661,21,2479
44500,884460.4261514839,23,2477
44600,889145.5259107746,20,2480
44700,893974.9139912296,21,2479
44800,899030.3531334009,19,2481
44900,903697.0693156256,15,2485
45000,908487.5719760456,15,2485
45100,912931.6337731344,16,2484
45200,917526.9094972644,16,2484
45300,922401.0443726993,15,2485
45400,927286.1612468136,18,2482
45500,931875.4822764717,16,2484
45600,937012.7042891142,16,2484
45700,941881.7770204571,15,2485
45800,946983.2308780949,15,2485
45900,951954.0110493606,16,2484
46000,957073.5198800999,15,2485
46100,962217.6138915191,15,2485
46200,967374.6534759935,15,2485
46300,972550.3719418118,15,2485
46400,977628.6987761185,15,2485
46500,982889.8567394739,15,2485
46600,987961.0395098442,15,2485
46700,993036.1635963367,15,2485
46800,998170.327679195,15,2485
46900,1003201.6621713421,15,2485
47000,1008361.3943285323,15,2485
47100,1013670.3256169725,15,2485
47200,1018467.8913263754,15,2485
47300,1023469.9748174677,15,2485
47400,1028716.5508484871,15,2485
47500,1033675.383583037,15,2485
47600,1038984.7484387623,15,2485
47700,1044399.7275883522,15,2485
47800,1049546.835208794,15,2485
47900,1055115.0115639379,15,2485
48000,1060520.5368075657,15,2485
48100,1066054.7496799352,15,2485
48200,1071456.952807411,15,2485
48300,1076848.0053785224,16,2484
48400,1082307.9902162068,17,2483
48500,1087763.0716276793,15,2485
48600,1093267.4822421058,15,2485
48700,1098656.2763854663,15,2485
48800,1104255.68471638,15,2485
48900,1109803.8574070113,15,2485
49000,1114987.471702881,15,2485
49100,1120256.7109438374,15,2485
49200,1125713.2004125323,15,2485
49300,1131105.1222542203,15,2485
49400,1136436.7896986974,15,2485
49500,1141894.8468192674,15,2485
49600,1147399.2410561566,15,2485
49700,1152812.2157621905,15,2485
49800,1158492.9888208567,17,2483
49900,1164057.7778644841,17,2483
50000,1169680.9486075286,17,2483
