step,msd_global,n_round,n_elongated
0,0.0,2500,0
100,27.575399810916952,2500,0
200,32.15367700313397,2470,30
300,37.02102698651946,2447,53
400,41.75385195846485,2413,87
500,45.53140472079125,2382,118
600,50.462374128861214,2357,143
700,63.148311977161676,2315,185
800,72.37882669365644,2278,222
900,80.98164878604203,2223,277
1000,94.89238092619475,2180,320
1100,107.01765019806011,2151,349
1200,123.30638930245426,2104,396
1300,137.98031483657198,2057,443
1400,151.56894037359686,2015,485
1500,168.32695082602567,1993,507
1600,182.71055760361878,1944,556
1700,198.8801189134647,1896,604
1800,225.0944772315383,1857,643
1900,256.61651000096873,1846,654
2000,274.62456369961444,1822,678
2100,299.0907019144832,1814,686
2200,328.371612316593,1802,698
2300,359.5630434686072,1775,725
2400,393.25331895845216,1759,741
2500,419.6091445694178,1729,771
2600,452.395169612901,1709,791
2700,483.8864442982018,1705,795
2800,513.4952163836891,1715,785
2900,543.795564487634,1707,793
3000,575.2169509846074,1684,816
3100,603.6963426141479,1664,836
3200,629.3170687379662,1698,802
3300,669.2317911254572,1667,833
3400,698.4918486097349,1662,838
3500,720.0769608469673,1648,852
3600,744.2496388325442,1627,873
3700,765.6232057086193,1599,901
3800,781.548646325009,1593,907
3900,796.0636801575679,1575,925
4000,821.5052403176213,1548,952
4100,859.3045129535818,1547,953
4200,902.3383340909887,1509,991
4300,939.6671026546925,1517,983
4400,977.0682534323383,1517,983
4500,1019.3121858390339,1527,973
4600,1048.8719097621408,1506,994
4700,1101.6222869181859,1482,1018
4800,1137.3626811581023,1474,1026
4900,1184.152001222347,1460,1040
5000,1233.6055724384319,1449,1051
5100,1304.3845127933491,1432,1068
5200,1365.1984007074468,1406,1094
5300,1420.5594511582367,1394,1106
5400,1484.5196716278783,1368,1132
5500,1542.1794713687846,1368,1132
5600,1612.342675663865,1353,1147
5700,1685.7388192041349,1348,1152
5800,1787.4463996609288,1333,1167
5900,1885.7909881373114,1317,1183
6000,1987.6682326589369,1324,1176
6100,2092.6443456189104,1322,1178
6200,2171.832091348795,1333,1167
6300,2221.7483379044065,1327,1173
6400,2287.012835435415,1331,1169
6500,2361.194989649332,1304,1196
6600,2429.2273177901866,1301,1199
6700,2477.0549955329457,1295,1205
6800,2552.9723573457204,1295,1205
6900,2640.0154336021474,1276,1224
7000,2734.6158066351354,1250,1250
7100,2845.972371463754,1222,1278
7200,2971.9906321055787,1198,1302
7300,3077.409502107645,1172,1328
7400,3212.6561074536644,1144,1356
7500,3342.3940281088258,1142,1358
7600,3471.3810156495056,1136,1364
7700,3595.3705745506077,1122,1378
7800,3722.114170692517,1109,1391
7900,3835.863023231357,1104,1396
8000,3955.227860984446,1089,1411
8100,4069.198714939336,1081,1419
8200,4210.668958733874,1089,1411
8300,4384.732568314232,1080,1420
8400,4549.577150796546,1053,1447
8500,4674.599888084027,1041,1459
8600,4801.850735437519,1027,1473
8700,4935.228130751793,1001,1499
8800,5053.686391568221,976,1524
8900,5201.68755345745,962,1538
9000,5343.940507093889,923,1577
9100,5465.355806468543,891,1609
9200,5633.069848162352,849,1651
9300,5808.012911497556,819,1681
9400,6009.71506238469,796,1704
9500,6182.774037759679,785,1715
9600,6405.050968171646,770,1730
9700,6657.429889981534,770,1730
9800,6859.393173768657,767,1733
9900,7083.822358114971,794,1706
10000,7282.881023788983,783,1717
10100,7449.917371315137,773,1727
10200,7676.505657457803,773,1727
10300,7919.764141518968,765,1735
10400,8165.621298513711,771,1729
10500,8425.868237954337,786,1714
10600,8701.585831531072,804,1696
10700,8984.939869158074,795,1705
10800,9222.525893428845,781,1719
10900,9438.164923810084,757,1743
11000,9701.849236251208,749,1751
11100,9942.531951111287,721,1779
11200,10188.021803717062,701,1799
11300,10425.55778824371,696,1804
11400,10698.568315175873,692,1808
11500,10955.218070229483,697,1803
11600,11242.825287056196,682,1818
11700,11537.851116039401,662,1838
11800,11831.837205829424,634,1866
11900,12179.90093660566,616,1884
12000,12520.407058507082,597,1903
12100,12812.252480971103,571,1929
12200,13155.117710092221,548,1952
12300,13480.265901970619,517,1983
12400,13851.950483181232,497,2003
12500,14272.158374063147,506,1994
12600,14671.066560789257,500,2000
12700,15116.13159497473,511,1989
12800,15536.270842228014,524,1976
12900,15907.9353654636,520,1980
13000,16325.751668230116,510,1990
13100,16763.7086754309,486,2014
13200,17123.15634657132,478,2022
13300,17547.224172747694,452,2048
13400,17996.67061555536,431,2069
13500,18454.409217372584,403,2097
13600,18886.19111105321,382,2118
13700,19347.196895588142,357,2143
13800,19825.440487799813,324,2176
13900,20325.93204569209,302,2198
14000,20843.949433883892,287,2213
14100,21353.644315177346,282,2218
14200,21893.81891865289,260,2240
14300,22503.509142869687,229,2271
14400,23017.183406590433,217,2283
14500,23568.013340072914,198,2302
14600,24264.75529071373,185,2315
14700,24944.800809906512,167,2333
14800,25597.840646170593,149,2351
14900,26204.35769087306,143,2357
15000,26848.33341435711,124,2376
15100,27416.270489254923,111,2389
15200,28014.58209084303,110,2390
15300,28730.37095767438,106,2394
15400,29383.592988471497,114,2386
15500,30109.63665039792,122,2378
15600,30836.465977996766,145,2355
15700,31460.00012767311,159,2341
15800,32187.234782126303,180,2320
15900,32923.00933945029,196,2304
16000,33591.796048420074,198,2302
16100,34313.22817526816,202,2298
16200,35061.53804463436,206,2294
16300,35927.932559607245,203,2297
16400,36696.40154497574,197,2303
16500,37507.960794348706,187,2313
16600,38311.28520408516,184,2316
16700,39173.820691929206,177,2323
16800,40064.69523425226,172,2328
16900,40985.16637211311,169,2331
17000,41844.30563392988,157,2343
17100,42719.21840724776,148,2352
17200,43547.0120833921,143,2357
17300,44371.76275892761,124,2376
17400,45281.64228708417,107,2393
17500,46201.44926682982,109,2391
17600,47185.003297794334,109,2391
17700,48076.1539756164,115,2385
17800,48963.98103035943,132,2368
17900,49867.2113881754,154,2346
18000,50832.09518740984,167,2333
18100,51679.49180519719,201,2299
18200,52608.251055602326,183,2317
18300,53571.0717018468,164,2336
18400,54517.53166986462,146,2354
18500,55465.85909212389,123,2377
18600,56461.99193128938,112,2388
18700,57492.465970156074,98,2402
18800,58590.510888935256,88,2412
18900,59811.19238276534,71,2429
19000,60940.91647008502,62,2438
19100,62009.85050161525,50,2450
19200,63094.623932852555,32,2468
19300,64221.059848635196,23,2477
19400,65275.843861975096,19,2481
19500,66409.14093461032,13,2487
19600,67633.75195693006,14,2486
19700,68800.82455598134,14,2486
19800,69928.48010377798,11,2489
19900,71198.83230393409,14,2486
20000,72393.53700049462,14,2486
20100,73683.99601836421,14,2486
20200,74842.56833926089,10,2490
20300,76110.6436245677,9,2491
20400,77317.30998453061,10,2490
20500,78611.15239303303,11,2489
20600,79872.74872274404,10,2490
20700,81090.14886312821,11,2489
20800,82446.57555994262,11,2489
20900,83852.63799131158,10,2490
21000,85221.84585794303,9,2491
21100,86664.28669668046,9,2491
21200,88068.06475915622,10,2490
21300,89460.39933743872,13,2487
21400,90830.35564850895,9,2491
21500,92279.04329335998,8,2492
21600,93751.14976978947,9,2491
21700,95255.9599586843,11,2489
21800,96786.14394249137,11,2489
21900,98294.14538366588,20,2480
22000,99819.30863875042,26,2474
22100,101378.00834281153,28,2472
22200,102906.74258837015,25,2475
22300,104370.2590087362,25,2475
22400,105984.62575930306,22,2478
22500,107496.71765736637,12,2488
22600,109053.18137098651,12,2488
22700,110651.37955815744,11,2489
22800,112178.57074061909,11,2489
22900,113805.30688382835,9,2491
23000,115473.48672766924,12,2488
23100,117094.0010541379,12,2488
23200,118830.06196769452,12,2488
23300,120460.99240251938,9,2491
23400,122133.91091614688,9,2491
23500,123898.62913353491,9,2491
23600,125635.00771956057,9,2491
23700,127442.1106349012,8,2492
23800,129252.79687248137,8,2492
23900,131159.61647500814,8,2492
24000,132945.74585853508,8,2492
24100,134839.8782505234,8,2492
24200,136688.3258999727,8,2492
24300,138570.97779294697,8,2492
24400,140446.87713208265,8,2492
24500,142283.05921602703,7,2493
24600,144262.66741843784,7,2493
24700,146066.38758557953,10,2490
24800,147953.37317384325,10,2490
24900,149849.9251710727,12,2488
25000,151770.85153543387,13,2487
25100,153716.81967897547,16,2484
25200,155644.57133830458,16,2484
25300,157657.7184601607,16,2484
25400,159596.17158656198,14,2486
25500,161609.59824653438,12,2488
25600,163593.46434286094,10,2490
25700,165577.84295071094,9,2491
25800,167719.74489972205,7,2493
25900,169878.53196785616,9,2491
26000,171978.50834992933,7,2493
26100,174054.2240817893,7,2493
26200,176242.04975630922,7,2493
26300,178423.9336059058,7,2493
26400,180569.29297367274,7,2493
26500,182772.740631752,8,2492
26600,184926.81925355186,7,2493
26700,187095.0556166555,7,2493
26800,189415.07453343386,8,2492
26900,191657.94073081523,8,2492
27000,193782.68200588727,8,2492
27100,196021.16301770532,8,2492
27200,198225.47516640282,8,2492
27300,200524.2581319262,8,2492
27400,202873.74014483008,8,2492
27500,205226.1535724902,8,2492
27600,207491.83078724134,8,2492
27700,209732.70018001573,9,2491
27800,212180.77375959896,11,2489
27900,214640.07708870707,11,2489
28000,217074.41335241872,12,2488
28100,219509.42990922628,16,2484
28200,221914.09128215705,16,2484
28300,224449.25094411918,17,2483
28400,226980.0006926941,18,2482
28500,229507.95812736196,20,2480
28600,231925.55867336568,20,2480
28700,234422.18323484302,21,2479
28800,236996.68475375365,22,2478
28900,239480.3288217597,22,2478
29000,241922.11476436767,22,2478
29100,244328.03965632696,22,2478
29200,246869.99944644008,26,2474
29300,249465.70258239337,27,2473
29400,252079.92504415713,31,2469
29500,254616.46768235904,33,2467
29600,257267.12310095754,33,2467
29700,259821.2507755525,35,2465
29800,262417.7659956017,35,2465
29900,265014.7907303407,35,2465
30000,267823.30820750043,35,2465
30100,270606.6956479052,35,2465
30200,273303.49959737586,35,2465
30300,276087.3278292627,36,2464
30400,278855.7051579537,36,2464
30500,281632.93268353585,36,2464
30600,284330.4033233443,36,2464
30700,287227.1667857606,36,2464
30800,289898.4625493769,38,2462
30900,292700.77760459844,43,2457
31000,295342.45357084996,45,2455
31100,298207.9767573827,52,2448
31200,300985.5232992241,55,2445
31300,303754.38252843363,55,2445
31400,306690.3615330784,57,2443
31500,309454.2790609837,58,2442
31600,312403.1857880123,58,2442
31700,315077.0506584642,63,2437
31800,317943.99971523933,65,2435
31900,320811.5698711749,63,2437
32000,323779.0178657091,62,2438
32100,326808.46978439257,56,2444
32200,329801.7596576573,49,2451
32300,332881.0645650165,43,2457
32400,335853.26487164525,39,2461
32500,338750.1614932147,38,2462
32600,341825.725106972,36,2464
32700,344914.86939112016,34,2466
32800,347904.3970692225,33,2467
32900,350877.18918931286,34,2466
33000,353850.3512622667,35,2465
33100,356797.20406517456,43,2457
33200,359706.073010697,46,2454
33300,362834.1211507079,48,2452
33400,365841.6423964367,46,2454
33500,368909.0245326942,43,2457
33600,372017.7325729689,37,2463
33700,375141.34383002226,39,2461
33800,378237.2669129554,39,2461
33900,381344.32070207584,39,2461
34000,384359.8770441302,39,2461
34100,387483.85088932776,39,2461
34200,390812.33501436404,40,2460
34300,394120.8375310385,41,2459
34400,397426.01608594187,42,2458
34500,400614.79309501615,44,2456
34600,403991.5032076586,46,2454
34700,407245.11229379807,46,2454
34800,410488.73398620286,49,2451
34900,413775.5849035115,52,2448
35000,417125.20814535255,51,2449
35100,420255.2462589563,51,2449
35200,423453.1975422832,50,2450
35300,426729.14956116467,50,2450
35400,430021.9280979439,50,2450
35500,433516.17745083245,51,2449
35600,436935.8347803664,51,2449
35700,440194.4561019831,51,2449
35800,443494.68521289976,51,2449
35900,446859.9191060707,53,2447
36000,450195.8615884123,54,2446
36100,453487.76111251605,54,2446
36200,457130.3052943455,54,2446
36300,460617.3499402416,58,2442
36400,464084.3457285061,58,2442
36500,467384.98526603926,58,2442
36600,470979.9362076764,58,2442
36700,474532.1915205067,58,2442
36800,478048.0565413801,64,2436
36900,481549.7911503454,68,2432
37000,485011.32720971183,68,2432
37100,488437.8654435595,69,2431
37200,491971.10828524973,69,2431
37300,495430.3225847532,69,2431
37400,499032.9404948226,69,2431
37500,502676.56551287015,69,2431
37600,506365.58758786204,69,2431
37700,509907.5020633852,69,2431
37800,513496.5664809038,69,2431
37900,517239.4367038503,69,2431
38000,520641.61621406395,69,2431
38100,524109.77270348434,69,2431
38200,527985.4979039045,69,2431
38300,531807.8339628741,69,2431
38400,535562.3158246105,69,2431
38500,539352.290207798,69,2431
38600,543154.4315164594,69,2431
38700,546858.6102993154,69,2431
38800,550698.2249318943,69,2431
38900,554575.8992080432,69,2431
39000,558292.8888031796,69,2431
39100,562031.4741450336,69,2431
39200,565863.97534573,69,2431
39300,569671.5593916544,69,2431
39400,573478.9953048469,69,2431
39500,577433.2602953812,69,2431
39600,581414.3545110922,69,2431
39700,585517.2275816434,69,2431
39800,589266.0314508796,69,2431
39900,593117.5587325596,69,2431
40000,596958.3567255766,69,2431
40100,600839.8469787909,69,2431
40200,604854.7215226553,69,2431
40300,608811.6378921372,69,2431
40400,613103.697296334,69,2431
40500,617046.749844548,69,2431
40600,621139.8333742876,69,2431
40700,625364.5414159369,69,2431
40800,629230.0055501927,69,2431
40900,633281.6844790645,69,2431
41000,637451.8904528845,69,2431
41100,641792.9633649095,69,2431
41200,645859.2722680063,69,2431
41300,649724.9621535792,71,2429
41400,653812.4126252912,70,2430
41500,657878.0797575172,69,2431
41600,662176.9717545934,69,2431
41700,666475.559581335,70,2430
41800,670687.752202175,70,2430
41900,674917.0089980558,71,2429
42000,678885.7559687706,69,2431
42100,682972.4939016756,69,2431
42200,687322.3594222284,69,2431
42300,691643.9577126453,69,2431
42400,696011.9036417532,69,2431
42500,700320.4658222618,70,2430
42600,704807.9939236406,69,2431
42700,709117.2458254488,69,2431
42800,713233.514608511,69,2431
42900,717755.4017418657,69,2431
43000,722162.8797112787,69,2431
43100,726471.006657398,69,2431
43200,730858.527427221,69,2431
43300,735106.9108780826,69,2431
43400,739324.0595426088,69,2431
43500,743694.789481437,69,2431
43600,748226.7031562255,69,2431
43700,752650.5019578588,69,2431
43800,757239.3248574642,69,2431
43900,761697.6119457196,69,2431
44000,766074.3959656783,69,2431
44100,770616.6556129808,69,2431
44200,775107.0208642349,69,2431
44300,779751.5647541354,69,2431
44400,784450.8859580036,69,2431
44500,789138.0170333866,69,2431
44600,793847.2315538198,69,2431
44700,798384.6859125588,69,2431
44800,802942.6324401527,69,2431
44900,807825.9503838512,69,2431
45000,812569.3022542314,69,2431
45100,816962.3300207119,69,2431
45200,821594.1122172449,69,2431
45300,826455.2308684685,69,2431
45400,831050.4665917702,69,2431
45500,835627.3186764276,69,2431
45600,840343.0283095926,69,2431
45700,844974.384679535,69,2431
45800,849781.7590506463,69,2431
45900,854547.0792791101,69,2431
46000,859211.693057106,69,2431
46100,864120.0437646881,69,2431
46200,868852.166693642,69,2431
46300,873831.4035960472,69,2431
46400,878886.0403520816,69,2431
46500,883596.8985932327,69,2431
46600,888625.2651544866,69,2431
46700,893622.0791256424,69,2431
46800,898537.9831938334,69,2431
46900,903563.8993177623,69,2431
47000,908632.3825094805,69,2431
47100,913628.0417401287,69,2431
47200,918560.0606236795,69,2431
47300,923689.5928530178,69,2431
47400,928542.0613072456,69,2431
47500,933468.0585712002,69,2431
47600,938476.6544350227,69,2431
47700,943390.2344271593,69,2431
47800,948259.6007441318,69,2431
47900,953390.5215162579,69,2431
48000,958594.3215185496,69,2431
48100,963439.5805989883,69,2431
48200,968583.2208725412,69,2431
48300,973860.2722164638,69,2431
48400,979114.2146541409,69,2431
48500,984207.1666282667,69,2431
48600,989436.5313121746,69,2431
48700,994852.0650925923,69,2431
48800,1000062.8720556175,69,2431
48900,1005299.6878769954,69,2431
49000,1010634.8213188873,69,2431
49100,1015920.9352060368,70,2430
49200,1021299.5170527485,69,2431
49300,1026597.3471298607,69,2431
49400,1031698.5604109687,69,2431
49500,1037220.447591468,71,2429
49600,1042501.5206502308,69,2431
49700,1047744.5988467142,69,2431
49800,1052912.2144456953,69,2431
49900,1058206.325054931,69,2431
50000,1063483.7278863282,69,2431
