step,msd_global,n_round,n_elongated
0,0.0,2500,0
100,24.278361310320026,2500,0
200,25.11762803191676,2494,6
300,27.40290964082221,2490,10
400,31.196011084902228,2483,17
500,31.57644696077918,2470,30
600,30.981898077288903,2455,45
700,31.632796279675457,2441,59
800,36.90299871335592,2422,78
900,38.88853954878836,2394,106
1000,41.59851624833511,2372,128
1100,47.97922653209716,2349,151
1200,51.92490436542488,2327,173
1300,60.389121960403656,2298,202
1400,70.12581662794436,2272,228
1500,84.8563760198965,2243,257
1600,98.50095108165003,2200,300
1700,112.21206989549904,2171,329
1800,120.8684429974218,2148,352
1900,137.73910273514494,2119,381
2000,153.44672477580676,2092,408
2100,176.92887382344966,2059,441
2200,203.693044272755,2029,471
2300,227.8852724161842,2011,489
2400,245.4355006837313,1988,512
2500,280.3532944767879,1970,530
2600,319.2222652422362,1957,543
2700,353.257582030334,1950,550
2800,385.3000056672788,1939,561
2900,412.98416558613695,1933,567
3000,439.02336550043646,1927,573
3100,458.7085915270848,1908,592
3200,482.00424335958604,1883,617
3300,507.8076302621579,1864,636
3400,538.5730763481589,1844,656
3500,572.8172765755112,1820,680
3600,604.6390176922991,1809,691
3700,648.5477978844232,1797,703
3800,699.2660580488621,1779,721
3900,751.7885266326157,1781,719
4000,809.7840507216629,1785,715
4100,866.3554573689934,1790,710
4200,911.3323552724216,1779,721
4300,940.0422066431861,1781,719
4400,960.2457717021167,1773,727
4500,975.2098766289936,1774,726
4600,994.1162585373277,1772,728
4700,1007.092225130377,1772,728
4800,1009.6915307247914,1782,718
4900,1006.414067525753,1787,713
5000,1015.8986797721109,1783,717
5100,1031.463885993439,1777,723
5200,1045.7532176035636,1778,722
5300,1074.9297102460475,1761,739
5400,1104.5553187857852,1749,751
5500,1141.0155944051035,1735,765
5600,1183.021491693868,1719,781
5700,1232.5182706025173,1726,774
5800,1257.855399300956,1713,787
5900,1284.0142840201038,1683,817
6000,1324.0725837895486,1672,828
6100,1369.1819567860039,1647,853
6200,1417.4691175127793,1646,854
6300,1461.1818100109563,1631,869
6400,1505.0312295751273,1616,884
6500,1545.5799513178747,1612,888
6600,1591.0664034733873,1609,891
6700,1643.6136904137961,1613,887
6800,1699.3329663036793,1617,883
6900,1744.1236632716996,1596,904
7000,1795.4080768762083,1580,920
7100,1853.1307026704528,1559,941
7200,1893.7584981664472,1538,962
7300,1942.1919054052119,1530,970
7400,1965.1593203033917,1509,991
7500,1983.2609979803528,1500,1000
7600,1997.1728870438938,1519,981
7700,1996.341647731219,1508,992
7800,2011.2020841592173,1508,992
7900,2044.7034720117495,1499,1001
8000,2087.5821429202297,1481,1019
8100,2129.4466838886724,1459,1041
8200,2182.9357446781823,1438,1062
8300,2249.697586651419,1425,1075
8400,2315.0760669415,1434,1066
8500,2392.7254773589425,1437,1063
8600,2473.083655394491,1447,1053
8700,2552.0420370521947,1441,1059
8800,2652.505915286343,1423,1077
8900,2758.945584734332,1418,1082
9000,2877.682814038478,1412,1088
9100,3020.954094458948,1403,1097
9200,3162.31389614823,1412,1088
9300,3273.0222222684265,1407,1093
9400,3409.611280387948,1376,1124
9500,3508.9363610483447,1375,1125
9600,3572.3213587224595,1367,1133
9700,3636.529343479485,1342,1158
9800,3705.4589072603812,1344,1156
9900,3783.4227802573278,1325,1175
10000,3838.248848474343,1336,1164
10100,3902.9210082078525,1325,1175
10200,3979.5644599487005,1320,1180
10300,4048.4413707935273,1316,1184
10400,4135.684156642731,1310,1190
10500,4230.809856907763,1293,1207
10600,4343.23443841619,1274,1226
10700,4476.13915536137,1264,1236
10800,4617.650946689006,1248,1252
10900,4777.548834505206,1232,1268
11000,4936.5690653017045,1206,1294
11100,5109.920022053289,1191,1309
11200,5284.641065120813,1172,1328
11300,5477.293130623853,1159,1341
11400,5685.984507702734,1139,1361
11500,5877.260780456168,1106,1394
11600,6063.362961279829,1076,1424
11700,6279.766924417469,1048,1452
11800,6458.182021587571,1014,1486
11900,6682.909259925209,987,1513
12000,6864.02751717467,964,1536
12100,7037.152830351527,943,1557
12200,7196.956908910739,909,1591
12300,7342.632885614672,901,1599
12400,7480.985448536041,882,1618
12500,7595.307812914409,869,1631
12600,7752.990170669579,834,1666
12700,7897.988319102016,807,1693
12800,8045.913919585887,761,1739
12900,8225.33875383998,719,1781
13000,8455.104696529004,707,1793
13100,8674.654614269868,674,1826
13200,8896.964063998683,650,1850
13300,9157.744247508606,629,1871
13400,9462.721278652625,602,1898
13500,9792.47808029816,581,1919
13600,10107.600026639384,561,1939
13700,10472.629416339767,550,1950
13800,10825.264208077175,538,1962
13900,11168.47387006591,532,1968
14000,11493.408961309935,512,1988
14100,11850.57192492259,499,2001
14200,12202.163988666814,491,2009
14300,12507.079434749929,474,2026
14400,12795.530585958792,440,2060
14500,13099.966596722123,411,2089
14600,13422.210190298576,400,2100
14700,13739.386649897146,388,2112
14800,14096.82990251101,380,2120
14900,14396.258780669496,368,2132
15000,14745.9880587758,353,2147
15100,15118.852127379516,347,2153
15200,15464.08053081738,332,2168
15300,15921.15646604387,339,2161
15400,16345.978516723839,331,2169
15500,16799.271888551873,314,2186
15600,17280.102683497524,308,2192
15700,17758.011670331787,292,2208
15800,18254.98927243324,273,2227
15900,18796.036392394988,264,2236
16000,19323.25667022541,257,2243
16100,19867.438265745175,258,2242
16200,20405.044879053294,253,2247
16300,20947.76084690778,250,2250
16400,21492.165535510238,236,2264
16500,21977.770019885145,221,2279
16600,22502.684646160764,218,2282
16700,22982.915122719605,203,2297
16800,23494.43914779127,186,2314
16900,24053.087849882515,175,2325
17000,24591.07820133803,158,2342
17100,25145.086546429236,141,2359
17200,25711.424963597412,127,2373
17300,26344.103628783374,114,2386
17400,26989.470954969434,100,2400
17500,27644.869517079587,94,2406
17600,28284.801102957237,84,2416
17700,29001.734014468955,67,2433
17800,29721.601480310725,62,2438
17900,30528.171976197726,50,2450
18000,31266.07552054249,48,2452
18100,32036.217280751418,36,2464
18200,32759.711846660437,39,2461
18300,33539.296561122814,39,2461
18400,34330.81956394136,36,2464
18500,35158.73923557463,46,2454
18600,35946.10997793374,42,2458
18700,36766.67435640309,47,2453
18800,37525.19116292015,50,2450
18900,38273.00013554756,62,2438
19000,39095.699148390835,59,2441
19100,39882.03512059628,48,2452
19200,40674.73445817019,39,2461
19300,41576.43846548802,29,2471
19400,42439.790677452635,25,2475
19500,43338.800002835145,29,2471
19600,44225.960716136644,25,2475
19700,45139.00904523359,23,2477
19800,46087.78734911736,14,2486
19900,47170.8383900813,16,2484
20000,48196.50643693577,19,2481
20100,49209.65500272299,22,2478
20200,50273.48561648221,20,2480
20300,51344.306560468045,20,2480
20400,52352.76388432268,24,2476
20500,53425.1684928731,27,2473
20600,54587.70842392978,25,2475
20700,55550.627969462905,24,2476
20800,56587.91134430698,19,2481
20900,57617.93747289131,19,2481
21000,58639.20441403749,15,2485
21100,59722.58267197364,8,2492
21200,60804.366714308024,8,2492
21300,61930.89247962267,9,2491
21400,63043.54905603492,8,2492
21500,64199.994823157074,8,2492
21600,65395.72875189352,8,2492
21700,66621.52288785964,11,2489
21800,67815.84614621058,12,2488
21900,69112.4353249609,10,2490
22000,70422.49224673545,8,2492
22100,71686.49127695209,8,2492
22200,73059.16667377808,8,2492
22300,74447.07011153043,8,2492
22400,75863.6387362648,8,2492
22500,77247.61464013663,8,2492
22600,78606.40261325307,8,2492
22700,79981.8379871149,8,2492
22800,81267.7503978942,8,2492
22900,82726.11438545537,10,2490
23000,84057.63543988694,9,2491
23100,85396.73464382463,8,2492
23200,86768.61463514705,9,2491
23300,88184.4574657322,8,2492
23400,89516.5932598982,8,2492
23500,90996.44590604297,8,2492
23600,92469.24178319573,8,2492
23700,93900.40652640194,8,2492
23800,95425.9930548779,8,2492
23900,96984.87767512223,8,2492
24000,98564.59237994191,8,2492
24100,100169.4914068002,8,2492
24200,101843.9390766712,9,2491
24300,103552.9352778274,8,2492
24400,105266.73885635009,8,2492
24500,107009.5697817363,8,2492
24600,108665.51464109197,8,2492
24700,110416.071755202,8,2492
24800,112058.89049462714,9,2491
24900,113712.5243494002,8,2492
25000,115420.8588935594,8,2492
25100,117122.40217003289,8,2492
25200,118696.0310162437,8,2492
25300,120324.15900577052,7,2493
25400,122100.94117499805,7,2493
25500,123748.97564449158,7,2493
25600,125468.24583561964,8,2492
25700,127247.76170387457,8,2492
25800,129118.31041368342,7,2493
25900,130926.32385018932,7,2493
26000,132784.79762813463,7,2493
26100,134666.8718589773,7,2493
26200,136725.08690548877,7,2493
26300,138725.46924509094,7,2493
26400,140691.95281007656,7,2493
26500,142735.31687553195,7,2493
26600,144835.1640801051,7,2493
26700,146863.84611322955,6,2494
26800,148739.5755930599,6,2494
26900,150756.91363500917,6,2494
27000,152841.89056829253,6,2494
27100,154804.22715687647,6,2494
27200,156718.78655819135,6,2494
27300,158706.15134261904,6,2494
27400,160615.10953156723,6,2494
27500,162545.56598895096,6,2494
27600,164623.26293450536,6,2494
27700,166759.283825581,6,2494
27800,168712.10710647958,7,2493
27900,170900.9037973677,6,2494
28000,173120.46632828907,6,2494
28100,175213.73267043277,6,2494
28200,177419.67851554503,6,2494
28300,179754.18324883113,10,2490
28400,182141.20184958476,7,2493
28500,184453.27030138558,6,2494
28600,186785.79005888113,6,2494
28700,189169.83462874038,6,2494
28800,191540.23100696524,6,2494
28900,193773.6059366576,6,2494
29000,196098.22695243813,6,2494
29100,198469.3217447996,6,2494
29200,200703.9293605322,6,2494
29300,202849.76880755363,6,2494
29400,205003.64501036963,6,2494
29500,207282.67134885164,6,2494
29600,209609.38454875821,8,2492
29700,211920.67147671405,7,2493
29800,214315.8342702964,7,2493
29900,216773.84078210234,7,2493
30000,219165.56907503377,7,2493
30100,221619.35492769393,8,2492
30200,224199.44147164302,7,2493
30300,226809.4988985155,10,2490
30400,229392.06458838712,11,2489
30500,231963.35640783387,7,2493
30600,234610.5259963593,8,2492
30700,237354.06137384652,7,2493
30800,239909.27463563098,7,2493
30900,242461.07325585565,7,2493
31000,244979.41903683313,7,2493
31100,247548.05069213375,7,2493
31200,250000.74738237963,7,2493
31300,252551.92496385088,7,2493
31400,254934.54980137965,8,2492
31500,257383.2654265459,12,2488
31600,259826.64038816147,12,2488
31700,262455.7353575997,12,2488
31800,265059.10699100845,15,2485
31900,267850.31787606224,13,2487
32000,270521.8737837148,10,2490
32100,273110.8203069125,9,2491
32200,275842.2753365698,7,2493
32300,278677.75848849,7,2493
32400,281516.8847894111,11,2489
32500,284406.44438947947,8,2492
32600,287155.0973017808,7,2493
32700,289947.944957392,7,2493
32800,292717.69000993954,7,2493
32900,295608.35765786783,7,2493
33000,298529.79159164027,7,2493
33100,301233.498704602,7,2493
33200,304056.64090405527,9,2491
33300,306797.9141638239,14,2486
33400,309435.5780736589,13,2487
33500,312199.168558222,10,2490
33600,314782.6284012138,8,2492
33700,317434.73757754976,8,2492
33800,320215.9270389606,7,2493
33900,323088.3173541212,7,2493
34000,326083.7284440402,7,2493
34100,329131.12677294825,7,2493
34200,332008.30873455707,7,2493
34300,335116.63787722855,8,2492
34400,338113.83309727936,9,2491
34500,341234.53316293325,8,2492
34600,344340.09516361856,8,2492
34700,347484.4141856412,8,2492
34800,350499.25120665925,9,2491
34900,353545.6629645859,9,2491
35000,356696.23731118825,15,2485
35100,359693.63067305495,13,2487
35200,362491.8968231907,13,2487
35300,365602.212726759,11,2489
35400,368759.49355990684,10,2490
35500,371692.18377758196,10,2490
35600,374724.9497652655,10,2490
35700,377658.40162882546,10,2490
35800,380760.7891054207,10,2490
35900,383802.715486619,10,2490
36000,386998.59990023164,10,2490
36100,390148.66750547953,11,2489
36200,393330.57601065846,11,2489
36300,396539.7063439733,14,2486
36400,400006.015115385,13,2487
36500,403414.1380708045,12,2488
36600,406657.4771667161,12,2488
36700,410094.44456327293,12,2488
36800,413525.05527361186,12,2488
36900,416953.86589790246,12,2488
37000,420135.1571661595,12,2488
37100,423415.6344327573,12,2488
37200,426532.5856100509,12,2488
37300,429728.50962550985,12,2488
37400,433262.65561774786,12,2488
37500,436490.59175767214,12,2488
37600,439909.7401072403,13,2487
37700,443228.5535598757,12,2488
37800,446360.36345832824,12,2488
37900,449795.8109332725,11,2489
38000,452997.24882037676,9,2491
38100,456509.76764762995,7,2493
38200,459841.4865014738,5,2495
38300,463312.52461650246,6,2494
38400,466935.16583875637,7,2493
38500,470503.25431095116,7,2493
38600,474025.68204218656,9,2491
38700,477847.80974760075,7,2493
38800,481524.58374449046,5,2495
38900,485184.375640402,5,2495
39000,488616.3115487671,4,2496
39100,492160.7826854454,4,2496
39200,495842.2190603333,4,2496
39300,499182.9805461026,8,2492
39400,502489.98583074706,7,2493
39500,506154.90105816565,5,2495
39600,509817.8063999769,5,2495
39700,513669.10405683995,7,2493
39800,517276.7602353304,6,2494
39900,520883.5094275364,6,2494
40000,524470.2439249778,4,2496
40100,527987.725068737,4,2496
40200,531785.2332131518,4,2496
40300,535195.3620512354,4,2496
40400,538934.0072857323,4,2496
40500,542850.1920583673,4,2496
40600,546802.7900050209,4,2496
40700,550606.8913918242,4,2496
40800,554640.4194581067,4,2496
40900,558715.5239932361,4,2496
41000,562623.6742861413,4,2496
41100,566361.850956333,4,2496
41200,570256.802180756,4,2496
41300,574202.9819031789,4,2496
41400,578003.4191808294,4,2496
41500,581972.548322414,4,2496
41600,585705.5783411098,4,2496
41700,589683.9550453261,4,2496
41800,593521.9516865751,4,2496
41900,597709.4767716166,4,2496
42000,601680.6557133502,4,2496
42100,605378.7423321266,4,2496
42200,609255.9039593518,4,2496
42300,613216.3001105689,4,2496
42400,617230.6147738327,4,2496
42500,621361.7759215211,4,2496
42600,625430.423337328,4,2496
42700,629512.3800521297,4,2496
42800,633861.2830017784,4,2496
42900,638172.0715870309,4,2496
43000,642580.0156516377,4,2496
43100,646969.8366477523,4,2496
43200,651232.8851078646,5,2495
43300,655367.9797052527,5,2495
43400,659307.6250081717,5,2495
43500,663587.3996094522,5,2495
43600,667733.8698768601,5,2495
43700,671937.9900013917,5,2495
43800,676293.4124986822,5,2495
43900,680675.7373101116,5,2495
44000,684954.3210743093,5,2495
44100,689258.2851903123,5,2495
44200,693524.3843184822,5,2495
44300,697798.5835126799,5,2495
44400,701828.3140417048,5,2495
44500,706190.334559522,5,2495
44600,710624.7206831414,5,2495
44700,715249.6093961633,5,2495
44800,719727.4239316606,5,2495
44900,724307.1043668991,5,2495
45000,728911.7209322876,5,2495
45100,733527.6260476569,6,2494
45200,738140.047826301,9,2491
45300,742818.4964043098,9,2491
45400,747417.4115892847,9,2491
45500,752057.7739655639,9,2491
45600,756397.6585305986,11,2489
45700,760857.4780279484,11,2489
45800,765397.2464790592,11,2489
45900,769826.0640830648,11,2489
46000,774427.2467798155,11,2489
46100,778898.5340911793,11,2489
46200,783417.6604181202,7,2493
46300,788249.9154092041,4,2496
46400,792977.5871790485,4,2496
46500,797409.5868992294,4,2496
46600,801858.9741585959,4,2496
46700,806627.261256851,5,2495
46800,811309.5907287418,4,2496
46900,816190.0806207507,4,2496
47000,820917.4860099558,4,2496
47100,826002.4616358561,4,2496
47200,830997.169357188,4,2496
47300,835689.3613645595,4,2496
47400,840571.3230463364,4,2496
47500,845252.9877033411,4,2496
47600,850184.0753143912,4,2496
47700,855034.0746080183,4,2496
47800,859831.9198014423,4,2496
47900,864631.4680700924,4,2496
48000,869709.3918146084,4,2496
48100,874564.3209520028,4,2496
48200,879415.0606159548,4,2496
48300,884250.4163635867,4,2496
48400,889086.4644541065,4,2496
48500,893968.0947520712,4,2496
48600,898887.5723038738,4,2496
48700,903961.1834130253,4,2496
48800,908916.2024550715,6,2494
48900,913911.6030949372,4,2496
49000,918982.6099586842,4,2496
49100,924079.6605517254,4,2496
49200,929424.9162133355,4,2496
49300,934673.2599344836,4,2496
49400,939524.1635430777,4,2496
49500,944747.7253384603,4,2496
49600,949902.7574739647,4,2496
49700,955123.4401583824,4,2496
49800,960315.2072793846,4,2496
49900,965407.8518713429,4,2496
50000,970782.179815156,4,2496
