step,msd_global,n_round,n_elongated
0,0.0,2500,0
100,23.4171074863124,2500,0
200,25.760890435796576,2496,4
300,26.602420630178514,2489,11
400,26.14144530974801,2481,19
500,26.589727227602566,2469,31
600,28.7429795126697,2448,52
700,29.96786372045168,2426,74
800,33.985055014657014,2412,88
900,36.34269758617998,2387,113
1000,40.879769477833676,2364,136
1100,45.01657355935755,2339,161
1200,50.778513428800665,2298,202
1300,63.193162723092016,2270,230
1400,71.5968902851272,2232,268
1500,82.35268615621361,2193,307
1600,94.24375614121114,2159,341
1700,108.15351484729673,2125,375
1800,121.21538919743972,2112,388
1900,135.83715814434072,2089,411
2000,151.17899121438793,2060,440
2100,170.32703399789142,2032,468
2200,192.8609326130607,2007,493
2300,214.1937946430005,1964,536
2400,240.35122404591647,1942,558
2500,260.25803021486297,1931,569
2600,286.1395402874327,1905,595
2700,307.2339931013068,1894,606
2800,329.04756718165424,1883,617
2900,355.9836456264787,1867,633
3000,385.44053241806904,1866,634
3100,416.1771930240399,1842,658
3200,438.0857173195841,1812,688
3300,461.9263068828208,1816,684
3400,480.62016926485535,1784,716
3500,498.1433515143728,1742,758
3600,521.1001850845711,1709,791
3700,548.7891451507586,1706,794
3800,583.662705611463,1710,790
3900,618.4074420583884,1713,787
4000,660.5042743753424,1706,794
4100,704.2523775186946,1672,828
4200,750.3740470163768,1668,832
4300,804.4973765086098,1668,832
4400,855.781140477944,1655,845
4500,900.0853301088385,1625,875
4600,938.1641558906587,1623,877
4700,976.0843800527326,1654,846
4800,1004.9548035648203,1637,863
4900,1035.7821939659748,1640,860
5000,1066.0370530451744,1639,861
5100,1109.8072301536583,1643,857
5200,1156.4872262762267,1629,871
5300,1209.3940406451115,1610,890
5400,1251.3197044876451,1602,898
5500,1276.5457936646815,1598,902
5600,1305.3524079441875,1589,911
5700,1337.2673025117554,1577,923
5800,1357.1533050873686,1585,915
5900,1387.5553121289863,1589,911
6000,1409.9825500196234,1585,915
6100,1462.5222741569573,1590,910
6200,1524.0228425251057,1581,919
6300,1582.9589230259828,1567,933
6400,1645.0589931932848,1538,962
6500,1719.0875810777745,1514,986
6600,1786.5030258664217,1493,1007
6700,1859.074112481504,1478,1022
6800,1910.3193180644168,1474,1026
6900,1954.5516599032603,1458,1042
7000,1991.7283890663027,1443,1057
7100,2004.1689866615184,1450,1050
7200,2039.8681716420724,1457,1043
7300,2084.006849358312,1467,1033
7400,2158.748323127682,1459,1041
7500,2218.8159830888762,1455,1045
7600,2279.241742806591,1440,1060
7700,2338.5198256487843,1432,1068
7800,2427.888016218706,1418,1082
7900,2512.0919135086024,1410,1090
8000,2612.564451723099,1381,1119
8100,2714.385883574331,1351,1149
8200,2784.953978021075,1349,1151
8300,2863.4128913189115,1347,1153
8400,2937.1713928394756,1342,1158
8500,2983.4881156210754,1322,1178
8600,3035.039235076393,1312,1188
8700,3064.909858852038,1319,1181
8800,3090.0505805106523,1309,1191
8900,3125.4992341299253,1306,1194
9000,3158.280523434297,1309,1191
9100,3197.547341147405,1299,1201
9200,3231.5786464252024,1298,1202
9300,3247.680653155459,1295,1205
9400,3289.1018771796375,1281,1219
9500,3376.2403686680696,1277,1223
9600,3459.139907392624,1275,1225
9700,3602.3014123574108,1276,1224
9800,3717.278378711161,1261,1239
9900,3810.7170665915237,1259,1241
10000,3875.8251751255766,1233,1267
10100,3927.6188705433465,1231,1269
10200,3973.4791220975712,1213,1287
10300,4011.9715006731553,1191,1309
10400,4057.9386410054713,1177,1323
10500,4087.150345783733,1191,1309
10600,4115.239565356954,1165,1335
10700,4149.05102992399,1158,1342
10800,4177.289814437435,1151,1349
10900,4229.862986502567,1143,1357
11000,4295.314724852602,1146,1354
11100,4369.5080819355835,1145,1355
11200,4456.96674360916,1157,1343
11300,4508.951869478993,1159,1341
11400,4611.934737572835,1143,1357
11500,4737.024866620123,1133,1367
11600,4821.638911573909,1115,1385
11700,4927.242209934141,1089,1411
11800,5009.156609803553,1079,1421
11900,5110.13860713347,1053,1447
12000,5222.360017434052,1030,1470
12100,5298.668280819256,1016,1484
12200,5421.887659233967,1028,1472
12300,5549.532844905423,1044,1456
12400,5659.542653163625,1048,1452
12500,5750.760638122222,1063,1437
12600,5842.076333861697,1051,1449
12700,5957.7603443866865,1031,1469
12800,6085.828445888797,1017,1483
12900,6224.354449480271,1015,1485
13000,6337.617483034485,999,1501
13100,6414.015733562954,1000,1500
13200,6530.0528188089565,985,1515
13300,6604.524298189364,982,1518
13400,6705.1715095439795,997,1503
13500,6806.695036552506,997,1503
13600,6919.6654860659655,1003,1497
13700,7079.263659966813,991,1509
13800,7234.795284073233,1018,1482
13900,7407.84313624171,1031,1469
14000,7606.854540514708,1039,1461
14100,7783.548188533842,1054,1446
14200,7941.093946212347,1061,1439
14300,8094.810845525396,1053,1447
14400,8222.840916385607,1052,1448
14500,8371.220694748688,1069,1431
14600,8524.076970200842,1075,1425
14700,8696.281365985764,1084,1416
14800,8836.783333085383,1076,1424
14900,8984.252641824323,1073,1427
15000,9139.23497741265,1052,1448
15100,9316.271598672574,1049,1451
15200,9497.691464443225,1037,1463
15300,9698.453383651755,1022,1478
15400,9917.384444627842,1018,1482
15500,10109.954935583628,1005,1495
15600,10294.847664149524,1010,1490
15700,10432.851589664013,1015,1485
15800,10584.35901775932,1013,1487
15900,10745.128511416415,1033,1467
16000,10880.980252132103,1026,1474
16100,11064.003333109402,1033,1467
16200,11181.658821320332,1049,1451
16300,11371.21331232372,1046,1454
16400,11587.903136825596,1035,1465
16500,11801.923663551876,1021,1479
16600,12066.463784545287,1034,1466
16700,12319.149707715147,1030,1470
16800,12562.150462789497,1025,1475
16900,12783.474673930452,1043,1457
17000,12961.354299944991,1039,1461
17100,13091.147525171491,1023,1477
17200,13238.879855410156,999,1501
17300,13354.342738509702,982,1518
17400,13450.566514842278,965,1535
17500,13564.566739805352,942,1558
17600,13614.922286534429,895,1605
17700,13722.45915485884,881,1619
17800,13791.012534347683,850,1650
17900,13862.94275843107,824,1676
18000,13965.580784787067,790,1710
18100,14068.91662402866,754,1746
18200,14269.23643303324,722,1778
18300,14503.967238065276,712,1788
18400,14731.021887091201,695,1805
18500,15021.233594799989,660,1840
18600,15275.613967707764,649,1851
18700,15525.071756844705,611,1889
18800,15818.443983765781,572,1928
18900,16206.837987544015,548,1952
19000,16622.836786485972,529,1971
19100,17074.699509496462,512,1988
19200,17484.68293628042,496,2004
19300,17934.591972262926,501,1999
19400,18368.18161620811,478,2022
19500,18827.59132513685,487,2013
19600,19221.29302512667,484,2016
19700,19573.90245461679,488,2012
19800,19961.30337788704,495,2005
19900,20295.388351064506,509,1991
20000,20680.71192214293,508,1992
20100,20990.866757416647,491,2009
20200,21297.3205075627,484,2016
20300,21582.74244800843,462,2038
20400,21898.868262327655,420,2080
20500,22160.573227927835,389,2111
20600,22504.02737433151,355,2145
20700,22938.260740458394,344,2156
20800,23320.8012588059,334,2166
20900,23717.65126750462,348,2152
21000,24127.534809762834,354,2146
21100,24540.426125198595,357,2143
21200,25029.463750474642,371,2129
21300,25487.635810252865,355,2145
21400,26096.961190228612,355,2145
21500,26727.34039105694,344,2156
21600,27263.666581489106,322,2178
21700,27920.401135476826,305,2195
21800,28448.235395010317,305,2195
21900,28906.698500690018,294,2206
22000,29458.249474122356,270,2230
22100,30008.55687938231,257,2243
22200,30550.52395149636,253,2247
22300,31109.83663702742,231,2269
22400,31711.97618559277,222,2278
22500,32255.99581739711,208,2292
22600,32812.93451435928,207,2293
22700,33418.23674175267,202,2298
22800,33951.109544081155,195,2305
22900,34609.4596601648,202,2298
23000,35258.4935381266,202,2298
23100,35886.316225958195,211,2289
23200,36633.70953242002,201,2299
23300,37347.35352654893,189,2311
23400,38124.37498575435,167,2333
23500,38929.59778101049,152,2348
23600,39762.46617864872,153,2347
23700,40576.16703041253,154,2346
23800,41459.97971455511,150,2350
23900,42130.08665081534,151,2349
24000,42888.17133038952,146,2354
24100,43605.51145761253,139,2361
24200,44388.45591922634,140,2360
24300,45141.51443859371,132,2368
24400,45942.03945755191,126,2374
24500,46683.39509058521,122,2378
24600,47504.02174836728,118,2382
24700,48247.10066936667,109,2391
24800,49060.8260501652,109,2391
24900,49905.3922987129,104,2396
25000,50715.88059070853,106,2394
25100,51582.67402917521,105,2395
25200,52501.96645512061,99,2401
25300,53495.923057930384,95,2405
25400,54539.630952952815,89,2411
25500,55513.39811239978,81,2419
25600,56616.59105822687,78,2422
25700,57757.86173237722,79,2421
25800,58820.371562323104,81,2419
25900,59954.80056017264,84,2416
26000,60982.58287434652,82,2418
26100,61995.17792057183,94,2406
26200,62980.06008668244,116,2384
26300,63922.880405598284,129,2371
26400,64843.32752590473,145,2355
26500,65760.40842951277,142,2358
26600,66647.78783661553,157,2343
26700,67542.77277452528,190,2310
26800,68482.61644878802,214,2286
26900,69406.72936952281,265,2235
27000,70347.86038945208,285,2215
27100,71402.68544545949,302,2198
27200,72464.96908921805,338,2162
27300,73477.0616855737,349,2151
27400,74585.05693774753,375,2125
27500,75610.48404629638,373,2127
27600,76726.72933362305,367,2133
27700,77856.5446521337,365,2135
27800,78914.7398096586,374,2126
27900,80047.11579653568,374,2126
28000,81124.1861101212,380,2120
28100,82159.59502995944,406,2094
28200,83150.38144163192,411,2089
28300,84203.7777982629,421,2079
28400,85134.95865783971,428,2072
28500,86150.06409389869,433,2067
28600,87132.62661590654,429,2071
28700,88012.62862978964,444,2056
28800,88897.8928594512,444,2056
28900,89766.01067831747,459,2041
29000,90701.77241857762,477,2023
29100,91634.27048307373,482,2018
29200,92662.24579962008,490,2010
29300,93701.72696301158,496,2004
29400,94647.05764089622,489,2011
29500,95792.03433936017,488,2012
29600,96900.60346716322,501,1999
29700,98042.01636004735,492,2008
29800,99121.80406495283,478,2022
29900,100207.81691356507,465,2035
30000,101111.04427978874,455,2045
30100,102169.15953493689,447,2053
30200,103129.49831458369,427,2073
30300,104006.90119629644,424,2076
30400,104921.24146715166,417,2083
30500,105962.81810173551,415,2085
30600,106978.87845787007,416,2084
30700,108028.51593186379,426,2074
30800,109093.04496843362,429,2071
30900,110219.54751027288,432,2068
31000,111256.99230156335,448,2052
31100,112305.29505197902,466,2034
31200,113243.58598502551,481,2019
31300,114195.50696588626,461,2039
31400,115086.36120837045,440,2060
31500,116081.86870237188,445,2055
31600,117192.84414418438,456,2044
31700,118151.14581205578,454,2046
31800,119277.82516715498,459,2041
31900,120457.65001746478,476,2024
32000,121624.45186288256,477,2023
32100,122735.34444778941,474,2026
32200,123799.52494748705,463,2037
32300,124944.11724039011,447,2053
32400,126190.87636969486,427,2073
32500,127312.25433834085,406,2094
32600,128433.31089561393,391,2109
32700,129566.81099751659,385,2115
32800,130801.46109029165,364,2136
32900,131954.47874914957,345,2155
33000,133199.88833472363,342,2158
33100,134537.29721856667,326,2174
33200,135863.20144249918,319,2181
33300,136944.4665682751,309,2191
33400,138170.2210789478,301,2199
33500,139351.97863889433,303,2197
33600,140466.99826631122,300,2200
33700,141598.06341687188,292,2208
33800,142795.58160242133,290,2210
33900,143951.54772587214,270,2230
34000,145242.3133976356,265,2235
34100,146649.98367829365,247,2253
34200,148137.50891778464,235,2265
34300,149511.7215280895,222,2278
34400,150873.12435997068,200,2300
34500,152316.0549540928,191,2309
34600,153726.52825254074,180,2320
34700,154884.48152083627,168,2332
34800,156190.728179935,176,2324
34900,157455.65745408894,169,2331
35000,158673.84015572368,167,2333
35100,160037.58064920673,168,2332
35200,161310.95097657386,171,2329
35300,162598.289788693,180,2320
35400,163871.7338243973,208,2292
35500,165022.74840179077,216,2284
35600,166281.08546366516,231,2269
35700,167670.128053565,251,2249
35800,168908.46313854432,263,2237
35900,170203.18091493298,278,2222
36000,171660.20751712905,285,2215
36100,173143.40589335765,296,2204
36200,174645.53605289053,305,2195
36300,176357.84676386567,303,2197
36400,177919.87773353,291,2209
36500,179514.17434534625,273,2227
36600,181094.28752014035,274,2226
36700,182676.3662413784,275,2225
36800,184184.47552018694,296,2204
36900,185689.20358538398,298,2202
37000,187166.4991469118,287,2213
37100,188604.4964150551,276,2224
37200,190169.81545544276,269,2231
37300,191530.80810374726,259,2241
37400,192760.7123940764,242,2258
37500,193889.8721372693,231,2269
37600,195155.74158501922,222,2278
37700,196535.053122786,222,2278
37800,197869.3930262249,231,2269
37900,199408.88905369307,239,2261
38000,200906.4799261211,237,2263
38100,202304.17759705678,229,2271
38200,203753.58146984587,236,2264
38300,205242.86506026593,245,2255
38400,206804.87298185582,238,2262
38500,208507.0695848261,227,2273
38600,210242.23369202262,208,2292
38700,211874.28929743488,188,2312
38800,213655.3540989675,160,2340
38900,215281.9038350937,130,2370
39000,217119.67848628978,103,2397
39100,218681.72718512028,82,2418
39200,220345.76444637708,63,2437
39300,222031.37612910257,60,2440
39400,223785.20391436678,59,2441
39500,225357.23288899718,62,2438
39600,226714.02956528388,69,2431
39700,228109.69406077624,72,2428
39800,229434.39121564504,73,2427
39900,230812.54358741283,71,2429
40000,232344.4020163137,62,2438
40100,233959.99646834278,57,2443
40200,235538.15926651473,59,2441
40300,237152.64241072425,60,2440
40400,238854.68094531854,61,2439
40500,240608.51379374028,54,2446
40600,242368.28813570822,56,2444
40700,244105.92860500258,46,2454
40800,245861.52970927476,46,2454
40900,247758.43574740138,43,2457
41000,249612.01559027153,42,2458
41100,251519.74255050693,38,2462
41200,253335.98479235725,30,2470
41300,254980.66803624906,40,2460
41400,256859.38511033764,38,2462
41500,258595.13530722665,43,2457
41600,260180.04555321008,38,2462
41700,261704.24242427378,42,2458
41800,263217.7662209775,43,2457
41900,265007.80953283026,36,2464
42000,266617.66736870643,41,2459
42100,268266.5003851452,35,2465
42200,269915.0782300045,40,2460
42300,271744.6173077704,34,2466
42400,273590.65308703104,37,2463
42500,275634.5211976832,33,2467
42600,277687.15425513836,24,2476
42700,279707.1749828677,20,2480
42800,281833.7712525732,15,2485
42900,283796.64986677584,15,2485
43000,285634.73098156374,16,2484
43100,287723.11598663207,17,2483
43200,289776.95698471833,16,2484
43300,291821.1376629124,16,2484
43400,293990.97524089547,16,2484
43500,296218.9938735723,15,2485
43600,297739.2822907438,15,2485
43700,299753.3549120032,16,2484
43800,301735.1971007995,16,2484
43900,303397.96633915603,18,2482
44000,305273.5509389427,20,2480
44100,307218.9604859291,24,2476
44200,309322.57695699454,23,2477
44300,311139.6317427931,24,2476
44400,313220.37775374245,17,2483
44500,315230.4284366522,15,2485
44600,317286.5942140189,20,2480
44700,319541.31100201904,20,2480
44800,321827.34252064646,19,2481
44900,324282.8766711149,21,2479
45000,326445.3517473887,20,2480
45100,328799.9416041341,22,2478
45200,331058.3258536251,22,2478
45300,333293.6894888431,21,2479
45400,335526.4432953686,18,2482
45500,337935.3237488594,15,2485
45600,340208.2142758289,16,2484
45700,342205.63091333816,15,2485
45800,344438.5586943201,15,2485
45900,346460.805414193,15,2485
46000,348686.9985073201,18,2482
46100,350675.6153156627,18,2482
46200,352848.58492123464,15,2485
46300,355273.081146871,15,2485
46400,357563.0712670635,15,2485
46500,359855.1008525148,15,2485
46600,362128.17099344474,16,2484
46700,364493.44355539465,16,2484
46800,367019.35280482005,16,2484
46900,369680.5136146861,17,2483
47000,372288.7786140947,16,2484
47100,374844.7526438501,16,2484
47200,377410.7909591471,16,2484
47300,380091.83830772573,16,2484
47400,382460.6007094889,16,2484
47500,385043.06646982767,17,2483
47600,387603.9392067804,17,2483
47700,390072.4200135674,17,2483
47800,392260.02853730496,17,2483
47900,394777.0703652004,17,2483
48000,397111.3020844812,17,2483
48100,399554.9057994793,17,2483
48200,402026.58189383475,18,2482
48300,404419.56685923145,18,2482
48400,407244.99862107576,19,2481
48500,409813.31302179705,19,2481
48600,412287.93770156195,19,2481
48700,415026.6631007103,19,2481
48800,417752.2433210064,21,2479
48900,420556.8133099703,27,2473
49000,423430.5922162449,29,2471
49100,426263.757181058,32,2468
49200,428943.8505350504,28,2472
49300,431881.1843315935,22,2478
49400,434616.23998685245,21,2479
49500,437365.29242817976,21,2479
49600,440217.2586317303,21,2479
49700,443040.277817448,21,2479
49800,446058.49039380095,22,2478
49900,448693.35598793614,21,2479
50000,451285.16926030006,22,2478
