step,msd_global,n_round,n_elongated
0,0.0,2500,0
100,24.889123671087205,2500,0
200,27.176623192932464,2481,19
300,28.706959730661527,2466,34
400,29.892381145325675,2448,52
500,31.219524549287964,2428,72
600,34.41745030386023,2401,99
700,41.490390519981865,2366,134
800,47.53833654688557,2331,169
900,55.440174074216664,2301,199
1000,65.41169958049615,2271,229
1100,75.0180741313627,2225,275
1200,85.76854397857949,2179,321
1300,100.44256744711997,2135,365
1400,117.36354265471482,2095,405
1500,135.79966252410546,2062,438
1600,147.46891619156227,2035,465
1700,165.63292412821122,2001,499
1800,188.69165646414925,1979,521
1900,203.699556118382,1961,539
2000,217.1682557433335,1946,554
2100,228.4794967585039,1934,566
2200,247.26773238937207,1919,581
2300,266.0058404313128,1875,625
2400,291.45247684903865,1843,657
2500,300.1999098436516,1846,654
2600,318.29162218886665,1818,682
2700,334.69423585865394,1798,702
2800,354.8493934037468,1767,733
2900,387.28545324107375,1741,759
3000,423.1341781870232,1729,771
3100,456.78592123385306,1716,784
3200,493.1974863368677,1706,794
3300,533.0210592769021,1697,803
3400,570.1377605799227,1680,820
3500,612.5868977934226,1658,842
3600,657.2429077797958,1643,857
3700,697.3103039247098,1619,881
3800,734.421243362103,1605,895
3900,776.1142429526193,1591,909
4000,823.0008224049685,1578,922
4100,871.8290352499902,1566,934
4200,927.4279738379443,1552,948
4300,982.8478236791913,1541,959
4400,1036.618779621917,1518,982
4500,1076.2405057186152,1499,1001
4600,1106.828115281792,1485,1015
4700,1134.2247004881026,1470,1030
4800,1171.4464310394264,1469,1031
4900,1201.562210209585,1471,1029
5000,1243.6927084163192,1458,1042
5100,1296.501490703478,1442,1058
5200,1351.0209221780053,1408,1092
5300,1424.089091696093,1394,1106
5400,1495.8291250826423,1383,1117
5500,1586.471055032173,1377,1123
5600,1688.8728043921496,1365,1135
5700,1799.7175003855384,1362,1138
5800,1911.952382422854,1364,1136
5900,2036.0231503868476,1360,1140
6000,2153.6160411762344,1359,1141
6100,2271.5587236002243,1353,1147
6200,2406.455327394949,1346,1154
6300,2541.811688444473,1341,1159
6400,2672.482022110254,1324,1176
6500,2790.3207143908785,1322,1178
6600,2897.2432704363214,1314,1186
6700,2976.045490696149,1293,1207
6800,3044.1972395044327,1277,1223
6900,3099.677258388709,1264,1236
7000,3136.543212655982,1253,1247
7100,3194.1577388694964,1242,1258
7200,3260.4790828775485,1212,1288
7300,3323.675196189103,1199,1301
7400,3410.7333218730314,1188,1312
7500,3512.3307261233194,1178,1322
7600,3616.063880789871,1161,1339
7700,3746.5480433489897,1124,1376
7800,3874.5769573702582,1105,1395
7900,4021.318631564244,1084,1416
8000,4185.6309090626955,1061,1439
8100,4368.10743789256,1031,1469
8200,4573.503937174489,1021,1479
8300,4768.510768927603,1005,1495
8400,4957.1294562745925,997,1503
8500,5168.40279865795,983,1517
8600,5380.211582082142,961,1539
8700,5623.080326999626,945,1555
8800,5891.359688230461,958,1542
8900,6157.484200657342,951,1549
9000,6439.751246414403,951,1549
9100,6759.1472165316045,934,1566
9200,7077.83254592577,909,1591
9300,7358.06296570524,882,1618
9400,7674.254388790911,859,1641
9500,8018.244795024811,832,1668
9600,8373.016278330511,837,1663
9700,8708.270447817677,824,1676
9800,9092.137283279788,804,1696
9900,9480.785848610074,796,1704
10000,9789.481972747257,791,1709
10100,10063.51246571109,792,1708
10200,10289.40093670214,782,1718
10300,10455.53033952159,765,1735
10400,10639.547254044717,738,1762
10500,10867.834632756525,725,1775
10600,11092.703289551147,715,1785
10700,11347.77591813345,681,1819
10800,11618.55371280747,661,1839
10900,11889.063621685633,634,1866
11000,12210.440137978994,628,1872
11100,12542.508057406894,617,1883
11200,12852.126925237382,589,1911
11300,13159.350082759604,578,1922
11400,13463.173533121515,556,1944
11500,13810.491401545662,554,1946
11600,14169.439405058527,552,1948
11700,14502.722508565823,546,1954
11800,14874.220114598467,556,1944
11900,15265.42997433435,560,1940
12000,15685.029914800543,563,1937
12100,16104.478657386297,552,1948
12200,16537.971531397612,539,1961
12300,16965.758799308664,532,1968
12400,17423.74571119077,524,1976
12500,17870.248789473593,515,1985
12600,18316.192210097575,476,2024
12700,18784.283717351216,470,2030
12800,19312.276109226732,454,2046
12900,19825.49062546671,442,2058
13000,20322.481251133733,415,2085
13100,20812.868482437476,397,2103
13200,21323.483918661874,389,2111
13300,21781.94230531548,388,2112
13400,22224.802267927407,363,2137
13500,22726.15471939283,363,2137
13600,23188.578457039832,349,2151
13700,23686.94096243252,324,2176
13800,24220.451833967523,304,2196
13900,24752.33758655703,293,2207
14000,25254.81749400812,272,2228
14100,25784.21758008273,261,2239
14200,26299.04609649909,257,2243
14300,26795.604666134303,258,2242
14400,27329.090704533253,251,2249
14500,27888.534799067205,245,2255
14600,28405.979919925594,236,2264
14700,28998.888964423488,243,2257
14800,29512.070870510626,237,2263
14900,30091.176983538462,235,2265
15000,30671.061665260135,225,2275
15100,31218.03238532542,206,2294
15200,31858.404664069014,207,2293
15300,32508.35722999395,195,2305
15400,33158.89608404926,185,2315
15500,33859.560238172024,174,2326
15600,34584.512578944814,155,2345
15700,35302.2332114093,137,2363
15800,36085.780923212515,124,2376
15900,36881.01663129313,123,2377
16000,37683.07698684174,106,2394
16100,38503.51201061523,94,2406
16200,39333.03758700707,86,2414
16300,40145.88336541361,81,2419
16400,40905.71949682826,73,2427
16500,41738.11005447407,78,2422
16600,42549.20075114839,72,2428
16700,43417.513519529115,68,2432
16800,44206.8170617144,67,2433
16900,45001.964500310394,68,2432
17000,45902.73308405855,70,2430
17100,46660.50758002809,80,2420
17200,47427.44056141755,83,2417
17300,48277.06632515111,89,2411
17400,49129.86566333064,91,2409
17500,49956.35590968474,101,2399
17600,50847.305944770946,102,2398
17700,51629.54390066698,91,2409
17800,52574.49948240932,93,2407
17900,53481.207521354176,82,2418
18000,54358.92109005915,62,2438
18100,55363.333972802415,51,2449
18200,56217.5917532413,37,2463
18300,57175.678384214,26,2474
18400,58182.47818257828,20,2480
18500,59187.60118443511,20,2480
18600,60261.866999360274,19,2481
18700,61364.974591940736,20,2480
18800,62475.07039061588,20,2480
18900,63622.43900665481,23,2477
19000,64850.063582825685,22,2478
19100,65937.44823886036,24,2476
19200,67074.58034205386,22,2478
19300,68314.41417443991,19,2481
19400,69500.20241843318,20,2480
19500,70773.18554583538,23,2477
19600,71965.81695338777,26,2474
19700,73127.12014809954,20,2480
19800,74352.41084499183,17,2483
19900,75519.24650592882,13,2487
20000,76662.03117281437,9,2491
20100,77920.99766838574,9,2491
20200,79217.0677919669,9,2491
20300,80484.11070991942,11,2489
20400,81702.61957628666,13,2487
20500,82955.27936426463,13,2487
20600,84214.03644329906,11,2489
20700,85469.17149310753,8,2492
20800,86812.14165148248,9,2491
20900,88124.8825603242,10,2490
21000,89495.95358474806,11,2489
21100,90839.39985985796,8,2492
21200,92161.0876746421,5,2495
21300,93546.94728951552,5,2495
21400,94984.5629834717,5,2495
21500,96363.34826619203,6,2494
21600,97818.57725191598,7,2493
21700,99309.25543430234,5,2495
21800,100815.64438359354,5,2495
21900,102337.52988378509,5,2495
22000,103912.50258402334,5,2495
22100,105505.5420210642,5,2495
22200,106977.9068904919,5,2495
22300,108631.96966929884,5,2495
22400,110243.9204154993,5,2495
22500,111939.69887926147,5,2495
22600,113535.22588670217,5,2495
22700,115224.40483806714,5,2495
22800,116869.15091465798,5,2495
22900,118441.70717230358,5,2495
23000,120072.795087189,5,2495
23100,121710.47127881418,5,2495
23200,123328.38334034891,5,2495
23300,125033.88438637233,4,2496
23400,126703.42502898497,4,2496
23500,128392.5458947156,4,2496
23600,130073.5510344459,4,2496
23700,131742.20619537155,4,2496
23800,133432.35409524757,4,2496
23900,135090.74499207537,4,2496
24000,136771.96062423903,4,2496
24100,138582.7100896567,4,2496
24200,140364.53999325933,4,2496
24300,142262.9092664482,4,2496
24400,144051.18666745405,4,2496
24500,145885.14956501476,4,2496
24600,147807.3693098777,3,2497
24700,149661.1623366244,3,2497
24800,151627.70787416594,3,2497
24900,153625.24404164692,3,2497
25000,155561.82517723943,3,2497
25100,157571.23776301154,3,2497
25200,159587.370158998,3,2497
25300,161689.83967933126,3,2497
25400,163730.29515448055,3,2497
25500,165786.68284995333,3,2497
25600,167831.82548432206,3,2497
25700,169892.10688225747,3,2497
25800,171951.22931452616,3,2497
25900,174048.240210774,3,2497
26000,176138.77200178895,3,2497
26100,178252.99394914522,3,2497
26200,180325.2464047447,3,2497
26300,182408.03380405856,3,2497
26400,184476.09175931755,3,2497
26500,186645.03528240486,3,2497
26600,188660.53331930895,5,2495
26700,190758.52118409742,6,2494
26800,192940.1497053965,4,2496
26900,194976.78580690813,3,2497
27000,197151.28391455382,3,2497
27100,199354.13356419245,3,2497
27200,201528.96453242956,4,2496
27300,203706.09950038017,3,2497
27400,205899.5063861179,3,2497
27500,208186.99469135384,3,2497
27600,210506.7527829734,3,2497
27700,212830.17471469293,4,2496
27800,215136.43002571026,4,2496
27900,217469.54328531312,3,2497
28000,219814.7052615261,3,2497
28100,222153.04161467924,3,2497
28200,224727.767208562,3,2497
28300,227146.15637701997,3,2497
28400,229754.8875743746,3,2497
28500,232227.0228008491,3,2497
28600,234731.68590480133,3,2497
28700,237222.15531204204,3,2497
28800,239707.63613820582,3,2497
28900,242180.66478843175,3,2497
29000,244723.07555252276,3,2497
29100,247226.0138985879,3,2497
29200,249731.47227527152,3,2497
29300,252273.14303611784,3,2497
29400,254744.81992066058,3,2497
29500,257220.21880884122,3,2497
29600,259700.24415239735,3,2497
29700,262288.5302061168,3,2497
29800,264804.1920383212,3,2497
29900,267428.24527581007,3,2497
30000,270005.52686558233,3,2497
30100,272600.91178910836,3,2497
30200,275338.1973566082,3,2497
30300,277937.07527247124,3,2497
30400,280593.5884839301,3,2497
30500,283225.19089395,3,2497
30600,286033.98874087766,5,2495
30700,288797.7939200082,3,2497
30800,291381.0283675676,5,2495
30900,294171.12363863515,4,2496
31000,296857.30356942967,3,2497
31100,299688.0146735589,5,2495
31200,302411.31498509686,4,2496
31300,305268.3226102184,3,2497
31400,308158.3671228014,3,2497
31500,311094.52649534313,4,2496
31600,314098.18953303096,3,2497
31700,317038.97928110283,3,2497
31800,319987.0497186054,3,2497
31900,322991.544675143,3,2497
32000,325991.3375003951,3,2497
32100,328961.17992866185,3,2497
32200,331887.2724752879,3,2497
32300,334670.7802110933,3,2497
32400,337607.1744168023,3,2497
32500,340396.27390814514,3,2497
32600,343348.8943501308,3,2497
32700,346092.0611663085,3,2497
32800,349057.76058638556,3,2497
32900,351957.32274504984,3,2497
33000,354929.9159327944,3,2497
33100,358131.162517417,3,2497
33200,361250.5311375239,3,2497
33300,364377.9166522375,3,2497
33400,367480.2677569658,3,2497
33500,370596.7395213139,3,2497
33600,373594.4388590687,3,2497
33700,376526.98451303074,3,2497
33800,379609.5793543675,3,2497
33900,382830.0926803996,3,2497
34000,385890.0991577076,3,2497
34100,388971.6574915897,3,2497
34200,392126.2302501779,3,2497
34300,395453.39399360016,3,2497
34400,398689.1309310668,3,2497
34500,402028.57469259395,2,2498
34600,405626.85349832126,2,2498
34700,409044.767603345,2,2498
34800,412403.66740314965,2,2498
34900,415837.6787734905,2,2498
35000,419287.9678419294,2,2498
35100,422569.11031644215,2,2498
35200,425994.36619918357,2,2498
35300,429146.2317220609,2,2498
35400,432601.153475465,3,2497
35500,436035.2951942546,2,2498
35600,439404.5286343885,2,2498
35700,442723.1367347363,2,2498
35800,446107.33922464104,2,2498
35900,449550.803701033,2,2498
36000,452855.34198999824,3,2497
36100,456333.6258633072,2,2498
36200,459691.352362253,2,2498
36300,463142.5228712958,2,2498
36400,466588.3471009949,2,2498
36500,470189.2648067467,2,2498
36600,473615.5063807681,4,2496
36700,477025.97951273917,14,2486
36800,480564.49915323313,13,2487
36900,484046.21179850656,8,2492
37000,487744.75201731967,5,2495
37100,491326.5384718108,5,2495
37200,494922.0908343867,2,2498
37300,498431.0323358574,2,2498
37400,502163.9017473038,2,2498
37500,505785.81080311566,2,2498
37600,509387.2387869763,2,2498
37700,513198.37163944356,2,2498
37800,516704.8272395787,2,2498
37900,520401.4649515558,2,2498
38000,524015.4052516301,2,2498
38100,527798.970210206,2,2498
38200,531482.246335922,2,2498
38300,535148.0269676264,2,2498
38400,538741.8746012114,2,2498
38500,542506.0038915703,3,2497
38600,546160.9593500445,5,2495
38700,549875.403153527,5,2495
38800,553597.0519023834,2,2498
38900,557387.1022317887,2,2498
39000,560951.9687503908,2,2498
39100,564569.4738436571,2,2498
39200,568271.7723077012,2,2498
39300,572025.8383400128,2,2498
39400,575996.99687679,2,2498
39500,579910.7736239729,2,2498
39600,583834.1971507622,2,2498
39700,587670.7151232287,2,2498
39800,591586.2440531155,3,2497
39900,595558.3549968317,2,2498
40000,599467.1518145311,2,2498
40100,603432.4244796301,2,2498
40200,607517.6263597751,2,2498
40300,611730.7388804959,2,2498
40400,615644.6611909096,2,2498
40500,619749.3977696601,2,2498
40600,623608.7303575848,2,2498
40700,627539.553411372,2,2498
40800,631465.4122465543,2,2498
40900,635516.2516324522,3,2497
41000,639508.612570364,3,2497
41100,643444.8249408039,2,2498
41200,647582.6264346561,2,2498
41300,651829.8683364666,3,2497
41400,656016.4526345964,2,2498
41500,660153.811168158,4,2496
41600,664319.744785014,2,2498
41700,668478.217436671,2,2498
41800,672568.4965912836,2,2498
41900,676794.5536050793,5,2495
42000,680847.2828957984,2,2498
42100,685073.375602874,2,2498
42200,689132.2474012286,2,2498
42300,693077.5291310557,2,2498
42400,697303.7008471767,2,2498
42500,701371.4396806651,2,2498
42600,705604.7575014626,2,2498
42700,710140.9388801556,2,2498
42800,714261.4734380528,2,2498
42900,718513.5998255364,2,2498
43000,723006.4914859913,2,2498
43100,727347.9763742313,2,2498
43200,731914.3949248556,2,2498
43300,736265.8423433289,2,2498
43400,740554.7272501079,2,2498
43500,744801.9675598918,2,2498
43600,749075.3206121007,2,2498
43700,753427.5780551013,2,2498
43800,757713.0751712477,2,2498
43900,762138.1606469089,2,2498
44000,766667.4633152718,2,2498
44100,771271.1103931274,2,2498
44200,775903.0012500322,2,2498
44300,780616.1185411934,2,2498
44400,785170.7625688033,2,2498
44500,789636.1676257709,2,2498
44600,794243.6400826065,2,2498
44700,798683.534382651,2,2498
44800,803259.5980942562,5,2495
44900,807818.8010053646,4,2496
45000,812530.4264500706,2,2498
45100,816984.3895512845,2,2498
45200,821341.2505027734,2,2498
45300,825954.5969992987,2,2498
45400,830555.8417923915,2,2498
45500,835104.6774891206,2,2498
45600,839796.0895064392,6,2494
45700,844467.3886426308,2,2498
45800,849295.1681000183,2,2498
45900,853994.4069425891,2,2498
46000,858856.5966628361,3,2497
46100,863657.7701806667,2,2498
46200,868264.8370281239,2,2498
46300,873045.3749518612,2,2498
46400,877778.3848363131,2,2498
46500,882531.413651841,2,2498
46600,887052.1310023918,2,2498
46700,891694.3712103881,2,2498
46800,896361.0433894764,4,2496
46900,901231.3407583624,2,2498
47000,906138.1030242229,2,2498
47100,911058.3052107093,2,2498
47200,916054.6715090151,5,2495
47300,921054.7432322792,2,2498
47400,926111.2699692891,2,2498
47500,931098.363943203,2,2498
47600,936058.8415648941,2,2498
47700,940978.5493789896,2,2498
47800,946021.2234458923,2,2498
47900,951168.8978869027,2,2498
48000,955949.438232029,2,2498
48100,960687.4915852096,2,2498
48200,965604.5059029754,2,2498
48300,970460.6259206871,2,2498
48400,975363.3844296224,2,2498
48500,980516.402049049,2,2498
48600,985434.8457292276,2,2498
48700,990473.747121405,2,2498
48800,995787.6514122833,2,2498
48900,1001042.3166370104,2,2498
49000,1006303.2148762111,2,2498
49100,1011242.7679634026,2,2498
49200,1016336.2843347836,2,2498
49300,1021501.4621369591,2,2498
49400,1026484.5134001934,2,2498
49500,1031620.8926500629,2,2498
49600,1036703.3524846706,2,2498
49700,1041783.7958605561,2,2498
49800,1047105.6439129919,2,2498
49900,1052442.894433673,2,2498
50000,1057484.2515680133,2,2498
