step,msd_global,n_round,n_elongated
0,0.0,2500,0
100,22.568725120847827,2500,0
200,22.888915416331038,2476,24
300,27.14731979498791,2461,39
400,28.044044291739265,2445,55
500,30.881625766480646,2426,74
600,35.264909739180105,2405,95
700,40.998109512043264,2370,130
800,45.8254899386561,2341,159
900,54.51119822295798,2304,196
1000,66.3888570610843,2255,245
1100,81.78385135495182,2204,296
1200,93.98785883005404,2168,332
1300,106.31852696434066,2134,366
1400,130.3258358164542,2093,407
1500,158.44141527599984,2056,444
1600,178.63046887444193,2032,468
1700,192.9455585350607,2003,497
1800,214.29835256334152,1978,522
1900,238.10074503176725,1952,548
2000,256.8022690310126,1923,577
2100,283.2337909562779,1898,602
2200,297.881144582609,1878,622
2300,319.56109208442575,1867,633
2400,335.3844766913177,1857,643
2500,348.4566366688904,1839,661
2600,370.5900955973949,1838,662
2700,394.3949442269747,1815,685
2800,411.5475359479712,1784,716
2900,435.4449850369572,1746,754
3000,458.3110038778335,1737,763
3100,495.2262903378935,1731,769
3200,530.6939177622472,1725,775
3300,570.9905756644193,1703,797
3400,610.8399481377485,1682,818
3500,658.6896258655486,1668,832
3600,691.1651375129826,1649,851
3700,736.8232846478634,1642,858
3800,771.6446537599146,1621,879
3900,806.4242194705099,1628,872
4000,853.453366974394,1640,860
4100,915.889746094705,1629,871
4200,982.3539053338054,1609,891
4300,1043.5547022902217,1599,901
4400,1116.5541798362076,1585,915
4500,1179.348758257605,1556,944
4600,1243.0765764157868,1560,940
4700,1300.0656565950253,1547,953
4800,1357.5191223872837,1549,951
4900,1410.6088122080623,1560,940
5000,1462.0488970351691,1550,950
5100,1514.682813333814,1534,966
5200,1564.9358969177483,1534,966
5300,1632.0404714270724,1520,980
5400,1709.7835375832267,1501,999
5500,1782.4368057792642,1470,1030
5600,1861.796468150004,1452,1048
5700,1936.3716390517004,1441,1059
5800,1995.8368456169635,1436,1064
5900,2030.1800678613852,1420,1080
6000,2061.0403044387203,1407,1093
6100,2093.5695652714207,1388,1112
6200,2131.9552477799475,1408,1092
6300,2186.808344458505,1418,1082
6400,2249.9274335317,1415,1085
6500,2311.427600880754,1426,1074
6600,2372.1055361634308,1425,1075
6700,2433.278461638992,1428,1072
6800,2511.699551072566,1418,1082
6900,2607.989050854368,1396,1104
7000,2698.5925931095417,1393,1107
7100,2799.2383601372826,1360,1140
7200,2914.281004335344,1337,1163
7300,3016.7271700780047,1324,1176
7400,3122.878150332244,1328,1172
7500,3242.37006264678,1312,1188
7600,3392.417532046488,1284,1216
7700,3536.694462845841,1262,1238
7800,3684.3029477556406,1243,1257
7900,3841.136466417282,1216,1284
8000,3996.435840962695,1220,1280
8100,4120.25957431825,1217,1283
8200,4223.543280401811,1206,1294
8300,4311.8190782148195,1183,1317
8400,4405.079923116179,1163,1337
8500,4484.362614008141,1121,1379
8600,4551.269229522476,1072,1428
8700,4632.09284887345,1076,1424
8800,4705.502469563578,1071,1429
8900,4770.600020930861,1053,1447
9000,4814.838550063143,1049,1451
9100,4824.013483255226,1048,1452
9200,4789.677856229685,1021,1479
9300,4812.562987615719,1005,1495
9400,4865.6671997306075,1009,1491
9500,4904.3701549244715,1015,1485
9600,4963.575351101653,1014,1486
9700,5049.926592472555,994,1506
9800,5166.328188286767,980,1520
9900,5295.3391368894,971,1529
10000,5411.854066000527,962,1538
10100,5574.325224888466,956,1544
10200,5794.5524382581725,940,1560
10300,6028.046356363847,932,1568
10400,6245.678267680681,909,1591
10500,6471.008072924693,882,1618
10600,6683.547149202026,859,1641
10700,6880.391224987215,832,1668
10800,7112.389442281097,817,1683
10900,7388.645538024226,815,1685
11000,7666.775291932048,805,1695
11100,7939.845728193676,797,1703
11200,8271.703815334773,786,1714
11300,8596.001341719237,765,1735
11400,8865.193243321475,754,1746
11500,9109.661003104042,750,1750
11600,9348.847554608386,716,1784
11700,9563.534972921785,697,1803
11800,9743.188845515288,677,1823
11900,9962.726565411911,651,1849
12000,10177.191819299478,609,1891
12100,10384.54175220448,593,1907
12200,10620.85152397849,572,1928
12300,10860.502815248889,566,1934
12400,11143.11853240068,579,1921
12500,11418.643036809262,584,1916
12600,11704.74195195438,601,1899
12700,11973.175291568423,598,1902
12800,12244.525911466593,594,1906
12900,12566.25573166843,591,1909
13000,12870.244842281498,585,1915
13100,13100.739769495949,567,1933
13200,13352.93289446724,542,1958
13300,13612.82032191169,526,1974
13400,13980.20323231157,523,1977
13500,14384.25747390836,511,1989
13600,14787.674371545354,505,1995
13700,15157.672764678246,490,2010
13800,15531.622859189003,479,2021
13900,15941.47453372377,471,2029
14000,16373.578780300037,471,2029
14100,16840.021839286044,461,2039
14200,17310.14228231279,444,2056
14300,17773.0717095254,447,2053
14400,18249.54676932206,444,2056
14500,18729.877039829564,440,2060
14600,19280.380583541297,422,2078
14700,19829.85003191716,406,2094
14800,20441.064839329047,388,2112
14900,21021.00809606474,366,2134
15000,21632.019697511303,364,2136
15100,22279.609729433036,352,2148
15200,22902.735842218615,332,2168
15300,23471.649608140306,311,2189
15400,24108.48118920535,293,2207
15500,24739.5232013725,275,2225
15600,25372.6298913794,260,2240
15700,26017.885349468048,239,2261
15800,26713.25759096782,229,2271
15900,27409.43406034316,215,2285
16000,28152.281589459122,200,2300
16100,28862.57637546137,183,2317
16200,29624.504960721813,171,2329
16300,30386.528360631142,160,2340
16400,31189.702614123784,148,2352
16500,32051.67788149615,144,2356
16600,32854.84684234617,137,2363
16700,33627.95423071645,128,2372
16800,34431.08342166116,125,2375
16900,35247.415814135195,118,2382
17000,36033.52677777901,112,2388
17100,36878.86203843894,103,2397
17200,37708.9149341841,100,2400
17300,38520.88221229447,98,2402
17400,39384.97208038465,86,2414
17500,40233.987744444385,86,2414
17600,41129.65854442573,90,2410
17700,42032.84161418567,94,2406
17800,42894.749192168616,89,2411
17900,43808.15355595435,87,2413
18000,44697.24816230013,78,2422
18100,45572.52215055987,77,2423
18200,46523.973515014484,73,2427
18300,47449.48705237378,67,2433
18400,48465.81446235058,71,2429
18500,49445.831047299835,66,2434
18600,50431.81826446525,67,2433
18700,51468.07830051139,64,2436
18800,52423.23487268099,55,2445
18900,53389.738041760604,55,2445
19000,54324.96100238115,56,2444
19100,55280.630371579435,58,2442
19200,56225.55616182511,59,2441
19300,57186.271561047506,60,2440
19400,58053.14823406873,60,2440
19500,59038.236512774325,60,2440
19600,60056.13170611474,61,2439
19700,60958.365793945435,62,2438
19800,61954.30958409419,62,2438
19900,62935.57532170057,63,2437
20000,63944.44055124457,62,2438
20100,64962.93479669398,60,2440
20200,65930.6706800361,58,2442
20300,66951.55454501684,58,2442
20400,68114.7405334147,59,2441
20500,69224.7989766965,59,2441
20600,70437.71236165652,59,2441
20700,71610.5113830404,61,2439
20800,72782.28390237699,59,2441
20900,73993.4225406212,59,2441
21000,75130.2737170525,59,2441
21100,76399.2057722827,61,2439
21200,77635.55967623935,63,2437
21300,78901.65045930553,67,2433
21400,80204.22164440606,69,2431
21500,81446.62844285405,69,2431
21600,82800.57962788321,69,2431
21700,84108.75013968121,69,2431
21800,85360.38208966525,70,2430
21900,86727.81901788464,70,2430
22000,88081.29169308142,70,2430
22100,89436.38827844181,70,2430
22200,90769.72705761521,70,2430
22300,92201.14725499,71,2429
22400,93675.75487115384,72,2428
22500,95173.4916324796,75,2425
22600,96721.81181656246,74,2426
22700,98318.57562789245,74,2426
22800,99846.38402430248,74,2426
22900,101512.27156129028,74,2426
23000,103148.2273740642,74,2426
23100,104730.7401865342,74,2426
23200,106381.40856013306,74,2426
23300,108097.0120435521,74,2426
23400,109795.61606330724,74,2426
23500,111417.20798894487,74,2426
23600,113162.622022403,74,2426
23700,114939.8948217155,75,2425
23800,116657.93762464508,75,2425
23900,118351.20157539465,75,2425
24000,120063.89901422906,75,2425
24100,121752.55234786196,75,2425
24200,123467.8067724636,75,2425
24300,125265.04855853652,75,2425
24400,127112.17966853874,75,2425
24500,129011.12855045738,75,2425
24600,131011.48419411926,75,2425
24700,132903.12819704047,76,2424
24800,134800.75320857688,77,2423
24900,136688.16568729197,77,2423
25000,138653.49167716867,77,2423
25100,140616.79394011895,77,2423
25200,142706.29724952136,77,2423
25300,144780.50793221517,80,2420
25400,146872.05505507273,80,2420
25500,148848.67732549587,81,2419
25600,150865.72773750723,81,2419
25700,152925.8329789608,81,2419
25800,154917.0793148301,81,2419
25900,156898.7221609454,81,2419
26000,159000.09999776544,82,2418
26100,161108.70571165733,82,2418
26200,163150.89984474922,83,2417
26300,165164.90453539518,83,2417
26400,167212.26914856202,84,2416
26500,169325.41907152502,84,2416
26600,171557.76461263347,85,2415
26700,173656.41586702433,87,2413
26800,175925.772464973,90,2410
26900,178267.66501240083,90,2410
27000,180492.7660668181,90,2410
27100,182626.55692978835,90,2410
27200,184951.91771265276,90,2410
27300,187379.98535691205,90,2410
27400,189753.48182138396,90,2410
27500,192109.11193121134,90,2410
27600,194409.58220853,90,2410
27700,196813.01823134546,90,2410
27800,199052.82266856846,90,2410
27900,201318.74580294077,90,2410
28000,203685.75151754543,89,2411
28100,206029.6679147507,87,2413
28200,208339.88054186897,85,2415
28300,210681.60378304482,84,2416
28400,213074.70447066057,84,2416
28500,215318.40129946027,84,2416
28600,217894.2452133809,84,2416
28700,220242.88488452006,84,2416
28800,222719.48006935397,84,2416
28900,225226.25672957,84,2416
29000,227596.55293385286,84,2416
29100,230092.4099814688,84,2416
29200,232661.94997301188,84,2416
29300,235226.72026991876,86,2414
29400,237940.542280942,86,2414
29500,240527.42764889754,86,2414
29600,243011.67748632192,86,2414
29700,245559.73887877224,89,2411
29800,248183.4416826124,90,2410
29900,250749.99212057274,88,2412
30000,253294.5333961352,86,2414
30100,255698.25108554875,86,2414
30200,258316.18216257196,86,2414
30300,260968.14415836858,86,2414
30400,263537.45586480387,86,2414
30500,266188.84011683357,86,2414
30600,268775.2028897389,86,2414
30700,271376.2938176379,86,2414
30800,274217.42326728354,87,2413
30900,276850.7773912726,88,2412
31000,279607.41827347095,88,2412
31100,282257.77456169506,88,2412
31200,284838.01764115243,88,2412
31300,287631.3728345627,88,2412
31400,290308.8762732664,88,2412
31500,293194.5406015294,88,2412
31600,295884.7988635602,88,2412
31700,298616.690424386,88,2412
31800,301285.3192635997,90,2410
31900,303990.5473903781,88,2412
32000,306667.9698456146,88,2412
32100,309285.80461067235,88,2412
32200,311863.1160710777,88,2412
32300,314492.85880251817,88,2412
32400,317289.7735249372,88,2412
32500,320189.3367622416,89,2411
32600,323087.01310041343,88,2412
32700,325834.9332239154,88,2412
32800,328652.6059636991,88,2412
32900,331542.5964224655,88,2412
33000,334516.5170183243,88,2412
33100,337338.42394847627,88,2412
33200,340167.55280472967,88,2412
33300,343111.0637117485,88,2412
33400,346128.36088670895,88,2412
33500,349124.3057651986,88,2412
33600,352103.2807140061,88,2412
33700,355269.0762501872,88,2412
33800,358406.1364537908,88,2412
33900,361378.2315269311,88,2412
34000,364317.2559166938,88,2412
34100,367321.33013057563,88,2412
34200,370204.69897814136,88,2412
34300,373159.0667812758,88,2412
34400,376209.38433393784,88,2412
34500,379442.99873671477,88,2412
34600,382622.4137180769,88,2412
34700,385776.49007056566,88,2412
34800,389024.8239742884,88,2412
34900,392265.3724199171,88,2412
35000,395543.88384463417,88,2412
35100,398825.9562996846,88,2412
35200,402001.6930034676,88,2412
35300,405158.503659364,88,2412
35400,408643.2882917196,88,2412
35500,411966.8016631352,88,2412
35600,415234.6412918223,88,2412
35700,418723.8505993022,88,2412
35800,422346.52187467186,88,2412
35900,425700.7917234254,88,2412
36000,429040.0749515278,88,2412
36100,432537.1148620621,88,2412
36200,436218.6518882986,88,2412
36300,439544.3634457779,88,2412
36400,443061.14996532706,88,2412
36500,446402.99398623465,88,2412
36600,450158.9139525826,88,2412
36700,453773.0221528898,88,2412
36800,457559.6118821742,88,2412
36900,461087.709431185,88,2412
37000,464882.8256082188,88,2412
37100,468557.4008066311,88,2412
37200,472044.65534874256,88,2412
37300,475687.6796203663,88,2412
37400,479291.444021029,88,2412
37500,483134.43820552627,88,2412
37600,486902.1126931674,91,2409
37700,490673.50992014806,91,2409
37800,494497.79336774815,88,2412
37900,498448.26254034357,90,2410
38000,502191.48949346686,88,2412
38100,505914.2066802624,88,2412
38200,509649.3812353718,88,2412
38300,513445.72827922,88,2412
38400,517399.83445454866,88,2412
38500,521237.9444800932,88,2412
38600,525198.0537872565,88,2412
38700,529155.6904417857,88,2412
38800,533163.5357896137,88,2412
38900,537059.8279799154,88,2412
39000,540916.9054024069,88,2412
39100,544974.143234462,88,2412
39200,548989.9220743468,88,2412
39300,553019.9486933133,92,2408
39400,556966.937357953,94,2406
39500,560844.6924061668,94,2406
39600,564878.8888169499,96,2404
39700,569027.1990905425,96,2404
39800,572872.343577829,96,2404
39900,577070.9061901069,96,2404
40000,581185.9143491547,96,2404
40100,585230.0917781134,96,2404
40200,589305.1248905199,96,2404
40300,593337.0268794692,97,2403
40400,597343.017267669,98,2402
40500,601422.5653101678,98,2402
40600,605547.5146690052,98,2402
40700,609743.4602383722,98,2402
40800,613939.5131471399,98,2402
40900,618326.7496837181,98,2402
41000,622637.3009330179,98,2402
41100,627019.1020946425,98,2402
41200,631109.7852699163,98,2402
41300,635323.4154406788,98,2402
41400,639434.2053117552,98,2402
41500,643583.4711200339,99,2401
41600,647891.6045268953,99,2401
41700,652235.2763363216,99,2401
41800,656418.095003331,97,2403
41900,660747.6656719432,95,2405
42000,664857.4724408322,94,2406
42100,668961.6585115135,94,2406
42200,673067.8920440418,94,2406
42300,677296.7094108165,94,2406
42400,681597.0585765603,94,2406
42500,685822.3571471331,94,2406
42600,689882.5826205097,94,2406
42700,694005.1603178573,94,2406
42800,698466.801586948,94,2406
42900,703027.7147792807,94,2406
43000,707350.243489064,94,2406
43100,711743.1700142851,94,2406
43200,716254.2795113092,94,2406
43300,720613.4422526257,94,2406
43400,725127.8888257401,94,2406
43500,729451.8749450601,94,2406
43600,734002.2822266133,94,2406
43700,738417.5104060237,94,2406
43800,742739.4075590585,94,2406
43900,747127.53468199,94,2406
44000,751351.1206437885,94,2406
44100,755619.4317284193,94,2406
44200,759786.6515936719,94,2406
44300,764098.8252273159,95,2405
44400,768354.0882235547,95,2405
44500,772823.441402827,95,2405
44600,777031.9551102179,94,2406
44700,781293.183072515,94,2406
44800,785786.5175256039,94,2406
44900,790090.1830032708,94,2406
45000,794361.2322920173,94,2406
45100,798923.6225448729,94,2406
45200,803153.9607186894,94,2406
45300,807974.1581542722,94,2406
45400,812818.5057850227,94,2406
45500,817130.7487305122,94,2406
45600,821683.1045887752,94,2406
45700,826074.8491410143,94,2406
45800,830635.5648482483,94,2406
45900,835389.324276043,94,2406
46000,839978.7516089653,94,2406
46100,844200.8959862888,94,2406
46200,848900.3849975109,94,2406
46300,853550.8082748636,94,2406
46400,858028.5108690023,94,2406
46500,862786.1368862715,94,2406
46600,867600.50906059,96,2404
46700,872041.1303319247,97,2403
46800,876483.7052632564,103,2397
46900,881181.1123353178,105,2395
47000,886027.2402467432,104,2396
47100,890835.3734770908,108,2392
47200,895944.9930375691,108,2392
47300,900828.808521182,103,2397
47400,905479.4575977349,104,2396
47500,910246.1633349125,104,2396
47600,914838.9233163365,109,2391
47700,919516.6264381338,111,2389
47800,924259.272900695,114,2386
47900,929035.1334861927,115,2385
48000,934049.4521085861,121,2379
48100,939109.7804558964,115,2385
48200,943843.5608655718,109,2391
48300,948501.9574393852,102,2398
48400,953314.1124413416,102,2398
48500,958123.0320724769,102,2398
48600,963128.3472417688,102,2398
48700,967960.054060906,102,2398
48800,972872.545736822,103,2397
48900,977711.3570392013,103,2397
49000,982615.2692874748,102,2398
49100,987640.4191041698,102,2398
49200,993054.7355151161,102,2398
49300,998026.7085696175,102,2398
49400,1003146.653036154,102,2398
49500,1008631.0946570082,102,2398
49600,1014005.9499665762,102,2398
49700,1019267.3067679626,102,2398
49800,1024209.8800063911,102,2398
49900,1029278.1334720375,101,2399
50000,1034765.4480330057,101,2399
