step,msd_global,n_round,n_elongated
0,0.0,2500,0
100,23.429587693021162,2500,0
200,29.47210537374799,2488,12
300,32.16689722996188,2481,19
400,32.92429860373554,2469,31
500,33.96775852100184,2457,43
600,37.41505184990869,2438,62
700,40.147746049851676,2411,89
800,44.28852274677317,2378,122
900,47.14779285553449,2340,160
1000,54.75084197532713,2314,186
1100,60.663972021743774,2279,221
1200,69.7325127541334,2239,261
1300,80.1236938714783,2201,299
1400,94.24186462446558,2158,342
1500,109.57174816613386,2124,376
1600,118.98361080342592,2093,407
1700,140.85042719081272,2046,454
1800,166.61745128032732,1992,508
1900,184.09109988480526,1978,522
2000,210.48370660214567,1936,564
2100,235.4207123461841,1936,564
2200,270.87615798698545,1895,605
2300,298.441543869622,1873,627
2400,330.2223590866562,1858,642
2500,356.50156324762935,1866,634
2600,390.9738137371011,1845,655
2700,406.1104577405714,1854,646
2800,426.24148321652206,1831,669
2900,458.2926588107503,1799,701
3000,478.1320328282065,1779,721
3100,494.32513192689464,1767,733
3200,523.6016264834716,1769,731
3300,548.7622062892867,1767,733
3400,572.4804415539097,1766,734
3500,600.7640355353108,1759,741
3600,623.9662265230181,1750,750
3700,655.2969030869365,1724,776
3800,690.7050602545661,1710,790
3900,719.4554576144347,1720,780
4000,751.3766761236529,1705,795
4100,781.6882843258344,1679,821
4200,816.7131859278945,1675,825
4300,848.361197210755,1662,838
4400,887.3594729611013,1682,818
4500,926.2290600481053,1663,837
4600,960.5471621913804,1653,847
4700,1000.9370607775146,1640,860
4800,1027.4491841504605,1638,862
4900,1076.0247981955572,1616,884
5000,1116.2988465193464,1589,911
5100,1163.4028608450863,1561,939
5200,1208.8633985024815,1543,957
5300,1265.2009824328609,1531,969
5400,1333.757576787696,1509,991
5500,1402.7191092361218,1503,997
5600,1465.697140122148,1494,1006
5700,1524.962027543998,1477,1023
5800,1598.8667005198276,1462,1038
5900,1687.2505421752314,1440,1060
6000,1769.7889400145195,1448,1052
6100,1829.5760446424656,1471,1029
6200,1904.5073246723503,1459,1041
6300,1967.9391795603983,1446,1054
6400,2030.8832196789392,1431,1069
6500,2096.667251010164,1428,1072
6600,2157.904046578218,1403,1097
6700,2201.5656803640222,1386,1114
6800,2229.587599345531,1354,1146
6900,2265.6611212024814,1340,1160
7000,2292.098572842059,1327,1173
7100,2345.703574741211,1305,1195
7200,2383.084834502327,1304,1196
7300,2436.2001111475656,1308,1192
7400,2488.395695400857,1325,1175
7500,2545.8079901161404,1313,1187
7600,2615.8758156437034,1336,1164
7700,2682.8282017353954,1330,1170
7800,2752.0433911290543,1338,1162
7900,2822.594273320945,1346,1154
8000,2889.32813913925,1330,1170
8100,2972.601506125392,1341,1159
8200,3049.133683005739,1338,1162
8300,3126.0708064586534,1343,1157
8400,3217.242457187977,1361,1139
8500,3340.852735409291,1357,1143
8600,3449.5452767681763,1346,1154
8700,3549.641753696197,1349,1151
8800,3645.4605302662044,1359,1141
8900,3740.8729875600666,1348,1152
9000,3852.4693429766,1326,1174
9100,3936.079668239878,1305,1195
9200,4036.0777772502556,1295,1205
9300,4117.223524137856,1281,1219
9400,4162.537731566337,1259,1241
9500,4209.564789182426,1238,1262
9600,4266.2460702911685,1220,1280
9700,4305.321996915096,1212,1288
9800,4369.404108928401,1212,1288
9900,4433.541267097394,1210,1290
10000,4516.607301791837,1190,1310
10100,4584.114162291242,1182,1318
10200,4673.180236900215,1177,1323
10300,4762.288580031231,1162,1338
10400,4873.372673860403,1124,1376
10500,4990.133208196206,1104,1396
10600,5110.9983056832225,1090,1410
10700,5247.236674351181,1090,1410
10800,5407.954999968141,1063,1437
10900,5579.220917065303,1035,1465
11000,5752.6567011106345,1031,1469
11100,5913.679164717069,1013,1487
11200,6087.484883377156,999,1501
11300,6286.508568324083,982,1518
11400,6470.859676187079,963,1537
11500,6640.8812387972575,961,1539
11600,6774.4716674651,975,1525
11700,6918.631481092248,973,1527
11800,7051.946590109831,954,1546
11900,7195.783330256892,951,1549
12000,7335.9853288187505,946,1554
12100,7501.561153813566,932,1568
12200,7639.375264192341,927,1573
12300,7754.782449873215,914,1586
12400,7886.206747844493,904,1596
12500,8022.365435343547,892,1608
12600,8166.3621239149015,858,1642
12700,8308.271620279118,827,1673
12800,8474.281222088475,796,1704
12900,8652.375137081388,770,1730
13000,8854.6596479233,739,1761
13100,9060.469140181902,709,1791
13200,9309.190520764407,690,1810
13300,9545.235185687616,662,1838
13400,9812.061724786909,658,1842
13500,10106.967353447902,650,1850
13600,10413.006001761893,620,1880
13700,10719.93281075314,604,1896
13800,11047.731223146662,590,1910
13900,11388.41095827906,588,1912
14000,11709.95176356699,571,1929
14100,12060.179820644209,555,1945
14200,12344.255596001425,531,1969
14300,12685.406737186428,511,1989
14400,12999.428579771145,481,2019
14500,13295.921877823659,462,2038
14600,13629.462922821527,464,2036
14700,13957.454967337351,453,2047
14800,14262.062196637175,473,2027
14900,14591.104616350049,476,2024
15000,14979.27493187513,482,2018
15100,15294.651477204978,481,2019
15200,15699.891697139588,476,2024
15300,16090.57660618563,473,2027
15400,16519.652266326793,480,2020
15500,17000.104210852744,464,2036
15600,17488.966770028954,449,2051
15700,17917.032710760097,429,2071
15800,18382.4672875637,406,2094
15900,18867.157073486174,397,2103
16000,19363.47519195634,384,2116
16100,19926.394970532605,366,2134
16200,20438.429600913572,360,2140
16300,20982.524432062786,353,2147
16400,21492.544073970304,336,2164
16500,22013.831316963388,343,2157
16600,22574.865954553155,336,2164
16700,23070.6615640681,322,2178
16800,23643.00030401761,314,2186
16900,24183.352850239753,316,2184
17000,24703.50412777616,315,2185
17100,25290.05270769059,320,2180
17200,25874.259502554964,326,2174
17300,26478.776512901062,325,2175
17400,27106.629980036305,323,2177
17500,27753.934746474933,324,2176
17600,28431.416033958463,316,2184
17700,29079.7037936088,319,2181
17800,29762.651426294316,311,2189
17900,30475.072513414205,307,2193
18000,31202.87580068933,295,2205
18100,31951.99740747267,280,2220
18200,32713.42831788814,255,2245
18300,33452.46332441679,250,2250
18400,34201.239329373566,245,2255
18500,34954.8219631513,234,2266
18600,35623.75651160523,224,2276
18700,36389.38476689933,226,2274
18800,37183.91782926436,219,2281
18900,37939.31443548708,221,2279
19000,38737.61133761191,221,2279
19100,39532.94987541915,220,2280
19200,40344.75095211654,220,2280
19300,41174.73061512289,220,2280
19400,42046.943775267886,219,2281
19500,42936.21044139459,220,2280
19600,43880.780533289566,219,2281
19700,44827.91563933179,220,2280
19800,45741.64911988623,218,2282
19900,46722.59174985375,218,2282
20000,47684.10542095355,219,2281
20100,48654.796624622155,218,2282
20200,49598.88453449996,218,2282
20300,50607.27413325163,217,2283
20400,51544.51569620561,217,2283
20500,52493.52976018198,218,2282
20600,53435.27389938541,218,2282
20700,54480.4184049147,218,2282
20800,55550.44502893626,219,2281
20900,56602.327055207184,219,2281
21000,57701.07222023883,219,2281
21100,58824.101095795384,219,2281
21200,59849.4352905143,219,2281
21300,60930.5930020612,219,2281
21400,62098.141850205815,219,2281
21500,63288.72014264407,219,2281
21600,64385.52589936316,219,2281
21700,65630.84109855798,219,2281
21800,66928.24847918135,219,2281
21900,68127.65155652017,219,2281
22000,69378.52923675918,219,2281
22100,70671.31742508597,219,2281
22200,71919.28942924073,219,2281
22300,73215.33772642151,220,2280
22400,74347.97786701842,219,2281
22500,75622.83959375927,221,2279
22600,76959.7938498572,221,2279
22700,78168.8411152586,221,2279
22800,79422.16125516538,221,2279
22900,80727.77402269482,221,2279
23000,82051.28208663549,221,2279
23100,83443.15948466035,221,2279
23200,84734.90230830103,221,2279
23300,86134.95871993684,221,2279
23400,87549.37958468933,221,2279
23500,88963.09359557106,221,2279
23600,90497.43612925173,221,2279
23700,91885.12821808027,221,2279
23800,93363.61392127344,221,2279
23900,94855.86137542748,220,2280
24000,96429.0586165206,220,2280
24100,97984.26062034607,220,2280
24200,99593.20417279845,220,2280
24300,101068.64491058177,220,2280
24400,102648.3945080612,220,2280
24500,104164.27558442409,220,2280
24600,105650.70428194593,220,2280
24700,107285.95756229873,220,2280
24800,108767.33426399743,220,2280
24900,110289.90015899608,220,2280
25000,111844.4249808604,220,2280
25100,113436.90295719175,221,2279
25200,115113.79689142347,220,2280
25300,116755.95560308585,220,2280
25400,118402.36641556477,220,2280
25500,120064.18063868971,221,2279
25600,121843.33694411888,220,2280
25700,123558.93922543361,220,2280
25800,125286.67153383193,220,2280
25900,127026.07542801721,220,2280
26000,128926.2471293543,220,2280
26100,130726.27790534597,220,2280
26200,132523.25361519115,220,2280
26300,134412.61770127754,220,2280
26400,136187.08241093555,224,2276
26500,137967.91700141435,220,2280
26600,139782.799423677,220,2280
26700,141531.1499543858,220,2280
26800,143362.84944123318,220,2280
26900,145270.94537935674,220,2280
27000,147071.0687353682,220,2280
27100,148861.0651600788,221,2279
27200,150731.91949698908,220,2280
27300,152582.56657011886,220,2280
27400,154530.17156569468,220,2280
27500,156483.2310029095,220,2280
27600,158569.69308961823,220,2280
27700,160604.85756963203,220,2280
27800,162663.32914027208,220,2280
27900,164648.3813688604,221,2279
28000,166622.2633207633,219,2281
28100,168677.09803162326,219,2281
28200,170801.9902198415,219,2281
28300,172952.3838936748,219,2281
28400,174938.43733216843,219,2281
28500,177018.02671310792,219,2281
28600,179076.42669184852,219,2281
28700,181204.46216634434,219,2281
28800,183292.1269624926,219,2281
28900,185372.01709624857,219,2281
29000,187442.47130136145,219,2281
29100,189624.14744875187,219,2281
29200,191706.46774561034,219,2281
29300,193708.26504827797,219,2281
29400,195988.69786085933,219,2281
29500,198077.37486016678,219,2281
29600,200475.18865674405,219,2281
29700,202792.81118650912,219,2281
29800,204992.11685809895,219,2281
29900,207287.8929850383,219,2281
30000,209636.78793449968,219,2281
30100,211958.92477984456,219,2281
30200,214275.11417103634,219,2281
30300,216626.20057012636,219,2281
30400,219064.68158281397,219,2281
30500,221502.10047433167,219,2281
30600,223806.38862246476,219,2281
30700,226180.23112520832,219,2281
30800,228440.715352551,219,2281
30900,230807.64209906445,219,2281
31000,233303.58389575378,219,2281
31100,235559.99455249144,219,2281
31200,238082.03544786668,219,2281
31300,240397.6121415162,219,2281
31400,242838.32785126427,220,2280
31500,245226.6469891698,220,2280
31600,247868.45532936053,219,2281
31700,250331.80272882147,219,2281
31800,252922.9525887042,219,2281
31900,255411.36059810084,219,2281
32000,258049.60269254493,219,2281
32100,260465.21614622456,219,2281
32200,263043.6474197449,219,2281
32300,265699.8664777512,219,2281
32400,268378.7881029102,219,2281
32500,271126.15226514346,219,2281
32600,273835.23319996824,219,2281
32700,276303.2442200423,219,2281
32800,278986.8885145218,219,2281
32900,281546.7557848723,219,2281
33000,284065.9438533347,219,2281
33100,286915.55410134024,219,2281
33200,289584.96349329746,219,2281
33300,292251.1867873989,219,2281
33400,294837.5112439223,219,2281
33500,297569.96432849654,219,2281
33600,300240.9063979075,219,2281
33700,303067.69485149375,219,2281
33800,305839.8727557753,219,2281
33900,308797.63388684695,219,2281
34000,311726.0528192878,219,2281
34100,314512.66419693676,219,2281
34200,317308.2005552375,219,2281
34300,320211.175001142,219,2281
34400,323083.29771323636,219,2281
34500,326015.27718354156,219,2281
34600,328900.51257877995,219,2281
34700,331927.4706654253,219,2281
34800,334779.46388115943,219,2281
34900,337694.16065351403,219,2281
35000,340603.46211185784,219,2281
35100,343554.6904077186,219,2281
35200,346615.56631829357,219,2281
35300,349525.85824904806,219,2281
35400,352513.05688295007,219,2281
35500,355436.084913484,219,2281
35600,358334.9716051984,219,2281
35700,361243.925360824,219,2281
35800,364436.81283997645,219,2281
35900,367657.9357901001,219,2281
36000,370679.6025421941,219,2281
36100,373795.11339292815,219,2281
36200,377045.0324364182,220,2280
36300,380064.54950298776,219,2281
36400,383213.7818940948,220,2280
36500,386331.1313453739,220,2280
36600,389476.00216735544,220,2280
36700,392821.339102243,220,2280
36800,396101.47916324844,220,2280
36900,399089.48252011795,220,2280
37000,402262.70100545016,220,2280
37100,405598.3886967941,220,2280
37200,408740.2353656273,220,2280
37300,412116.6169185404,220,2280
37400,415248.988987822,220,2280
37500,418461.80743292725,220,2280
37600,421689.32625423995,220,2280
37700,425061.4971095438,220,2280
37800,428423.9640905234,221,2279
37900,431737.8778939187,220,2280
38000,435267.39012707665,220,2280
38100,438609.2242761021,220,2280
38200,441884.31658237695,220,2280
38300,445302.5803480656,220,2280
38400,448783.3993583328,220,2280
38500,452211.9163970408,220,2280
38600,455626.7701670257,220,2280
38700,458992.06558653194,220,2280
38800,462496.0791785511,220,2280
38900,466063.20581034926,220,2280
39000,469525.15698873636,220,2280
39100,473026.3064054184,220,2280
39200,476380.227454927,220,2280
39300,479898.0341939998,220,2280
39400,483527.8575646776,220,2280
39500,486994.5288269185,220,2280
39600,490485.7772615158,220,2280
39700,494026.7747029047,220,2280
39800,497641.5920845051,220,2280
39900,501202.19856110774,220,2280
40000,504804.200069574,220,2280
40100,508456.0737681171,220,2280
40200,512217.01576770475,220,2280
40300,516017.29455250263,220,2280
40400,519734.5315845676,220,2280
40500,523480.9330470048,220,2280
40600,527114.3167523239,220,2280
40700,530739.8512786881,220,2280
40800,534606.993668537,220,2280
40900,538268.3565990452,220,2280
41000,541935.1131754154,220,2280
41100,545783.6184626603,220,2280
41200,549634.3417936806,220,2280
41300,553500.9025204169,220,2280
41400,557257.284400293,220,2280
41500,560864.8872434696,220,2280
41600,564752.2128007378,220,2280
41700,568648.0179625795,220,2280
41800,572395.5028893416,220,2280
41900,576349.1851699182,220,2280
42000,580198.648036169,220,2280
42100,584100.48694593,220,2280
42200,588024.8257940729,223,2277
42300,591929.6621835115,222,2278
42400,596028.2718171488,220,2280
42500,600072.6407275866,220,2280
42600,604254.0265090056,220,2280
42700,608069.9468222007,220,2280
42800,611849.520738463,220,2280
42900,616061.1746278392,220,2280
43000,619837.9838569558,220,2280
43100,624074.1807445957,220,2280
43200,628031.6968333479,220,2280
43300,632003.6247294226,220,2280
43400,635964.6614676552,220,2280
43500,640225.4558171511,220,2280
43600,644318.6466792971,220,2280
43700,648515.3183705343,220,2280
43800,652517.1531820168,220,2280
43900,656785.7187540629,220,2280
44000,660895.9206680664,220,2280
44100,665041.7275059696,220,2280
44200,669258.4158732616,220,2280
44300,673439.6561502042,220,2280
44400,677581.8704180826,220,2280
44500,682122.5376517754,220,2280
44600,686290.6839597892,220,2280
44700,690473.3519924518,220,2280
44800,694698.407838761,220,2280
44900,698809.8926889397,220,2280
45000,703164.0994847235,220,2280
45100,707451.3453184764,220,2280
45200,711909.7568641471,220,2280
45300,716326.9655213063,220,2280
45400,720659.7226140755,220,2280
45500,724941.8160047783,220,2280
45600,729360.6444881802,220,2280
45700,733871.7548509442,220,2280
45800,738204.1497120517,220,2280
45900,742503.4772321508,220,2280
46000,746992.9106482861,220,2280
46100,751199.2994526085,220,2280
46200,755676.1048559515,220,2280
46300,760233.6772938041,220,2280
46400,764718.4609753805,220,2280
46500,769144.3996340566,220,2280
46600,773729.4739333012,220,2280
46700,778373.8311886297,220,2280
46800,783242.2111498857,220,2280
46900,787603.4164308753,220,2280
47000,791919.8157863088,220,2280
47100,796554.8498309748,220,2280
47200,801170.0658675636,220,2280
47300,805940.5514438889,220,2280
47400,810498.7945329142,220,2280
47500,815182.508687489,220,2280
47600,819886.0383800772,220,2280
47700,824625.271907103,220,2280
47800,829336.171930029,220,2280
47900,834003.3271642685,220,2280
48000,838594.9227124688,220,2280
48100,843036.9656544805,220,2280
48200,847810.8301987185,220,2280
48300,852431.6977556023,220,2280
48400,857193.6238115112,220,2280
48500,861799.485637479,220,2280
48600,866953.3281474484,220,2280
48700,871935.5131781917,220,2280
48800,876732.9845474499,220,2280
48900,881479.8848949585,220,2280
49000,886065.7907054299,220,2280
49100,890930.0824878688,220,2280
49200,895752.8905388233,220,2280
49300,900829.283989407,220,2280
49400,905763.6798021881,220,2280
49500,910688.2445408973,220,2280
49600,915750.5581767013,220,2280
49700,920730.1072195296,220,2280
49800,925773.9962106291,220,2280
49900,930733.2751830387,220,2280
50000,935633.6754491249,220,2280
