step,msd_global,n_round,n_elongated
0,0.0,2500,0
100,21.41282693538372,2500,0
200,23.18355666545692,2487,13
300,24.279256600180833,2476,24
400,25.382021887171447,2467,33
500,27.203860807591713,2451,49
600,33.73301318115694,2433,67
700,40.16462595271563,2402,98
800,43.008068692093765,2378,122
900,52.787706135685895,2334,166
1000,54.6021771786149,2297,203
1100,60.813158753922814,2269,231
1200,74.11712698747479,2235,265
1300,86.90440474378865,2198,302
1400,100.13358609974223,2176,324
1500,116.92547897425315,2150,350
1600,131.98349888717536,2117,383
1700,149.68217714352787,2080,420
1800,170.17496316241326,2058,442
1900,184.5073873514776,2024,476
2000,207.41012407170587,1986,514
2100,229.95347626429108,1949,551
2200,254.26410866919187,1910,590
2300,286.7912455051316,1887,613
2400,315.37736280010466,1872,628
2500,342.29330960532775,1861,639
2600,363.8322955626116,1839,661
2700,385.1611129405234,1823,677
2800,398.5203967799433,1816,684
2900,425.56633524360143,1804,696
3000,445.27593548833374,1804,696
3100,469.0927427082915,1815,685
3200,486.09872618240865,1805,695
3300,497.00042445990863,1798,702
3400,506.24581846716904,1786,714
3500,515.0255091473097,1778,722
3600,536.208972182763,1774,726
3700,557.0769869500189,1747,753
3800,594.373784119997,1708,792
3900,639.1920783649051,1689,811
4000,701.6464688822655,1664,836
4100,765.1948075600948,1657,843
4200,833.5927613141673,1631,869
4300,905.9376395792813,1612,888
4400,982.2850673148866,1585,915
4500,1056.4839163677746,1565,935
4600,1129.5983308304146,1561,939
4700,1194.7839666501284,1535,965
4800,1268.890172359284,1529,971
4900,1347.4587526519872,1525,975
5000,1423.247449135166,1516,984
5100,1481.2178712973132,1514,986
5200,1532.1453097795797,1503,997
5300,1573.8316282314656,1483,1017
5400,1595.634161265486,1470,1030
5500,1634.715554216745,1446,1054
5600,1686.128344088504,1432,1068
5700,1723.1332846122132,1428,1072
5800,1762.7970125463232,1426,1074
5900,1812.0889790466827,1425,1075
6000,1860.1328307732083,1416,1084
6100,1890.5654000821598,1402,1098
6200,1946.9028239376134,1381,1119
6300,2017.8891675607606,1362,1138
6400,2093.5340641402786,1361,1139
6500,2175.8000336510645,1358,1142
6600,2273.373863352383,1349,1151
6700,2387.0979783005664,1347,1153
6800,2506.1512404802074,1346,1154
6900,2606.931960984134,1332,1168
7000,2700.9932920593124,1318,1182
7100,2806.7220550649745,1296,1204
7200,2897.113321805241,1294,1206
7300,2992.414154801766,1279,1221
7400,3066.065665329072,1253,1247
7500,3155.8892648600986,1209,1291
7600,3261.233723581168,1202,1298
7700,3371.3734028230547,1210,1290
7800,3465.241415609841,1203,1297
7900,3579.2444965231075,1190,1310
8000,3684.5109382473124,1193,1307
8100,3760.2634841928134,1184,1316
8200,3866.501664755704,1178,1322
8300,3981.014293075872,1178,1322
8400,4112.3720376949195,1194,1306
8500,4253.375093751211,1190,1310
8600,4426.684677544485,1188,1312
8700,4608.060081806822,1183,1317
8800,4807.283894938165,1175,1325
8900,4960.938530487429,1168,1332
9000,5126.940240252419,1157,1343
9100,5268.072997199263,1136,1364
9200,5427.1920826609385,1116,1384
9300,5588.250831429203,1095,1405
9400,5735.437709709006,1084,1416
9500,5882.812578410277,1065,1435
9600,6057.783875690145,1079,1421
9700,6211.108631522947,1058,1442
9800,6344.8927750450985,1019,1481
9900,6491.787870391418,985,1515
10000,6594.240189176552,972,1528
10100,6729.752633704346,950,1550
10200,6895.879342426861,920,1580
10300,7116.8250391851025,909,1591
10400,7329.901633565622,893,1607
10500,7567.766313120172,893,1607
10600,7820.224068840304,894,1606
10700,8069.222762356687,917,1583
10800,8352.515203224599,909,1591
10900,8643.94196547073,895,1605
11000,8915.248050689528,871,1629
11100,9217.705342742134,841,1659
11200,9507.701920646032,826,1674
11300,9783.213452116552,810,1690
11400,10040.2070272964,786,1714
11500,10310.268024636489,768,1732
11600,10608.22573975362,745,1755
11700,10904.023401288732,724,1776
11800,11183.78430460096,702,1798
11900,11448.49045779495,693,1807
12000,11775.310140969392,680,1820
12100,12081.390600061995,662,1838
12200,12379.611359240187,637,1863
12300,12700.140561941595,611,1889
12400,13050.646452577988,590,1910
12500,13428.081822829905,591,1909
12600,13799.97477880773,586,1914
12700,14181.909701010713,582,1918
12800,14602.12579598169,574,1926
12900,15042.471278100526,568,1932
13000,15531.910092396129,565,1935
13100,16014.376333968032,554,1946
13200,16522.45977348654,548,1952
13300,17024.558750798285,546,1954
13400,17461.422292644424,537,1963
13500,17909.846415990887,533,1967
13600,18384.70855325861,524,1976
13700,18838.76972879726,522,1978
13800,19332.75672158169,521,1979
13900,19798.832997779875,513,1987
14000,20331.426488964808,511,1989
14100,20862.510475016825,503,1997
14200,21349.283902112766,499,2001
14300,21914.10136263458,498,2002
14400,22455.7797062391,474,2026
14500,23019.583982040924,455,2045
14600,23610.425531848025,435,2065
14700,24159.371409944935,410,2090
14800,24781.518716275583,389,2111
14900,25411.804379580903,374,2126
15000,26025.711200268055,377,2123
15100,26698.28257690315,378,2122
15200,27400.503951953804,379,2121
15300,28039.708895439802,381,2119
15400,28696.095941368516,378,2122
15500,29442.89723633575,375,2125
15600,30101.081797926665,378,2122
15700,30766.007304950188,375,2125
15800,31455.22902152014,379,2121
15900,32176.833234184323,377,2123
16000,32924.695037303485,395,2105
16100,33646.061843170595,385,2115
16200,34426.557488178216,376,2124
16300,35132.14362358485,375,2125
16400,35822.46172535055,378,2122
16500,36548.4067906753,367,2133
16600,37293.798126117836,358,2142
16700,38034.29431505076,347,2153
16800,38826.86283352379,328,2172
16900,39648.29188926994,311,2189
17000,40498.51147549545,299,2201
17100,41309.592627865146,294,2206
17200,42160.154782841826,281,2219
17300,43023.35958840705,271,2229
17400,43850.460516936895,271,2229
17500,44742.47240205186,272,2228
17600,45608.031823220525,271,2229
17700,46507.588469061426,268,2232
17800,47294.706681721786,261,2239
17900,48179.92479211622,245,2255
18000,49081.813579502406,238,2262
18100,49997.69729117736,230,2270
18200,50926.68896059558,228,2272
18300,51886.78628767214,228,2272
18400,52853.94501317865,231,2269
18500,53827.69233665591,223,2277
18600,54744.992964240286,215,2285
18700,55705.13716355041,210,2290
18800,56702.63671989922,204,2296
18900,57737.23887364707,199,2301
19000,58766.97517025479,199,2301
19100,59837.353425714326,196,2304
19200,60942.502608772156,195,2305
19300,62010.575125089264,199,2301
19400,63111.774537591635,195,2305
19500,64192.478335514614,197,2303
19600,65380.42626787956,197,2303
19700,66556.91862094597,196,2304
19800,67626.40213652716,199,2301
19900,68774.13359451611,198,2302
20000,69942.16735760127,191,2309
20100,71024.56782805607,187,2313
20200,72181.3830787646,193,2307
20300,73276.534527207,195,2305
20400,74476.65424374296,192,2308
20500,75702.67346548893,190,2310
20600,76872.20285291836,186,2314
20700,78130.33476192734,186,2314
20800,79384.90727727329,186,2314
20900,80575.53536317036,186,2314
21000,81910.06599347522,187,2313
21100,83172.66736834293,186,2314
21200,84492.27223701558,186,2314
21300,85857.4584232401,186,2314
21400,87271.7937327656,186,2314
21500,88539.03893071649,186,2314
21600,89922.43457959143,186,2314
21700,91367.69301641283,186,2314
21800,92860.02135369816,186,2314
21900,94244.7680424772,186,2314
22000,95648.11811775922,186,2314
22100,97171.19302688965,186,2314
22200,98495.06776503299,186,2314
22300,99945.57357207476,186,2314
22400,101382.13913598459,186,2314
22500,102886.7467020848,186,2314
22600,104398.8900782511,186,2314
22700,105895.90088233717,186,2314
22800,107434.66487679687,186,2314
22900,108922.11770048222,186,2314
23000,110554.96419124118,186,2314
23100,112250.36344168482,186,2314
23200,113849.76574445608,186,2314
23300,115408.02665779843,186,2314
23400,117051.32284248776,187,2313
23500,118650.98338295493,188,2312
23600,120313.27414963642,190,2310
23700,121957.60611595307,187,2313
23800,123648.22012198958,186,2314
23900,125326.94037510577,186,2314
24000,127018.3426465059,186,2314
24100,128777.16283151238,186,2314
24200,130551.20171674996,186,2314
24300,132162.60479108864,186,2314
24400,133998.2786268391,186,2314
24500,135745.32286754975,186,2314
24600,137361.77515472114,186,2314
24700,139183.73869627027,186,2314
24800,141014.4309355102,186,2314
24900,142933.73099181586,186,2314
25000,144820.70082790402,186,2314
25100,146724.96157290135,186,2314
25200,148693.7387019563,186,2314
25300,150595.27170467345,186,2314
25400,152499.66579310075,186,2314
25500,154465.82216322212,186,2314
25600,156376.44800264353,187,2313
25700,158283.4398547798,186,2314
25800,160216.6303170026,186,2314
25900,162239.92744576462,186,2314
26000,164162.08981428822,186,2314
26100,166091.25243990697,186,2314
26200,168201.58209352716,186,2314
26300,170163.35747953015,186,2314
26400,172036.84137895808,186,2314
26500,174062.45469606706,186,2314
26600,176132.02521071243,186,2314
26700,178218.9614796051,186,2314
26800,180278.8203892562,186,2314
26900,182421.27834703802,186,2314
27000,184622.53546829,186,2314
27100,186710.195066816,186,2314
27200,189050.40946134445,186,2314
27300,191336.70246189108,186,2314
27400,193439.554464357,186,2314
27500,195719.72726987614,186,2314
27600,197825.91854689608,186,2314
27700,200109.35213623228,186,2314
27800,202348.88587750366,186,2314
27900,204523.8260006484,186,2314
28000,206729.7211779035,186,2314
28100,209015.03052142513,186,2314
28200,211250.2949997819,186,2314
28300,213540.68879338185,191,2309
28400,215777.23494779263,188,2312
28500,218217.89734875452,186,2314
28600,220469.2282440816,186,2314
28700,222677.42040378595,186,2314
28800,225063.3347454606,186,2314
28900,227464.4066668852,186,2314
29000,229812.2558311717,187,2313
29100,232236.83695064136,191,2309
29200,234831.72594524297,190,2310
29300,237309.18294396644,189,2311
29400,240075.17098057314,186,2314
29500,242576.8091473691,186,2314
29600,244958.77040047446,186,2314
29700,247483.32902937935,186,2314
29800,249868.72234331723,186,2314
29900,252362.1365810396,186,2314
30000,254923.06800339604,186,2314
30100,257371.76687698317,186,2314
30200,259941.8156680621,186,2314
30300,262534.97217229416,186,2314
30400,265132.3863737742,187,2313
30500,267653.77130994876,186,2314
30600,270281.70613850164,186,2314
30700,272735.60065024893,186,2314
30800,275255.70267132804,186,2314
30900,278044.3972640369,186,2314
31000,280785.0602952069,186,2314
31100,283291.12540679466,187,2313
31200,286125.56312600157,186,2314
31300,289125.9752561248,186,2314
31400,291925.6184626925,186,2314
31500,294590.7368768012,186,2314
31600,297349.7310930266,186,2314
31700,300362.6454015642,186,2314
31800,303149.84444616,189,2311
31900,305993.01285942545,189,2311
32000,308767.1749742391,186,2314
32100,311363.2824213593,186,2314
32200,314034.60176878626,186,2314
32300,317020.2583739917,186,2314
32400,319897.6659495687,188,2312
32500,322784.09017946833,187,2313
32600,325612.1698237813,186,2314
32700,328479.88135861757,186,2314
32800,331231.95822002325,186,2314
32900,334113.5539413746,186,2314
33000,337084.30336313834,186,2314
33100,340030.2064621695,186,2314
33200,343079.01975665725,186,2314
33300,346108.53618814284,186,2314
33400,349364.65881663637,186,2314
33500,352370.24320997094,186,2314
33600,355368.17935530015,186,2314
33700,358514.1801430525,186,2314
33800,361703.9645308524,186,2314
33900,364910.7146812384,186,2314
34000,367922.5658794099,186,2314
34100,370839.7434036021,186,2314
34200,373966.7180721378,186,2314
34300,377056.3499487903,186,2314
34400,380160.4011847973,186,2314
34500,383433.10720655206,186,2314
34600,386528.34500406304,186,2314
34700,389576.63198752794,186,2314
34800,392587.69922799786,186,2314
34900,395866.17042181356,186,2314
35000,399287.00539787114,186,2314
35100,402414.69170460466,186,2314
35200,405624.0106277845,186,2314
35300,408955.63806597015,186,2314
35400,412264.4565686998,186,2314
35500,415770.29964823107,186,2314
35600,419091.7541972403,186,2314
35700,422622.0258681895,186,2314
35800,426186.3514795044,186,2314
35900,429359.805056173,186,2314
36000,432643.6839226761,186,2314
36100,436051.15150173684,186,2314
36200,439354.97693898773,186,2314
36300,442759.22138649883,186,2314
36400,446090.54983717203,186,2314
36500,449577.3922798946,186,2314
36600,453087.71360161924,186,2314
36700,456484.17178301944,186,2314
36800,459763.7854931749,186,2314
36900,463227.3225763403,186,2314
37000,466649.3393095104,186,2314
37100,470267.0293777349,186,2314
37200,473835.0773331798,186,2314
37300,477305.1449987137,186,2314
37400,480844.58910460846,186,2314
37500,484480.4025723057,186,2314
37600,488290.11519071483,186,2314
37700,491845.2729067831,186,2314
37800,495522.3032992222,186,2314
37900,499431.43740629504,186,2314
38000,503177.9307892662,186,2314
38100,506804.883695319,186,2314
38200,510102.2621372505,186,2314
38300,513723.27434338303,186,2314
38400,517438.9034927253,186,2314
38500,521111.3259726406,186,2314
38600,524780.5078865136,186,2314
38700,528665.9225096825,186,2314
38800,532489.8445729677,186,2314
38900,535915.3928931284,186,2314
39000,539673.1504621595,186,2314
39100,543608.3152462185,186,2314
39200,547386.9474456472,186,2314
39300,551331.4163221583,186,2314
39400,555322.1182304635,186,2314
39500,559145.8945928995,186,2314
39600,562833.3944709895,186,2314
39700,566878.2004042955,186,2314
39800,571081.2008214227,186,2314
39900,574967.9777979178,186,2314
40000,578987.7606395466,186,2314
40100,582994.458688461,186,2314
40200,586911.9690652073,186,2314
40300,590571.1713431005,186,2314
40400,594317.1437906834,186,2314
40500,598163.8684807359,186,2314
40600,602304.6745634406,186,2314
40700,606500.2694663943,186,2314
40800,610529.2827645857,186,2314
40900,614525.0078509195,186,2314
41000,618460.5530297186,186,2314
41100,622261.9024628851,186,2314
41200,626534.606248255,186,2314
41300,630704.2893205599,186,2314
41400,635022.2424246344,186,2314
41500,639138.909158719,186,2314
41600,643031.2995233533,186,2314
41700,647519.2235654007,186,2314
41800,651782.3012195562,186,2314
41900,655964.9534363167,186,2314
42000,660325.1326338357,186,2314
42100,664473.9895136728,186,2314
42200,668791.3137750481,186,2314
42300,672900.5846203897,186,2314
42400,676931.1241924358,186,2314
42500,681029.2877496989,186,2314
42600,685218.7106055121,186,2314
42700,689525.6513965545,186,2314
42800,693727.0076755325,186,2314
42900,698107.111616924,186,2314
43000,702404.5113699218,186,2314
43100,706679.8007235952,186,2314
43200,711175.7369464657,186,2314
43300,715634.7825408919,186,2314
43400,719910.959744229,188,2312
43500,724390.4549149948,186,2314
43600,728570.8892025712,186,2314
43700,733168.4306532132,186,2314
43800,737576.6138348732,186,2314
43900,742258.2460348171,186,2314
44000,746834.9315172003,186,2314
44100,751506.3394360058,186,2314
44200,755938.6412446387,186,2314
44300,760225.3969897382,186,2314
44400,764555.3907367577,186,2314
44500,768808.6952321873,186,2314
44600,773341.1520567703,186,2314
44700,778058.0097197805,186,2314
44800,782456.9040891131,186,2314
44900,786933.8932413546,186,2314
45000,791427.5975039868,186,2314
45100,796055.1256169188,186,2314
45200,800612.6874181066,186,2314
45300,805336.6771177878,186,2314
45400,810174.9553435895,186,2314
45500,815069.6109903721,186,2314
45600,819436.3109188114,186,2314
45700,823956.9567553299,186,2314
45800,828838.6216612938,186,2314
45900,833582.9272769474,186,2314
46000,838513.9273608233,186,2314
46100,843481.1649592329,186,2314
46200,848433.3293445667,186,2314
46300,852965.1377879301,186,2314
46400,857406.9445310722,186,2314
46500,862106.7407302582,186,2314
46600,866921.8830712269,186,2314
46700,871783.5698346874,186,2314
46800,876330.9862933605,186,2314
46900,881222.5079920489,186,2314
47000,886162.4558871154,187,2313
47100,890870.8755012589,186,2314
47200,895596.5624321827,186,2314
47300,900676.1732688126,186,2314
47400,905658.0088359183,186,2314
47500,910859.519670848,186,2314
47600,915842.1634453344,186,2314
47700,920592.7118957302,186,2314
47800,925310.8989728608,186,2314
47900,930492.5981629444,186,2314
48000,935878.7214958332,186,2314
48100,941011.6872877508,186,2314
48200,945964.705783927,186,2314
48300,950994.6788996336,186,2314
48400,955984.2758089702,186,2314
48500,960881.3617289368,186,2314
48600,965775.6194490914,186,2314
48700,970776.5874192837,186,2314
48800,975672.1885527773,186,2314
48900,980583.2724644104,186,2314
49000,985939.9051330854,186,2314
49100,991312.9798176853,186,2314
49200,996528.1537100349,186,2314
49300,1001499.7862618167,186,2314
49400,1006670.7859830848,186,2314
49500,1012026.7421100346,186,2314
49600,1017243.6383919755,186,2314
49700,1022677.8529111835,186,2314
49800,1027827.8981926495,186,2314
49900,1033214.2654827483,186,2314
50000,1038384.3261532792,186,2314
