seed,mean_aspect_ratio,fraction_elongated,fraction_round,fraction_binary
1099062448631258,2.3300935714285713,0.6714499999999999,0.1683285714285714,0.1602214285714286
853827592514924,2.4598221428571425,0.7461857142857142,0.1067857142857143,0.1470285714285714
1052030010736714,2.3388835714285725,0.6775285714285714,0.1609714285714286,0.16149999999999995
993068073743470,2.3523428571428577,0.6953071428571427,0.15680714285714284,0.1478857142857143
375074238073900,2.3550007142857146,0.6846,0.15464999999999998,0.16074999999999992
416178520884477,2.3479557142857153,0.687335714285714,0.15979285714285718,0.15287142857142852
874051135843279,2.5891978571428576,0.8507357142857142,0.04219285714285715,0.1070714285714286
12944511869278,2.5100671428571424,0.7754000000000001,0.0817,0.14290000000000003
542029227742456,2.4559392857142854,0.7640857142857144,0.10797857142857142,0.12793571428571426
1011744331896734,2.4762642857142865,0.7633428571428575,0.09760714285714288,0.13905
211701226972609,2.5099514285714277,0.7942714285714289,0.0817642857142857,0.1239642857142857
292918525777755,2.369682857142857,0.7009714285714287,0.15268571428571429,0.14634285714285714
731147908347497,2.513916428571429,0.8069928571428573,0.08182857142857144,0.11117857142857142
985549376192247,2.454240714285715,0.7520142857142854,0.10922142857142855,0.1387642857142857
873456432950595,2.3413092857142863,0.6868714285714287,0.17137142857142856,0.14175714285714286
422219896800918,2.4500664285714295,0.75905,0.11244285714285712,0.12850714285714285
900740014674953,2.379340714285716,0.706642857142857,0.14599285714285717,0.1473642857142857
1020578668480920,2.3495757142857143,0.6857714285714286,0.1613857142857143,0.15284285714285717
343569160877337,2.4223800000000004,0.7344642857142857,0.12465714285714284,0.1408785714285714
78804909138230,2.454949285714285,0.7454285714285714,0.10669999999999999,0.14787142857142857
333614425743970,2.4650921428571424,0.766707142857143,0.10184285714285714,0.13145
974443487743328,2.469647142857143,0.76695,0.10251428571428571,0.13053571428571428
703985244396274,2.393087857142857,0.6891214285714286,0.1382357142857143,0.17264285714285713
1122578106359740,2.3936699999999993,0.7133285714285712,0.13815714285714284,0.1485142857142857
492938554100859,2.367824285714285,0.6946142857142859,0.1530857142857143,0.15229999999999994
170902461924754,2.348343571428572,0.6875714285714284,0.16312142857142856,0.14930714285714286
260045648084392,2.5021335714285704,0.7868214285714286,0.08653571428571429,0.12664285714285717
450419983107763,2.3322899999999995,0.673142857142857,0.16307142857142862,0.16378571428571423
543308666121182,2.4548128571428567,0.7367071428571429,0.10735714285714286,0.15593571428571432
593849570694833,2.3015842857142874,0.6711500000000001,0.18663571428571432,0.14221428571428577
582382717235568,2.518110714285714,0.803442857142857,0.08110714285714289,0.11545000000000002
1123570616129223,2.3418314285714295,0.6852000000000003,0.16462857142857143,0.15017142857142854
680622798933824,2.447139285714285,0.7507214285714289,0.1123357142857143,0.13694285714285717
201764007966294,2.404197857142858,0.7078142857142858,0.13627142857142852,0.1559142857142857
453356923466257,2.4109242857142865,0.7282357142857141,0.13324285714285716,0.13852142857142863
346214149398000,2.3395871428571433,0.6809499999999999,0.16925,0.1498
353918643079908,2.29471,0.6515928571428571,0.18567142857142865,0.1627357142857143
971536625474344,2.2694692857142864,0.6361928571428573,0.2024285714285715,0.16137857142857145
799035771825238,2.2865742857142863,0.6517357142857142,0.1928642857142857,0.15540000000000004
1114806189928891,2.3827557142857145,0.6992285714285713,0.14174285714285717,0.15902857142857144
216465895742590,2.460149999999999,0.7549642857142859,0.10692857142857141,0.13810714285714287
926435018171726,2.253478571428571,0.6401928571428571,0.20810000000000006,0.1517071428571429
744517311885370,2.414789285714285,0.7261571428571428,0.1289928571428571,0.14484999999999995
812580382463326,2.451520714285714,0.7559071428571428,0.10857857142857143,0.1355142857142857
521742092743191,2.3207028571428583,0.6667642857142858,0.17474999999999996,0.15848571428571429
1008612444973162,2.380717857142857,0.7205214285714284,0.14639285714285705,0.13308571428571433
121838283310165,2.2350535714285718,0.628107142857143,0.21772142857142865,0.1541714285714286
431006493426170,2.2888107142857144,0.6560285714285714,0.18769999999999995,0.15627142857142862
765322069857382,2.2683299999999997,0.6405285714285713,0.20174285714285714,0.1577285714285715
725201757884584,2.2580250000000004,0.6368285714285713,0.20878571428571435,0.15438571428571432
184656659025018,2.369904285714286,0.6983214285714286,0.14585714285714288,0.15582142857142858
1034686135547599,2.272452857142858,0.6483785714285715,0.19876428571428575,0.1528571428571428
380972098894405,2.6873271428571432,0.9658285714285717,0.0033142857142857162,0.03085714285714286
742183958399040,2.426162142857142,0.7344357142857145,0.12351428571428576,0.14204999999999995
37852570490343,2.3717007142857143,0.7073214285714288,0.14781428571428565,0.14486428571428572
734109262104827,2.262450714285714,0.6381285714285717,0.20345000000000002,0.1584214285714286
401686787590537,2.4832399999999994,0.7580714285714284,0.09313571428571425,0.14879285714285712
350020380685320,2.4676814285714292,0.7530357142857144,0.10529285714285713,0.14167142857142856
484612500106051,2.366249285714286,0.7019214285714284,0.15477857142857146,0.14330000000000004
604884003999171,2.419216428571428,0.7206857142857142,0.12677857142857143,0.1525357142857143
501697692195937,2.492730714285714,0.7629357142857143,0.08908571428571427,0.14797857142857143
851083349436041,2.343165000000001,0.6907071428571431,0.1680571428571429,0.14123571428571427
796940938751527,2.336202857142857,0.6818642857142855,0.1693857142857142,0.14875000000000002
7713914261614,2.385482857142857,0.7062500000000002,0.13782857142857147,0.15592142857142857
576259920081951,2.426840714285714,0.7401642857142857,0.12135714285714287,0.13847857142857142
1070126987202609,2.3557642857142858,0.6895071428571428,0.15740714285714288,0.15308571428571427
162309295428918,2.3013321428571425,0.6575714285714286,0.18162142857142857,0.16080714285714287
1068084324211974,2.301920714285714,0.6645071428571429,0.18814999999999998,0.1473428571428571
351091003490802,2.4388099999999997,0.7286214285714285,0.11357857142857143,0.1578
476623210066927,2.4673557142857137,0.7618785714285717,0.10104285714285714,0.13707857142857144
931910273456500,2.4377099999999996,0.7432928571428571,0.11457857142857143,0.14212857142857144
460717270137620,2.4711164285714284,0.7602499999999999,0.0995214285714286,0.14022857142857145
618787482224677,2.381040714285715,0.7047071428571428,0.1440857142857142,0.15120714285714285
31028804052714,2.3731514285714272,0.7014499999999999,0.14999285714285715,0.14855714285714286
848380339120121,2.472528571428571,0.7601928571428574,0.09827142857142855,0.1415357142857142
605895506705858,2.425632857142857,0.7324,0.12061428571428573,0.14698571428571425
371244909592213,2.3719857142857133,0.7057357142857142,0.15071428571428577,0.14354999999999998
887691803963939,2.4005185714285706,0.7150785714285715,0.13355714285714285,0.15136428571428567
341367030785281,2.4858128571428573,0.7441142857142856,0.09115714285714287,0.16472857142857147
510593232092641,2.396537857142858,0.7130714285714286,0.1376571428571429,0.14927142857142858
150917535351633,2.339724999999999,0.6850642857142858,0.1676357142857143,0.1473
453864874513756,2.3582521428571424,0.7003642857142859,0.1618857142857143,0.13775000000000004
229070237359158,2.3122678571428574,0.6757071428571427,0.17968571428571425,0.14460714285714282
295338566340576,2.3849750000000007,0.7091999999999998,0.14490714285714287,0.14589285714285713
844835515273933,2.5062385714285718,0.7770000000000001,0.08189285714285711,0.1411071428571428
315712195248884,2.3848550000000004,0.7112571428571429,0.14611428571428572,0.14262857142857144
546276473453276,2.481572857142857,0.7654428571428571,0.09539285714285713,0.13916428571428574
1104211921913509,2.2821735714285714,0.6523142857142858,0.19425000000000003,0.15343571428571426
1082729744800802,2.549937142857142,0.8265214285714283,0.06441428571428572,0.10906428571428574
816040927085971,2.2409371428571427,0.6284785714285716,0.2170214285714286,0.15450000000000005
609367266722641,2.3532821428571418,0.6836,0.15484285714285714,0.16155714285714282
311751781598459,2.599386428571428,0.8375214285714285,0.03385,0.12862857142857145
180878082594115,2.3750771428571436,0.7085142857142857,0.14685714285714283,0.1446285714285714
1092038932415872,2.453043571428572,0.7328285714285716,0.10826428571428573,0.15890714285714289
581041572900200,2.407235,0.7349571428571431,0.12977857142857135,0.13526428571428578
130453083214186,2.382526428571429,0.7183785714285713,0.1524142857142857,0.12920714285714288
701987058071801,2.5017935714285713,0.7860000000000001,0.08790000000000002,0.12610000000000002
874467446318397,2.3550342857142854,0.6892142857142853,0.16152857142857147,0.14925714285714287
690180359955634,2.4104850000000004,0.7168714285714284,0.12954285714285715,0.15358571428571433
1032785400457749,2.359079285714285,0.6932499999999999,0.15157857142857137,0.1551714285714286
44577617154917,2.557721428571429,0.8211785714285714,0.06055714285714286,0.11826428571428575
595138602756779,2.523341428571429,0.8054642857142856,0.07623571428571427,0.11829999999999999
517166228317078,2.40767,0.7246500000000001,0.13003571428571428,0.1453142857142857
70199386339719,2.501207142857143,0.7904857142857145,0.08347857142857144,0.1260357142857143
722071326265667,2.6819200000000007,0.9494571428571431,0.004385714285714288,0.04615714285714284
959979233570859,2.3558528571428567,0.6869285714285717,0.1556428571428571,0.15742857142857145
667592237473616,2.5010749999999993,0.779821428571429,0.08574285714285715,0.13443571428571424
292843692953188,2.3845078571428564,0.7102714285714287,0.14022142857142855,0.1495071428571429
945622526456000,2.314682857142856,0.663507142857143,0.17821428571428566,0.15827857142857138
573641366056098,2.3591228571428573,0.699792857142857,0.15770714285714285,0.14250000000000002
575209747940671,2.399619285714286,0.7149928571428569,0.13690000000000002,0.1481071428571428
847836640960530,2.283752857142857,0.651707142857143,0.19204999999999994,0.15624285714285718
166545407203722,2.3761692857142855,0.70385,0.14941428571428572,0.1467357142857143
922817646891254,2.336656428571428,0.688,0.16812857142857143,0.1438714285714286
769312664147949,2.3664571428571417,0.702057142857143,0.15065000000000003,0.14729285714285714
886192373395909,2.4429550000000013,0.7352071428571427,0.11309999999999998,0.15169285714285713
215740729027954,2.4714549999999997,0.7589142857142861,0.1001357142857143,0.14095000000000005
903381734482463,2.42186,0.7241857142857141,0.12565000000000004,0.15016428571428575
215411591372525,2.4907514285714285,0.7816642857142858,0.09298571428571432,0.12534999999999993
91820085255413,2.42073,0.7324428571428575,0.1277785714285714,0.13977857142857147
962899970830917,2.5063785714285722,0.7790285714285716,0.08368571428571428,0.13728571428571432
969719008256981,2.410489285714286,0.7203928571428574,0.1278928571428571,0.15171428571428572
986893035328992,2.466172142857143,0.765457142857143,0.10159285714285717,0.13294999999999998
531323109617933,2.3749492857142855,0.6847357142857142,0.14640714285714287,0.16885714285714287
308551055971772,2.3290064285714283,0.6777857142857142,0.1687428571428572,0.1534714285714286
7984690204788,2.378185,0.7098285714285713,0.14581428571428579,0.14435714285714282
727017096545658,2.5008557142857137,0.7633142857142857,0.08110000000000002,0.15558571428571424
810545908121264,2.2985842857142864,0.6580928571428569,0.18400714285714287,0.15789999999999996
