seed,mean_aspect_ratio,fraction_elongated,fraction_round,fraction_binary
1099062448631258,1.827135,0.3769428571428572,0.4384714285714284,0.18458571428571424
853827592514924,1.7553571428571428,0.3399642857142857,0.47471428571428587,0.1853214285714286
1052030010736714,1.7139792857142861,0.3202285714285714,0.49700714285714276,0.18276428571428577
993068073743470,1.6425171428571435,0.28620714285714305,0.5455142857142857,0.16827857142857136
375074238073900,2.0273692857142853,0.48507857142857164,0.34061428571428576,0.1743071428571429
416178520884477,1.7557814285714282,0.33595714285714284,0.472585714285714,0.19145714285714283
874051135843279,1.9006049999999999,0.42274285714285703,0.4073499999999999,0.16990714285714284
12944511869278,2.004315714285714,0.48389285714285696,0.35100000000000003,0.16510714285714287
542029227742456,2.0374621428571422,0.4794071428571428,0.3217785714285715,0.1988142857142858
1011744331896734,1.8806635714285715,0.4074357142857143,0.4165285714285713,0.17603571428571424
211701226972609,1.740801428571429,0.3302714285714288,0.4828214285714287,0.1869071428571428
292918525777755,1.7407721428571432,0.3361714285714286,0.49245714285714287,0.17137142857142862
731147908347497,1.856685,0.39112142857142873,0.42400714285714286,0.18487142857142858
985549376192247,2.187817142857142,0.5624285714285714,0.2444499999999999,0.19312142857142856
873456432950595,1.8178785714285715,0.3667785714285715,0.4394357142857142,0.19378571428571428
422219896800918,1.6772228571428578,0.30419999999999997,0.5242785714285715,0.17152142857142857
900740014674953,1.7132207142857145,0.31810714285714276,0.5021285714285715,0.17976428571428574
1020578668480920,1.8877585714285712,0.418342857142857,0.42016428571428566,0.16149285714285722
343569160877337,2.078338571428571,0.5086071428571429,0.30807857142857137,0.18331428571428574
78804909138230,1.7854864285714285,0.3535214285714286,0.4626571428571429,0.18382142857142852
333614425743970,1.8987485714285712,0.4185857142857142,0.4074714285714286,0.1739428571428572
974443487743328,1.8179428571428573,0.3742857142857144,0.44747857142857167,0.1782357142857143
703985244396274,1.9770214285714287,0.4601571428571428,0.35714285714285715,0.1827
1122578106359740,1.8056949999999998,0.36499999999999994,0.4468071428571427,0.1881928571428571
492938554100859,1.8085250000000002,0.3599785714285715,0.4437785714285714,0.1962428571428572
170902461924754,1.7747664285714293,0.3542928571428571,0.4712857142857143,0.17442142857142856
260045648084392,1.9711164285714289,0.4491785714285712,0.3676,0.1832214285714286
450419983107763,1.7390835714285726,0.3338785714285714,0.4880071428571429,0.17811428571428578
543308666121182,1.849909999999999,0.39400000000000013,0.4326214285714286,0.1733785714285714
593849570694833,1.8329542857142858,0.3777428571428571,0.4360785714285715,0.18617857142857144
582382717235568,1.7461685714285713,0.3326499999999999,0.4774142857142858,0.18993571428571424
1123570616129223,1.8536807142857137,0.3879071428571428,0.4277214285714285,0.1843714285714286
680622798933824,1.740700714285714,0.3328142857142857,0.4837285714285714,0.18345714285714282
201764007966294,1.7204635714285712,0.3255571428571429,0.5047857142857142,0.16965714285714292
453356923466257,1.809442142857143,0.37242857142857144,0.45537142857142865,0.17220000000000008
346214149398000,1.7628142857142854,0.3385571428571428,0.4687214285714285,0.19272142857142852
353918643079908,1.967265,0.4588142857142857,0.36648571428571425,0.17470000000000005
971536625474344,1.719373571428572,0.3237428571428571,0.4996142857142857,0.17664285714285713
799035771825238,1.7063535714285714,0.31569285714285716,0.5034642857142857,0.18084285714285714
1114806189928891,1.7747878571428575,0.3491071428571428,0.47032857142857154,0.18056428571428565
216465895742590,1.71377,0.31884285714285715,0.5025928571428573,0.17856428571428568
926435018171726,1.807395714285714,0.3681928571428572,0.4474357142857143,0.1843714285714286
744517311885370,1.6306228571428574,0.2758357142857142,0.5425928571428572,0.18157142857142866
812580382463326,1.759242857142857,0.34769999999999995,0.48100000000000004,0.1713
521742092743191,1.6950328571428572,0.30977857142857135,0.5079642857142855,0.18225714285714287
1008612444973162,1.782120714285714,0.35785714285714276,0.46636428571428556,0.17577857142857137
121838283310165,1.7059778571428574,0.31341428571428565,0.49979285714285726,0.18679285714285712
431006493426170,1.919673571428571,0.4253428571428571,0.3935285714285715,0.1811285714285714
765322069857382,1.890750714285714,0.41507142857142865,0.41497142857142866,0.16995714285714286
725201757884584,1.6854521428571425,0.3038714285714286,0.5114071428571427,0.18472142857142856
184656659025018,1.6578778571428574,0.288442857142857,0.525857142857143,0.18569999999999992
1034686135547599,1.7037328571428574,0.3167642857142857,0.5100428571428571,0.1731928571428572
380972098894405,1.7145014285714282,0.32595,0.5091857142857144,0.16486428571428569
742183958399040,1.7978278571428568,0.36681428571428565,0.46175,0.1714357142857143
37852570490343,1.7003414285714287,0.30867857142857147,0.4983928571428572,0.19292857142857148
734109262104827,1.7474457142857143,0.33705714285714306,0.4847214285714285,0.1782214285714286
401686787590537,1.7757557142857137,0.34682142857142856,0.4615857142857142,0.19159285714285723
350020380685320,1.8295492857142854,0.3772714285714286,0.4399928571428572,0.18273571428571428
484612500106051,1.6587221428571428,0.2868285714285714,0.5221857142857143,0.19098571428571431
604884003999171,1.8680949999999996,0.4036428571428572,0.41782142857142857,0.17853571428571435
501697692195937,1.8217657142857142,0.3855285714285714,0.45235000000000003,0.1621214285714286
851083349436041,1.6949257142857148,0.3068285714285715,0.5051357142857142,0.1880357142857143
796940938751527,1.8692314285714282,0.4113071428571431,0.42109285714285716,0.16759999999999997
7713914261614,1.8195978571428566,0.3795214285714287,0.4503214285714287,0.1701571428571428
576259920081951,2.121833571428572,0.5315857142857144,0.28498571428571434,0.18342857142857139
1070126987202609,1.6252028571428572,0.27195,0.5470214285714287,0.18102857142857146
162309295428918,1.714453571428572,0.31796428571428575,0.4983142857142857,0.18372142857142865
1068084324211974,1.8953071428571426,0.41629285714285713,0.4091,0.17460714285714285
351091003490802,2.1871385714285716,0.582307142857143,0.2506071428571428,0.16708571428571428
476623210066927,1.7011949999999996,0.31058571428571435,0.5051285714285714,0.18428571428571425
931910273456500,1.6737042857142859,0.29547142857142855,0.5175142857142856,0.1870142857142857
460717270137620,1.7726885714285707,0.35231428571428564,0.4738214285714286,0.17386428571428578
618787482224677,1.8260757142857142,0.37655000000000005,0.44405714285714293,0.1793928571428572
31028804052714,1.763451428571429,0.3376071428571429,0.4634857142857142,0.1989071428571428
848380339120121,1.7127185714285718,0.3172285714285714,0.4972571428571432,0.18551428571428571
605895506705858,1.77398,0.3471071428571428,0.4649857142857143,0.18790714285714286
371244909592213,1.779651428571429,0.35292142857142855,0.46785714285714297,0.17922142857142861
887691803963939,2.024012142857143,0.47619999999999973,0.33550714285714306,0.1882928571428572
341367030785281,1.7045649999999999,0.3128714285714286,0.5058999999999999,0.18122857142857146
510593232092641,1.7952199999999994,0.3588785714285715,0.4530071428571429,0.18811428571428576
150917535351633,1.928355714285714,0.43987142857142847,0.39022857142857137,0.16990000000000002
453864874513756,1.7545471428571429,0.3433928571428571,0.48622857142857157,0.1703785714285714
229070237359158,1.768179285714286,0.3470214285714284,0.47120714285714294,0.18177142857142858
295338566340576,1.8318564285714283,0.3821142857142858,0.4480428571428571,0.16984285714285716
844835515273933,1.7653771428571428,0.35102857142857147,0.47605000000000003,0.17292142857142853
315712195248884,1.790184285714286,0.3610571428571431,0.46275714285714287,0.17618571428571422
546276473453276,1.887498571428571,0.4131500000000001,0.4129000000000001,0.17395000000000005
1104211921913509,1.7708628571428566,0.35127142857142846,0.47617857142857145,0.17255000000000006
1082729744800802,1.8148635714285712,0.37486428571428565,0.4485,0.17663571428571434
816040927085971,1.7173128571428569,0.3235571428571429,0.5003071428571427,0.1761357142857143
609367266722641,1.8529278571428567,0.3890357142857143,0.4217357142857143,0.18922857142857133
311751781598459,1.7577064285714288,0.3462499999999999,0.48190000000000005,0.17184999999999995
180878082594115,1.7266685714285714,0.32180714285714274,0.4927500000000002,0.18544285714285716
1092038932415872,1.9855207142857136,0.4540571428571429,0.35407142857142854,0.19187142857142855
581041572900200,1.7816007142857142,0.35710714285714285,0.46515000000000006,0.17774285714285715
130453083214186,1.7026428571428571,0.3148642857142857,0.5097428571428574,0.17539285714285713
701987058071801,1.7250635714285716,0.32542857142857146,0.49147857142857143,0.18309285714285714
874467446318397,1.7625528571428577,0.34163571428571443,0.472507142857143,0.1858571428571428
690180359955634,1.8757478571428565,0.3988928571428572,0.4120714285714286,0.18903571428571425
1032785400457749,2.1911249999999995,0.5795071428571429,0.24938571428571418,0.17110714285714287
44577617154917,1.981370714285714,0.47081428571428585,0.36756428571428557,0.16162142857142858
595138602756779,1.9260142857142857,0.4313000000000002,0.39433571428571423,0.17436428571428572
517166228317078,1.8529907142857138,0.3905071428571428,0.4246642857142857,0.18482857142857143
70199386339719,1.849852142857143,0.3849785714285714,0.4268428571428572,0.1881785714285714
722071326265667,1.773681428571429,0.3430000000000001,0.4644428571428571,0.1925571428571429
959979233570859,1.7501842857142855,0.3427571428571428,0.48115000000000013,0.17609285714285708
667592237473616,1.8452964285714286,0.38265714285714286,0.432057142857143,0.1852857142857143
292843692953188,1.6165321428571426,0.27083571428571424,0.5531785714285715,0.17598571428571433
945622526456000,1.8379171428571428,0.3875214285714286,0.4384999999999999,0.17397857142857137
573641366056098,1.708642142857143,0.3132642857142858,0.5028642857142857,0.18387142857142855
575209747940671,1.867771428571429,0.3996928571428572,0.42256428571428567,0.17774285714285715
847836640960530,1.9278921428571425,0.42484999999999995,0.3813214285714286,0.19382857142857146
166545407203722,1.7927607142857147,0.35465714285714284,0.4618071428571427,0.1835357142857143
922817646891254,1.779162857142857,0.3501571428571429,0.4566499999999998,0.19319285714285722
769312664147949,1.7818571428571428,0.35289285714285723,0.4618285714285715,0.18527857142857143
886192373395909,1.8899299999999999,0.4094428571428571,0.4078857142857142,0.1826714285714286
215740729027954,1.907386428571429,0.4138285714285714,0.3941357142857145,0.1920357142857143
903381734482463,1.7550014285714288,0.3368142857142857,0.4731714285714286,0.19001428571428575
215411591372525,1.6897642857142858,0.3003,0.50665,0.19305000000000005
91820085255413,1.7838614285714283,0.35656428571428567,0.46445714285714296,0.17897857142857138
962899970830917,1.7643478571428577,0.3455428571428571,0.47320714285714294,0.18125
969719008256981,1.8091757142857143,0.36712857142857147,0.4469142857142857,0.18595714285714285
986893035328992,1.803770714285714,0.36125714285714283,0.4479142857142856,0.1908285714285714
531323109617933,1.8098064285714288,0.36259285714285705,0.44754285714285713,0.1898642857142856
308551055971772,1.8516607142857144,0.39702857142857145,0.43155,0.17142142857142853
7984690204788,1.9354300000000006,0.4430714285714285,0.3929357142857144,0.16399285714285713
727017096545658,1.71265,0.3139000000000001,0.49532857142857145,0.19077142857142854
810545908121264,1.8358142857142858,0.3820642857142857,0.4359214285714285,0.18201428571428574
