seed,mean_aspect_ratio,fraction_elongated,fraction_round,fraction_binary
1099062448631258,1.3823885714285713,0.15364999999999995,0.7056285714285713,0.14072142857142853
853827592514924,1.1844371428571427,0.06664285714285714,0.8261,0.1072571428571429
1052030010736714,1.2209785714285715,0.08470000000000003,0.811064285714286,0.1042357142857143
993068073743470,1.2857335714285711,0.11811428571428575,0.7745571428571427,0.10732857142857145
375074238073900,1.253160714285714,0.0963142857142857,0.7872428571428571,0.11644285714285717
416178520884477,1.5633871428571426,0.24767142857142863,0.6042357142857144,0.14809285714285714
874051135843279,1.930029285714286,0.4191357142857142,0.39383571428571423,0.18702857142857143
12944511869278,1.3414978571428575,0.13802142857142857,0.7343071428571429,0.12767142857142857
542029227742456,1.467140714285714,0.1992071428571428,0.6645714285714283,0.1362214285714285
1011744331896734,1.3152485714285718,0.123,0.7439285714285715,0.13307142857142856
211701226972609,1.2976957142857144,0.11874285714285719,0.7595071428571429,0.12174999999999996
292918525777755,1.3600249999999998,0.15222857142857144,0.7314642857142858,0.11630714285714289
731147908347497,1.397321428571429,0.1665928571428571,0.7035928571428572,0.12981428571428577
985549376192247,1.5249657142857143,0.22665000000000007,0.6295214285714283,0.1438285714285714
873456432950595,1.2932464285714285,0.11560000000000004,0.7603642857142857,0.12403571428571425
422219896800918,1.3774549999999999,0.15736428571428568,0.7162785714285717,0.12635714285714283
900740014674953,1.4416535714285712,0.1894285714285714,0.6788500000000001,0.1317214285714286
1020578668480920,1.45308,0.19895714285714283,0.6785500000000002,0.12249285714285715
343569160877337,1.431132857142857,0.1774071428571428,0.671514285714286,0.15107857142857137
78804909138230,1.3469821428571425,0.13820714285714286,0.7267142857142856,0.13507857142857138
333614425743970,1.218892857142857,0.08225000000000002,0.8056571428571426,0.11209285714285715
974443487743328,1.5274807142857139,0.22585714285714287,0.6215857142857142,0.15255714285714278
703985244396274,1.6945428571428574,0.3156642857142856,0.5252499999999998,0.1590857142857143
1122578106359740,1.3222507142857143,0.12329285714285713,0.7336214285714285,0.14308571428571437
492938554100859,1.5906742857142855,0.25792857142857156,0.5930857142857142,0.14898571428571428
170902461924754,1.3087671428571426,0.12326428571428573,0.7517785714285715,0.12495714285714284
260045648084392,1.0089028571428569,7.85714285714286e-05,0.9705857142857143,0.029335714285714288
450419983107763,1.258554285714286,0.10085714285714288,0.7858642857142857,0.11327857142857146
543308666121182,1.3122307142857144,0.12300000000000004,0.7454857142857142,0.1315142857142857
593849570694833,1.3764157142857145,0.15431428571428563,0.7163142857142858,0.12937142857142864
582382717235568,1.3383085714285718,0.14125000000000007,0.7395214285714289,0.11922857142857143
1123570616129223,1.3448564285714286,0.14006428571428567,0.7367000000000002,0.12323571428571428
680622798933824,1.2984828571428568,0.1208071428571429,0.7705428571428569,0.10865
201764007966294,1.3233135714285715,0.13184285714285715,0.7463,0.12185714285714284
453356923466257,1.0855728571428573,0.028264285714285717,0.8904714285714288,0.0812642857142857
346214149398000,1.4211285714285709,0.1695428571428571,0.6822857142857144,0.14817142857142857
353918643079908,1.428398571428572,0.17995,0.6846142857142856,0.13543571428571433
971536625474344,1.496791428571428,0.21249285714285718,0.6430571428571429,0.14445
799035771825238,1.5721671428571433,0.2453714285714286,0.5947214285714284,0.15990714285714286
1114806189928891,1.4214099999999996,0.1794,0.6852642857142859,0.13533571428571428
216465895742590,1.2463235714285712,0.09817857142857143,0.7954142857142856,0.10640714285714285
926435018171726,1.3315221428571427,0.13747142857142855,0.7453857142857143,0.11714285714285722
744517311885370,1.4481285714285714,0.19204285714285713,0.6775857142857145,0.13037142857142858
812580382463326,1.2031100000000001,0.07660714285714285,0.8182999999999999,0.10509285714285713
521742092743191,1.3864085714285714,0.15920714285714288,0.7046500000000001,0.13614285714285715
1008612444973162,1.3692921428571425,0.14710714285714296,0.7126214285714284,0.14027142857142857
121838283310165,1.5545264285714286,0.23798571428571427,0.6052571428571428,0.1567571428571429
431006493426170,1.3344064285714285,0.1296642857142857,0.7323142857142858,0.13802142857142852
765322069857382,1.3054121428571428,0.11880000000000002,0.7507571428571429,0.13044285714285717
725201757884584,1.3293135714285715,0.13801428571428573,0.7455214285714287,0.11646428571428569
184656659025018,1.3595578571428568,0.14679999999999996,0.7223285714285715,0.13087142857142858
1034686135547599,1.3093092857142858,0.12393571428571433,0.7566571428571427,0.11940714285714288
380972098894405,1.334914285714286,0.13630714285714296,0.7388071428571429,0.12488571428571427
742183958399040,1.2854442857142854,0.11336428571428572,0.7693785714285719,0.11725714285714284
37852570490343,1.41274,0.16764285714285712,0.688321428571429,0.14403571428571427
734109262104827,1.3325364285714285,0.13677857142857147,0.74945,0.11377142857142857
401686787590537,1.0141542857142858,0.0006357142857142861,0.9514500000000005,0.04791428571428572
350020380685320,1.3297557142857148,0.13697857142857148,0.7479928571428569,0.11502857142857142
484612500106051,1.3086735714285718,0.1217142857142857,0.7527214285714284,0.12556428571428574
604884003999171,1.3548550000000001,0.14780714285714297,0.7274642857142856,0.12472857142857137
501697692195937,1.3000592857142859,0.11886428571428573,0.7640142857142859,0.11712142857142853
851083349436041,1.2719478571428569,0.11112857142857142,0.7855214285714288,0.10335000000000001
796940938751527,1.3478985714285716,0.13919285714285715,0.7303571428571429,0.13045000000000004
7713914261614,1.4421021428571426,0.18655000000000002,0.6797642857142859,0.1336857142857143
576259920081951,1.434645,0.18621428571428575,0.6832285714285715,0.13055714285714284
1070126987202609,1.4448578571428579,0.1842142857142857,0.6674499999999999,0.14833571428571432
162309295428918,1.2609978571428575,0.10037857142857143,0.7797714285714286,0.11985
1068084324211974,1.0114000000000003,0.0,0.9409142857142858,0.05908571428571431
351091003490802,1.4454657142857141,0.18567142857142863,0.6706000000000002,0.1437285714285714
476623210066927,1.2605549999999999,0.09896428571428575,0.7816928571428571,0.11934285714285713
931910273456500,1.2670321428571427,0.10806428571428568,0.7844000000000002,0.10753571428571429
460717270137620,1.4604521428571429,0.18818571428571432,0.6597357142857141,0.15207857142857137
618787482224677,1.4971907142857144,0.21163571428571426,0.6397357142857143,0.14862857142857142
31028804052714,1.0307385714285713,0.005964285714285715,0.9272142857142858,0.06682142857142856
848380339120121,1.3601864285714285,0.14559285714285708,0.7242428571428572,0.13016428571428568
605895506705858,1.2039028571428567,0.07650714285714283,0.8202857142857141,0.10320714285714284
371244909592213,1.3074321428571434,0.12551428571428577,0.7613642857142857,0.11312142857142858
887691803963939,1.505478571428572,0.21989285714285717,0.641042857142857,0.13906428571428578
341367030785281,1.427099285714286,0.17700714285714286,0.6847214285714286,0.13827142857142857
510593232092641,1.400722142857143,0.1700857142857143,0.7025499999999997,0.12736428571428574
150917535351633,1.3354835714285718,0.13536428571428574,0.7321285714285715,0.13250714285714282
453864874513756,1.5144000000000002,0.21776428571428574,0.6297571428571425,0.15247857142857138
229070237359158,1.2600335714285713,0.0996714285714286,0.7820357142857146,0.11829285714285714
295338566340576,1.3224642857142854,0.1356357142857143,0.7512357142857147,0.11312857142857143
844835515273933,1.2601000000000002,0.10380714285714283,0.7897571428571428,0.1064357142857143
315712195248884,1.0114342857142857,7.142857142857143e-06,0.9625071428571433,0.0374857142857143
546276473453276,1.2750914285714283,0.10563571428571429,0.7720500000000001,0.12231428571428571
1104211921913509,1.0809707142857148,0.028500000000000004,0.9031785714285714,0.06832142857142857
1082729744800802,1.4785600000000003,0.2135714285714286,0.663257142857143,0.12317142857142857
816040927085971,1.4346842857142854,0.18116428571428575,0.6798428571428573,0.13899285714285714
609367266722641,1.5364321428571426,0.22291428571428573,0.6156785714285712,0.16140714285714283
311751781598459,1.3910514285714288,0.15609285714285714,0.6941642857142858,0.1497428571428571
180878082594115,1.6512671428571428,0.282857142857143,0.5466214285714286,0.1705214285714285
1092038932415872,1.3174957142857147,0.1254071428571429,0.7469285714285717,0.12766428571428573
581041572900200,1.5587392857142857,0.24364285714285708,0.6008499999999998,0.15550714285714282
130453083214186,1.7302928571428566,0.31299999999999994,0.5038714285714283,0.1831285714285714
701987058071801,1.2915249999999998,0.11507142857142856,0.7638071428571426,0.12112142857142855
874467446318397,1.3448950000000002,0.13569285714285717,0.7294142857142859,0.13489285714285712
690180359955634,1.0142042857142857,7.142857142857143e-06,0.9223928571428567,0.0776
1032785400457749,1.3292342857142851,0.1346857142857143,0.7448642857142858,0.12044999999999997
44577617154917,1.2920871428571428,0.11565714285714286,0.7685000000000002,0.11584285714285712
595138602756779,1.4005071428571432,0.16501428571428567,0.6999571428571429,0.13502857142857141
517166228317078,1.327739285714286,0.13380714285714287,0.7427857142857143,0.12340714285714291
70199386339719,1.3269257142857132,0.12737142857142858,0.7376428571428569,0.13498571428571426
722071326265667,1.218947142857143,0.08407857142857146,0.8141214285714286,0.1018
959979233570859,1.3255664285714286,0.13317142857142855,0.7485214285714287,0.11830714285714287
667592237473616,1.3197557142857148,0.13189285714285712,0.7498642857142855,0.11824285714285711
292843692953188,1.0141471428571427,2.857142857142857e-05,0.9322285714285714,0.06774285714285715
945622526456000,1.0140699999999994,0.0019000000000000013,0.9579142857142862,0.04018571428571428
573641366056098,1.293047857142857,0.11776428571428572,0.7696642857142859,0.1125714285714286
575209747940671,1.222065714285714,0.08436428571428571,0.8084142857142855,0.10722142857142856
847836640960530,1.5604999999999996,0.23740000000000003,0.6010857142857142,0.16151428571428575
166545407203722,1.553732142857142,0.24010000000000004,0.6099428571428569,0.14995714285714282
922817646891254,1.3228950000000004,0.13292142857142852,0.7489714285714284,0.11810714285714285
769312664147949,1.3189985714285715,0.13188571428571427,0.7574928571428567,0.1106214285714286
886192373395909,1.4893807142857138,0.20459999999999998,0.6418428571428575,0.15355714285714292
215740729027954,1.4199449999999996,0.1683428571428571,0.6758428571428572,0.15581428571428566
903381734482463,1.4906071428571426,0.20268571428571427,0.6415214285714284,0.15579285714285715
215411591372525,1.5870264285714282,0.25654285714285724,0.59205,0.15140714285714288
91820085255413,1.2494250000000005,0.09939285714285713,0.7921142857142859,0.10849285714285717
962899970830917,1.3251300000000004,0.12914285714285711,0.7453142857142857,0.12554285714285712
969719008256981,1.4397528571428575,0.17907142857142855,0.6697785714285716,0.15115000000000003
986893035328992,1.0128164285714285,0.0,0.9396571428571432,0.060342857142857156
531323109617933,1.490598571428571,0.20502857142857145,0.6440714285714287,0.15089999999999998
308551055971772,1.3353250000000003,0.1404142857142857,0.7447642857142857,0.11482142857142859
7984690204788,1.3654871428571427,0.14952857142857143,0.7220285714285711,0.12844285714285714
727017096545658,1.9007442857142853,0.40414285714285725,0.4134142857142857,0.1824428571428571
810545908121264,1.0137049999999996,7.142857142857143e-06,0.9257499999999997,0.07424285714285717
