seed,mean_aspect_ratio,fraction_elongated,fraction_round,fraction_binary
1099062448631258,2.6346092857142853,0.8911785714285716,0.022864285714285705,0.08595714285714282
853827592514924,2.5938257142857144,0.8550928571428572,0.041292857142857145,0.10361428571428574
1052030010736714,2.6242914285714276,0.9076285714285713,0.02919999999999997,0.06317142857142859
993068073743470,2.656378571428571,0.9246714285714286,0.014014285714285708,0.06131428571428571
375074238073900,2.573086428571428,0.8533785714285717,0.05370714285714284,0.09291428571428567
416178520884477,2.598975714285715,0.8820428571428574,0.04172857142857143,0.07622857142857142
874051135843279,2.6065785714285705,0.881592857142857,0.03675000000000001,0.08165714285714287
12944511869278,2.6017007142857147,0.8741499999999996,0.04048571428571427,0.08536428571428568
542029227742456,2.6017614285714274,0.8453428571428573,0.034371428571428574,0.12028571428571429
1011744331896734,2.590342142857143,0.86045,0.0439,0.09564999999999999
211701226972609,2.600429285714285,0.8693285714285711,0.03782857142857143,0.09284285714285714
292918525777755,2.5603007142857135,0.8526214285714286,0.05962142857142857,0.08775714285714285
731147908347497,2.657837142857143,0.9188857142857147,0.014107142857142839,0.06700714285714285
985549376192247,2.57128357142857,0.8619928571428571,0.054771428571428575,0.08323571428571423
873456432950595,2.5778957142857135,0.8474071428571429,0.046664285714285714,0.10592857142857144
422219896800918,2.6430314285714287,0.9182214285714283,0.02272857142857141,0.059049999999999984
900740014674953,2.5880964285714287,0.8590142857142858,0.04331428571428571,0.09767142857142856
1020578668480920,2.602368571428572,0.8577428571428573,0.03554999999999999,0.10670714285714288
343569160877337,2.5897335714285705,0.8718357142857145,0.04874285714285715,0.07942142857142857
78804909138230,2.6560192857142866,0.926321428571429,0.015578571428571419,0.058100000000000006
333614425743970,2.5884792857142864,0.8661214285714288,0.04305714285714286,0.09082142857142854
974443487743328,2.6367857142857147,0.8925357142857147,0.020414285714285718,0.08705
703985244396274,2.591324285714285,0.8713785714285714,0.04167857142857144,0.08694285714285717
1122578106359740,2.6253707142857152,0.8894142857142859,0.027650000000000008,0.08293571428571431
492938554100859,2.6026464285714286,0.8700857142857142,0.03945714285714286,0.09045714285714289
170902461924754,2.520577857142856,0.8224285714285712,0.07822857142857141,0.09934285714285712
260045648084392,2.470412142857143,0.7875785714285715,0.10236428571428571,0.1100571428571428
450419983107763,2.6201635714285714,0.8771,0.028471428571428564,0.09442857142857145
543308666121182,2.6254542857142846,0.8977357142857141,0.027957142857142847,0.07430714285714284
593849570694833,2.6214185714285705,0.8904857142857138,0.030285714285714287,0.07922857142857144
582382717235568,2.621885,0.9003785714285716,0.03156428571428572,0.06805714285714286
1123570616129223,2.606992857142858,0.8831000000000002,0.03625714285714285,0.08064285714285714
680622798933824,2.6336835714285725,0.8817142857142859,0.022521428571428585,0.09576428571428572
201764007966294,2.6454792857142855,0.9193714285714281,0.019099999999999992,0.06152857142857143
453356923466257,2.615211428571429,0.8901642857142853,0.03520714285714286,0.0746285714285714
346214149398000,2.595527142857143,0.8598428571428569,0.03880714285714286,0.10135000000000001
353918643079908,2.5858042857142856,0.8731714285714286,0.04592142857142856,0.08090714285714283
971536625474344,2.572243571428571,0.8561214285714284,0.052421428571428584,0.09145714285714289
799035771825238,2.5838978571428575,0.865228571428571,0.048964285714285724,0.08580714285714286
1114806189928891,2.6069042857142857,0.8720214285714284,0.03497142857142858,0.09300714285714284
216465895742590,2.5589714285714282,0.8491857142857145,0.05900714285714286,0.09180714285714286
926435018171726,2.605117857142856,0.8744214285714285,0.03687142857142857,0.08870714285714283
744517311885370,2.5649757142857146,0.8616428571428573,0.05905714285714288,0.0793
812580382463326,2.5543964285714287,0.8388428571428572,0.05922857142857145,0.10192857142857142
521742092743191,2.6530592857142854,0.9238142857142856,0.016328571428571432,0.059857142857142887
1008612444973162,2.544892142857144,0.8380714285714282,0.0683142857142857,0.09361428571428572
121838283310165,2.628955714285714,0.8973928571428573,0.02557142857142857,0.0770357142857143
431006493426170,2.5641585714285715,0.8551857142857143,0.05803571428571429,0.08677857142857143
765322069857382,2.6511050000000003,0.913235714285714,0.017207142857142855,0.06955714285714287
725201757884584,2.615095000000001,0.8962857142857145,0.03309285714285714,0.07062142857142857
184656659025018,2.631399285714286,0.8977071428571426,0.02690714285714285,0.07538571428571429
1034686135547599,2.564979285714286,0.8391071428571429,0.054864285714285706,0.10602857142857142
380972098894405,2.5765750000000014,0.8505071428571428,0.0506,0.09889285714285716
742183958399040,2.592522857142856,0.8530571428571431,0.03986428571428571,0.10707857142857143
37852570490343,2.582681428571429,0.8573714285714289,0.04737142857142859,0.09525714285714285
734109262104827,2.6246185714285715,0.8905142857142857,0.028285714285714286,0.08120000000000001
401686787590537,2.5765100000000007,0.8679785714285717,0.05017857142857143,0.08184285714285718
350020380685320,2.5489064285714287,0.8417428571428571,0.060485714285714275,0.0977714285714286
484612500106051,2.5148578571428564,0.8213714285714288,0.08107142857142856,0.09755714285714283
604884003999171,2.651378571428571,0.9193428571428567,0.016164285714285704,0.06449285714285713
501697692195937,2.624062857142857,0.8939642857142859,0.02848571428571428,0.07754999999999998
851083349436041,2.5748942857142865,0.8464357142857142,0.048514285714285704,0.10505000000000002
796940938751527,2.5558957142857133,0.8346714285714285,0.05847857142857142,0.10684999999999997
7713914261614,2.6183578571428563,0.9064428571428573,0.03180714285714286,0.06175
576259920081951,2.6318785714285715,0.9040714285714287,0.02498571428571428,0.07094285714285715
1070126987202609,2.583642142857142,0.8608785714285713,0.04567857142857145,0.09344285714285715
162309295428918,2.675702142857143,0.9596642857142854,0.008521428571428577,0.0318142857142857
1068084324211974,2.6110249999999997,0.8933071428571429,0.03452142857142857,0.07217142857142855
351091003490802,2.566807857142858,0.85825,0.05855714285714285,0.08319285714285714
476623210066927,2.631575,0.9169142857142855,0.028292857142857147,0.05479285714285716
931910273456500,2.6246742857142857,0.9001428571428567,0.02805714285714285,0.07179999999999999
460717270137620,2.6634471428571427,0.9447642857142857,0.012807142857142845,0.04242857142857145
618787482224677,2.6320971428571434,0.9082642857142854,0.025578571428571412,0.06615714285714286
31028804052714,2.610849285714285,0.8854142857142857,0.03557857142857142,0.07900714285714283
848380339120121,2.6437207142857138,0.9002714285714283,0.018264285714285705,0.08146428571428571
605895506705858,2.6604442857142856,0.92575,0.012957142857142844,0.06129285714285713
371244909592213,2.6041421428571434,0.8884142857142856,0.03967142857142859,0.07191428571428575
887691803963939,2.649665,0.9178499999999996,0.017864285714285708,0.06428571428571431
341367030785281,2.5730700000000004,0.8512357142857141,0.04932857142857143,0.09943571428571431
510593232092641,2.607793571428571,0.8711571428571429,0.03378571428571429,0.09505714285714283
150917535351633,2.5825414285714294,0.8570928571428572,0.047842857142857145,0.09506428571428574
453864874513756,2.6100278571428563,0.8772500000000001,0.03637142857142856,0.08637857142857142
229070237359158,2.649709999999999,0.9343357142857146,0.019621428571428554,0.04604285714285715
295338566340576,2.6703371428571434,0.9486785714285716,0.010207142857142849,0.041114285714285714
844835515273933,2.6166221428571426,0.8819642857142854,0.03172857142857144,0.08630714285714287
315712195248884,2.6082464285714284,0.8786214285714289,0.03517142857142857,0.08620714285714287
546276473453276,2.680780000000001,0.9739785714285715,0.007478571428571434,0.01854285714285714
1104211921913509,2.5628971428571434,0.8594357142857145,0.06002857142857144,0.08053571428571428
1082729744800802,2.573402857142856,0.8628928571428571,0.0536,0.08350714285714288
816040927085971,2.5832450000000007,0.8675,0.049128571428571424,0.08337142857142858
609367266722641,2.6052878571428573,0.8707571428571427,0.03695714285714287,0.0922857142857143
311751781598459,2.562703571428571,0.836107142857143,0.05439285714285715,0.10950000000000006
180878082594115,2.568384285714286,0.8519428571428571,0.05405,0.09400714285714286
1092038932415872,2.5517428571428575,0.8315357142857136,0.0617857142857143,0.1066785714285714
581041572900200,2.6191528571428573,0.8790642857142856,0.03027857142857143,0.09065714285714284
130453083214186,2.6563149999999998,0.9278857142857144,0.015542857142857145,0.056571428571428585
701987058071801,2.636085714285715,0.8912714285714288,0.022028571428571418,0.08670000000000005
874467446318397,2.6470350000000007,0.9207428571428571,0.018235714285714275,0.061021428571428595
690180359955634,2.5959707142857145,0.8707785714285715,0.0426,0.08662142857142857
1032785400457749,2.6337535714285707,0.8751642857142858,0.022035714285714266,0.1028
44577617154917,2.635649285714285,0.9033214285714287,0.023814285714285708,0.07286428571428571
595138602756779,2.662561428571429,0.9363357142857148,0.013292857142857143,0.05037142857142858
517166228317078,2.5689078571428565,0.8540857142857139,0.05419285714285716,0.09172142857142858
70199386339719,2.626581428571428,0.8754714285714282,0.02437142857142858,0.10015714285714288
722071326265667,2.5787107142857133,0.8592642857142855,0.046892857142857146,0.09384285714285712
959979233570859,2.5975035714285717,0.8648428571428574,0.03977857142857143,0.09537857142857138
667592237473616,2.5771999999999995,0.8654499999999999,0.050699999999999995,0.08385000000000002
292843692953188,2.6527185714285717,0.9302642857142854,0.018421428571428568,0.05131428571428573
945622526456000,2.6211007142857143,0.9001428571428572,0.030785714285714284,0.06907142857142858
573641366056098,2.532043571428572,0.8346142857142855,0.07282857142857144,0.09255714285714285
575209747940671,2.6027378571428574,0.8727642857142855,0.035685714285714286,0.09154999999999998
847836640960530,2.6339028571428567,0.9021857142857143,0.023421428571428586,0.07439285714285714
166545407203722,2.519475,0.8212857142857145,0.07475000000000001,0.10396428571428575
922817646891254,2.653554285714286,0.9296571428571427,0.017714285714285717,0.05262857142857143
769312664147949,2.5974142857142857,0.8690071428571428,0.04581428571428572,0.08517857142857141
886192373395909,2.589201428571429,0.8792142857142858,0.04195000000000003,0.07883571428571427
215740729027954,2.6244,0.9011928571428571,0.02991428571428572,0.06889285714285717
903381734482463,2.632303571428572,0.9101142857142855,0.02757857142857143,0.06230714285714287
215411591372525,2.655077857142856,0.9245285714285713,0.01584285714285713,0.059628571428571434
91820085255413,2.5201092857142857,0.8271928571428572,0.07836428571428572,0.09444285714285715
962899970830917,2.633454285714286,0.9156214285714285,0.026171428571428578,0.05820714285714285
969719008256981,2.5978078571428576,0.8813999999999997,0.040871428571428586,0.07772857142857144
986893035328992,2.6894257142857145,0.9713214285714282,0.0026000000000000016,0.026078571428571416
531323109617933,2.6006157142857145,0.8640071428571429,0.03704285714285715,0.09895000000000005
308551055971772,2.624308571428572,0.8950714285714287,0.029642857142857144,0.07528571428571429
7984690204788,2.599744285714286,0.8660714285714288,0.037700000000000004,0.0962285714285714
727017096545658,2.609147142857142,0.8689928571428572,0.03492142857142858,0.09608571428571429
810545908121264,2.5852657142857147,0.8675571428571427,0.04771428571428573,0.08472857142857142
