seed,mean_aspect_ratio,fraction_elongated,fraction_round,fraction_binary
1099062448631258,1.8332449999999998,0.3850714285714285,0.44592857142857145,0.16900000000000004
853827592514924,1.8319614285714283,0.38397142857142874,0.4437071428571428,0.17232142857142857
1052030010736714,1.7096028571428574,0.31914285714285723,0.5144000000000002,0.16645714285714291
993068073743470,1.7015278571428576,0.31461428571428574,0.51655,0.16883571428571428
375074238073900,1.61038,0.26251428571428576,0.5632285714285713,0.17425714285714286
416178520884477,1.6883035714285715,0.31183571428571444,0.5300142857142855,0.15815000000000007
874051135843279,1.5909742857142857,0.25607857142857143,0.5754571428571427,0.16846428571428576
12944511869278,1.601342857142857,0.2517428571428571,0.5573642857142858,0.19089285714285711
542029227742456,1.6236300000000008,0.2617642857142858,0.5471571428571428,0.1910785714285714
1011744331896734,1.6961764285714287,0.3107642857142857,0.5201214285714285,0.1691142857142857
211701226972609,1.4786128571428574,0.19955714285714285,0.6353428571428575,0.16509999999999994
292918525777755,1.6794235714285708,0.29982857142857144,0.5294500000000001,0.17072142857142858
731147908347497,1.5511921428571434,0.2362714285714285,0.5957857142857143,0.16794285714285714
985549376192247,1.7418914285714286,0.32501428571428576,0.48512857142857135,0.18985714285714284
873456432950595,1.6038935714285718,0.26042857142857145,0.5634642857142856,0.17610714285714285
422219896800918,1.6090842857142857,0.26852857142857134,0.5706857142857142,0.16078571428571428
900740014674953,1.7210292857142853,0.318092857142857,0.5065571428571429,0.17535
1020578668480920,1.7258257142857154,0.3141285714285714,0.49015714285714296,0.1957142857142857
343569160877337,1.6160007142857142,0.2665214285714285,0.5618785714285716,0.17159999999999992
78804909138230,1.6141092857142854,0.2657857142857142,0.5651357142857141,0.1690785714285714
333614425743970,1.6041921428571428,0.25968571428571435,0.5657714285714286,0.1745428571428571
974443487743328,1.69944,0.3161500000000001,0.5197571428571428,0.16409285714285712
703985244396274,1.6161849999999998,0.26421428571428557,0.5593428571428571,0.17644285714285715
1122578106359740,1.6753357142857144,0.2987285714285714,0.5232214285714288,0.17804999999999999
492938554100859,1.4161407142857136,0.17194999999999994,0.6702714285714283,0.15777857142857143
170902461924754,1.5982264285714285,0.2601142857142857,0.5702357142857144,0.16965000000000008
260045648084392,1.513780714285715,0.2196714285714286,0.6198071428571429,0.16052142857142862
450419983107763,1.7009178571428571,0.31352857142857143,0.5206214285714286,0.16585
543308666121182,1.560952142857143,0.24478571428571425,0.5973071428571427,0.15790714285714286
593849570694833,1.6172542857142855,0.2725000000000001,0.5654142857142858,0.16208571428571428
582382717235568,1.637687142857143,0.2810928571428571,0.5520571428571429,0.16685000000000003
1123570616129223,1.583225,0.2551357142857143,0.5835499999999999,0.16131428571428566
680622798933824,1.7269821428571432,0.33333571428571435,0.5029500000000001,0.16371428571428565
201764007966294,1.570914285714285,0.2455214285714286,0.5850214285714289,0.1694571428571429
453356923466257,1.59009,0.25039285714285714,0.5697928571428572,0.17981428571428568
346214149398000,1.6695335714285717,0.29102142857142865,0.5296428571428572,0.17933571428571426
353918643079908,1.5504385714285709,0.2336857142857143,0.5949571428571429,0.17135714285714282
971536625474344,1.6502171428571426,0.2867285714285715,0.5408642857142857,0.17240714285714287
799035771825238,1.8254042857142865,0.3681571428571429,0.44365000000000004,0.1881928571428572
1114806189928891,1.5477921428571426,0.23741428571428566,0.5989499999999998,0.16363571428571422
216465895742590,1.5848299999999995,0.24754285714285704,0.5698714285714287,0.1825857142857143
926435018171726,1.7010635714285713,0.3234857142857143,0.5238714285714288,0.1526428571428572
744517311885370,1.6862464285714287,0.3141428571428572,0.5281357142857144,0.15772142857142854
812580382463326,1.7716807142857143,0.35266428571428576,0.4788142857142856,0.16852142857142857
521742092743191,1.606787142857143,0.2644285714285714,0.5666357142857142,0.16893571428571427
1008612444973162,1.4906492857142855,0.20212142857142856,0.6281357142857142,0.16974285714285717
121838283310165,1.865679285714285,0.4054428571428572,0.42817142857142854,0.1663857142857143
431006493426170,1.4995550000000004,0.20961428571428567,0.6253214285714284,0.16506428571428564
765322069857382,1.5291028571428569,0.22860714285714293,0.6088714285714288,0.16252142857142862
725201757884584,1.531290714285715,0.23260000000000006,0.6164857142857142,0.15091428571428572
184656659025018,1.6871250000000002,0.3059214285714284,0.5227142857142856,0.1713642857142857
1034686135547599,1.6413078571428565,0.28152857142857146,0.5420785714285713,0.17639285714285705
380972098894405,1.5804757142857142,0.2519499999999999,0.58165,0.16640000000000005
742183958399040,1.59223,0.25085714285714283,0.5673928571428575,0.18175000000000005
37852570490343,1.5228385714285713,0.21929285714285718,0.6070071428571427,0.1737
734109262104827,1.5381657142857144,0.23357857142857133,0.6059142857142855,0.16050714285714288
401686787590537,1.5689078571428574,0.24109285714285714,0.5779285714285716,0.18097857142857143
350020380685320,1.6023728571428575,0.2591785714285715,0.5680785714285713,0.17274285714285714
484612500106051,1.534677142857143,0.2336642857142857,0.6137285714285714,0.15260714285714283
604884003999171,1.564498571428571,0.24650714285714287,0.5954499999999997,0.15804285714285715
501697692195937,1.6108807142857147,0.2628428571428571,0.5628642857142856,0.1742928571428572
851083349436041,1.6311342857142865,0.2803928571428571,0.560957142857143,0.15864999999999999
796940938751527,1.5647692857142859,0.23945714285714292,0.5834642857142857,0.17707857142857142
7713914261614,1.5511928571428573,0.2398214285714286,0.6024499999999999,0.1577285714285714
576259920081951,1.6880171428571427,0.3184928571428572,0.5372428571428571,0.14426428571428573
1070126987202609,1.511215714285715,0.21312142857142852,0.6174,0.16947857142857137
162309295428918,1.751392857142857,0.3454857142857144,0.4944142857142859,0.16009999999999996
1068084324211974,1.5924821428571432,0.2550285714285715,0.5765214285714287,0.16844999999999993
351091003490802,1.46442,0.19194999999999998,0.640842857142857,0.1672071428571429
476623210066927,1.6280292857142857,0.2719071428571429,0.5449928571428572,0.1831
931910273456500,1.602797142857143,0.27052857142857134,0.5789928571428573,0.15047857142857146
460717270137620,1.7521235714285717,0.3386714285714285,0.48394285714285723,0.17738571428571429
618787482224677,1.6226592857142856,0.2771142857142857,0.5635857142857141,0.15929999999999997
31028804052714,1.7169400000000001,0.3151428571428571,0.5028928571428571,0.18196428571428572
848380339120121,1.8126421428571433,0.3664714285714286,0.45662142857142873,0.17690714285714287
605895506705858,1.6008664285714282,0.26567142857142856,0.5712214285714285,0.16310714285714292
371244909592213,1.70459,0.3121928571428571,0.5146571428571428,0.17314999999999994
887691803963939,1.6008707142857141,0.26066428571428574,0.5695714285714285,0.1697642857142857
341367030785281,1.5843228571428571,0.25616428571428573,0.5836642857142856,0.16017142857142858
510593232092641,1.5459257142857143,0.23417142857142847,0.6025714285714289,0.1632571428571429
150917535351633,1.6604521428571424,0.2893928571428572,0.5352142857142858,0.17539285714285716
453864874513756,1.6376421428571426,0.27922857142857144,0.5502142857142857,0.1705571428571429
229070237359158,1.7221514285714283,0.32232857142857146,0.499235714285714,0.17843571428571436
295338566340576,1.6066278571428574,0.2659499999999999,0.5656428571428569,0.1684071428571428
844835515273933,1.574112142857143,0.2491357142857142,0.5841714285714286,0.16669285714285717
315712195248884,1.5220921428571432,0.22005714285714287,0.61385,0.16609285714285718
546276473453276,1.6537592857142858,0.2929785714285714,0.5469785714285712,0.16004285714285718
1104211921913509,1.662066428571429,0.2922071428571429,0.538592857142857,0.16919999999999993
1082729744800802,1.541730714285714,0.23435714285714287,0.607342857142857,0.15830000000000005
816040927085971,1.728664285714286,0.3125142857142857,0.49247857142857143,0.19500714285714285
609367266722641,1.7718571428571435,0.3484214285714286,0.47627857142857144,0.17530000000000007
311751781598459,1.5801692857142857,0.2509428571428571,0.5826500000000002,0.16640714285714286
180878082594115,1.5755035714285717,0.25089999999999996,0.5893928571428572,0.1597071428571429
1092038932415872,1.6346635714285718,0.28114285714285703,0.5526500000000002,0.16620714285714286
581041572900200,1.595835714285714,0.2644642857142857,0.574542857142857,0.16099285714285713
130453083214186,1.6552435714285716,0.2897071428571428,0.5406714285714286,0.16962142857142865
701987058071801,1.5409214285714288,0.23040000000000005,0.6036785714285715,0.16592142857142855
874467446318397,1.672933571428572,0.29636428571428564,0.5323500000000002,0.17128571428571426
690180359955634,1.6564485714285713,0.29055,0.5353642857142858,0.1740857142857143
1032785400457749,1.6277235714285714,0.27321428571428574,0.554235714285714,0.17255000000000004
44577617154917,1.704261428571429,0.31435000000000013,0.5116214285714288,0.17402857142857142
595138602756779,1.629365714285714,0.2805428571428572,0.5600214285714287,0.15943571428571435
517166228317078,1.6744742857142851,0.3057071428571428,0.5403785714285716,0.15391428571428573
70199386339719,1.6252864285714286,0.2756857142857143,0.5594142857142855,0.16490000000000005
722071326265667,1.620307857142857,0.2768,0.565707142857143,0.15749285714285718
959979233570859,1.4942764285714283,0.21122142857142864,0.6305071428571428,0.15827142857142856
667592237473616,1.6476550000000003,0.2836214285714287,0.5458928571428572,0.1704857142857142
292843692953188,1.716842142857143,0.3235857142857143,0.5082357142857142,0.16817857142857143
945622526456000,1.6485642857142853,0.28701428571428583,0.5514071428571428,0.16157857142857143
573641366056098,1.537976428571429,0.23180000000000003,0.6035642857142859,0.16463571428571427
575209747940671,1.8091049999999993,0.3664714285714286,0.45628571428571424,0.17724285714285712
847836640960530,1.4902964285714284,0.2103857142857143,0.638185714285714,0.1514285714285714
166545407203722,1.629267142857143,0.27914999999999995,0.5594285714285716,0.1614214285714286
922817646891254,1.7213035714285718,0.3202571428571428,0.4992500000000001,0.18049285714285707
769312664147949,1.6107221428571423,0.2757785714285714,0.5759428571428571,0.14827857142857145
886192373395909,1.663457142857143,0.2882357142857143,0.5323142857142856,0.17944999999999997
215740729027954,1.542185,0.22802142857142857,0.5968999999999999,0.1750785714285715
903381734482463,1.613415,0.2641785714285713,0.5597000000000002,0.17612142857142854
215411591372525,1.7524585714285712,0.33692142857142854,0.4896714285714285,0.17340714285714276
91820085255413,1.5855078571428574,0.2515285714285715,0.5704785714285714,0.17799285714285715
962899970830917,1.5649457142857142,0.24329285714285726,0.5937214285714286,0.16298571428571434
969719008256981,1.536941428571429,0.22722857142857142,0.603135714285714,0.16963571428571425
986893035328992,1.7931728571428571,0.3582785714285715,0.46307142857142847,0.17865000000000003
531323109617933,1.6180607142857142,0.27312142857142857,0.5645285714285715,0.16235
308551055971772,1.7677214285714278,0.3428571428571427,0.47930714285714293,0.17783571428571424
7984690204788,1.8318649999999999,0.38794285714285714,0.4543071428571429,0.15774999999999995
727017096545658,1.504743571428571,0.22007857142857146,0.6306142857142857,0.14930714285714286
810545908121264,1.636216428571429,0.2741285714285715,0.5399714285714288,0.18589999999999998
