step,mean_aspect_ratio,fraction_elongated,fraction_round,fraction_binary
100,1.0,0.0,1.0,0.0
200,2.3807225000000005,0.5813531249999998,0.030334375,0.3883125
300,2.509984062500001,0.772,0.04293125,0.18506875
400,2.5181396875000015,0.8031249999999998,0.05168750000000001,0.14518750000000002
500,2.5123431250000006,0.8064781250000003,0.05856249999999999,0.134959375
600,2.5034428125000003,0.8031812500000001,0.06521562499999999,0.13160312500000004
700,2.4978975000000005,0.801884375,0.06961562499999999,0.1285
800,2.4907071875,0.7985250000000003,0.07448750000000001,0.1269875
900,2.4870871875,0.7970781250000003,0.07721875,0.125703125
1000,2.4820215625,0.7941718750000003,0.08086562500000001,0.12496250000000002
1100,2.4782290625000005,0.7917312500000001,0.08349062499999994,0.124778125
1200,2.4726465624999996,0.7878625000000001,0.08713437500000001,0.12500312499999996
1300,2.4675225000000007,0.785959375,0.09014999999999997,0.12389062499999999
1400,2.4657809375000004,0.7848156250000001,0.09153437500000004,0.12365
1500,2.4628071875,0.783440625,0.09475312500000002,0.12180625000000002
1600,2.4596303124999994,0.7823093750000002,0.09694062499999997,0.12075
1700,2.4576718750000004,0.7811687500000004,0.09795312500000004,0.12087812500000002
1800,2.4564459374999994,0.780528125,0.098578125,0.12089374999999998
1900,2.4572012500000002,0.7815999999999997,0.09855000000000001,0.11985000000000001
2000,2.4587550000000005,0.7822906249999999,0.09825000000000002,0.11945937499999999
2100,2.4584115624999994,0.7822187499999999,0.09855312500000002,0.11922812499999999
2200,2.4583609374999997,0.7819218749999998,0.09950937500000001,0.11856875
2300,2.4577959375,0.7810437499999999,0.09980312499999999,0.119153125
2400,2.4556609375000003,0.7801687499999999,0.102121875,0.11770937499999999
2500,2.4525190624999995,0.7781906249999999,0.104609375,0.11719999999999998
2600,2.4503346875000003,0.7770156250000002,0.10525937500000003,0.11772500000000001
2700,2.4491121875,0.7759124999999999,0.10645312500000001,0.117634375
2800,2.44974875,0.7761156250000002,0.10582812499999995,0.11805625000000002
2900,2.451975625,0.7777375000000001,0.10531875000000002,0.11694375000000001
3000,2.4535,0.7794468750000001,0.10469687500000001,0.11585624999999994
3100,2.453866250000001,0.7801625,0.104703125,0.11513437500000002
3200,2.4523171875,0.7787843749999999,0.10632187500000001,0.11489374999999999
3300,2.4523559375,0.778815625,0.10589375000000002,0.11529062499999998
3400,2.4524112500000004,0.7787687500000002,0.10625312500000003,0.114978125
3500,2.4516046874999993,0.7788375,0.10741875000000002,0.11374375000000002
3600,2.45340625,0.7797625000000001,0.106484375,0.11375312500000002
3700,2.454375,0.780515625,0.10625625000000004,0.11322812500000001
3800,2.4555146875000005,0.7819874999999996,0.10637812500000005,0.11163437499999998
3900,2.4568275000000006,0.782459375,0.10540312499999999,0.11213749999999999
4000,2.4569078125,0.78236875,0.10537187499999999,0.112259375
4100,2.4570387499999993,0.7823124999999999,0.10519375000000002,0.11249374999999998
4200,2.4582393749999993,0.7831499999999998,0.10508437499999997,0.111765625
4300,2.4596262499999995,0.7830093749999999,0.10369999999999997,0.113290625
4400,2.462020625,0.7849468749999997,0.102409375,0.11264374999999999
4500,2.4632950000000005,0.7852031249999998,0.10185937499999997,0.11293750000000001
4600,2.464299374999999,0.786190625,0.10175625,0.11205312500000003
4700,2.463329062499999,0.785365625,0.10330624999999996,0.11132812500000001
4800,2.4606615625,0.7841656250000003,0.10482499999999999,0.11100937500000002
4900,2.4593546874999994,0.7830531249999998,0.10565625000000001,0.111290625
5000,2.4576490625,0.782009375,0.10640000000000005,0.11159062499999997
5100,2.4559868749999993,0.78103125,0.10769999999999996,0.11126874999999997
5200,2.456368750000001,0.7811437499999999,0.10752499999999998,0.11133125000000003
5300,2.4569121874999995,0.7809906249999998,0.107596875,0.1114125
5400,2.45767,0.7820656250000001,0.10737812500000002,0.11055625000000001
5500,2.4590478124999997,0.7826093749999999,0.10655624999999996,0.110834375
5600,2.4610484375000006,0.7836375,0.1053,0.11106250000000004
5700,2.4613812499999996,0.7838093749999997,0.10519687500000001,0.11099375000000004
5800,2.4625181250000003,0.78486875,0.10480937499999998,0.11032187500000004
5900,2.4640240624999996,0.7856843749999998,0.10398125000000004,0.11033437499999997
6000,2.46338625,0.7855250000000003,0.10450000000000001,0.10997499999999999
6100,2.4623412500000006,0.7853968749999999,0.10522812500000002,0.109375
6200,2.462425937499999,0.78513125,0.10571875,0.10914999999999997
6300,2.4639793749999996,0.7857312500000002,0.10479062500000003,0.10947812500000002
6400,2.46550375,0.786534375,0.1037125,0.10975312500000002
6500,2.4665803124999996,0.7868875,0.10256875,0.11054374999999995
6600,2.468526875000001,0.7877312499999999,0.101634375,0.11063437499999995
6700,2.4697046874999997,0.787921875,0.10086875,0.11120937499999999
6800,2.4702818750000004,0.7886562499999997,0.10063437499999998,0.11070937499999997
6900,2.4689159375000003,0.7883374999999999,0.10180625000000001,0.10985625000000002
7000,2.467423437499999,0.7866906250000002,0.10293125000000002,0.11037812500000005
7100,2.4659340625,0.7861749999999997,0.103925,0.10989999999999994
7200,2.4652696874999998,0.7857749999999998,0.10432187500000001,0.109903125
7300,2.4662021875,0.7861249999999999,0.10365625000000003,0.11021875
7400,2.4669062500000005,0.7862656249999999,0.10318125000000002,0.11055312500000002
7500,2.4671403125,0.786396875,0.10310624999999995,0.11049687499999998
7600,2.4669496875,0.7859718749999998,0.103109375,0.11091874999999998
7700,2.4668990625,0.7861343750000002,0.10412500000000001,0.109740625
7800,2.4656778125,0.7858281249999999,0.10501875000000001,0.10915312500000003
7900,2.464190625,0.7845687499999999,0.10507499999999999,0.11035625
8000,2.464287812500001,0.784190625,0.10519374999999997,0.11061562500000004
8100,2.4633053125,0.7835374999999999,0.10591562499999997,0.11054687499999999
8200,2.4641075,0.7838343750000003,0.10566249999999995,0.110503125
8300,2.4656178124999992,0.784084375,0.10468750000000002,0.111228125
8400,2.4656349999999994,0.7840187500000003,0.1046375,0.11134375
8500,2.4643696875000005,0.7829250000000001,0.10529374999999999,0.11178125000000003
8600,2.4651218749999995,0.7835187500000002,0.10485,0.11163125000000003
8700,2.4653931250000003,0.7839937500000002,0.10435000000000001,0.11165625000000004
8800,2.4645040625000005,0.7837624999999998,0.10535000000000001,0.11088750000000003
8900,2.4651559374999987,0.784540625,0.10493124999999998,0.11052812499999999
9000,2.466802187499999,0.7849218749999999,0.10368749999999999,0.11139062499999998
9100,2.4683649999999995,0.7855812499999999,0.10309375000000001,0.11132500000000004
9200,2.470399687499999,0.7863218749999998,0.10175625,0.11192187499999996
9300,2.471556562500001,0.787034375,0.10162812499999996,0.1113375
9400,2.4716887499999998,0.78710625,0.10163124999999998,0.11126250000000001
9500,2.4716646875000006,0.7867781249999997,0.10106250000000001,0.11215937499999998
9600,2.4726287499999997,0.7865687500000001,0.100265625,0.11316562500000002
9700,2.4746053125,0.787871875,0.09940937500000002,0.11271874999999999
9800,2.4767771874999998,0.789125,0.09808437499999999,0.11279062499999999
9900,2.4794193750000004,0.7913499999999999,0.09700312499999997,0.111646875
10000,2.4825068750000003,0.7931124999999997,0.09597812499999998,0.11090937499999996
10100,2.4832303125,0.793734375,0.09557499999999997,0.11069062499999999
10200,2.48347875,0.7951093749999999,0.09629375,0.108596875
10300,2.4817621874999998,0.7944874999999999,0.09725000000000003,0.10826250000000004
10400,2.480209062500001,0.7931218749999996,0.097865625,0.1090125
10500,2.4790540624999995,0.7917718749999999,0.09882812499999998,0.1094
10600,2.4777934375,0.7909031249999997,0.09938437500000001,0.10971249999999998
10700,2.477264375,0.79026875,0.09979687500000003,0.10993437499999996
10800,2.475701875,0.7887656250000004,0.10063125000000002,0.11060312499999998
10900,2.4734275,0.7870250000000002,0.10190312500000002,0.11107187500000001
11000,2.4715003124999995,0.7853656249999997,0.10254375,0.11209062500000003
11100,2.4716090624999993,0.78546875,0.10272812500000003,0.11180312499999995
11200,2.4713540624999992,0.7851812500000002,0.10300000000000002,0.11181875000000001
11300,2.4705199999999996,0.7855125000000002,0.10380312500000004,0.11068437499999997
11400,2.46847,0.784265625,0.10493437499999997,0.1108
11500,2.4670490625,0.7832500000000001,0.1052,0.11154999999999998
11600,2.4675578125000004,0.7831906249999999,0.10461249999999997,0.11219687499999997
11700,2.4684328124999997,0.78379375,0.10405937500000002,0.112146875
11800,2.470529375,0.7848687500000002,0.10297500000000004,0.11215625000000001
11900,2.47207375,0.7857468750000001,0.10180312499999997,0.11245000000000004
12000,2.474446875000001,0.7872687500000002,0.10075937499999998,0.11197187499999997
12100,2.4768690625,0.7893031250000001,0.09923750000000002,0.111459375
12200,2.4789078125000006,0.7905468749999996,0.09814687500000001,0.11130624999999998
12300,2.4792034375000003,0.7903937499999998,0.09795624999999998,0.11165000000000004
12400,2.4793968749999995,0.7900031250000001,0.09740625000000003,0.112590625
12500,2.4812449999999995,0.7912218750000002,0.0966125,0.11216562500000003
12600,2.482329687500001,0.7917125,0.09605937499999997,0.11222812499999998
12700,2.4831746875,0.792359375,0.09604374999999998,0.11159687499999998
12800,2.4833615625000003,0.7928968750000004,0.096375,0.11072812500000002
12900,2.4840878125,0.7932218749999999,0.09566875,0.111109375
13000,2.4842946875000007,0.793471875,0.09544687499999999,0.11108125
13100,2.48460625,0.7938249999999997,0.09577187499999999,0.11040312500000005
13200,2.4849546875,0.7944906250000002,0.09555000000000002,0.109959375
13300,2.4853028125000005,0.7946406249999999,0.09568437499999997,0.109675
13400,2.48470875,0.7948249999999998,0.096365625,0.10880937499999997
13500,2.4844012500000003,0.794409375,0.09615937499999998,0.10943125
13600,2.4840637500000002,0.794103125,0.09653124999999997,0.109365625
13700,2.483289375,0.7935562499999999,0.09760624999999998,0.1088375
13800,2.482612500000001,0.7929437500000001,0.09773437500000001,0.10932187500000001
13900,2.4827021874999997,0.7931593749999999,0.09771875000000001,0.10912187500000001
14000,2.481475937500001,0.7923906249999998,0.09863749999999999,0.10897187499999998
14100,2.4817012499999995,0.7922781250000003,0.09848437500000003,0.10923749999999999
14200,2.4826231249999995,0.7923812499999999,0.09781249999999998,0.10980624999999998
14300,2.4823765624999994,0.7927125000000002,0.09816875000000001,0.10911875
14400,2.481058125000001,0.7915312500000002,0.098753125,0.10971562499999996
14500,2.4800528125000003,0.7911625000000002,0.099690625,0.10914687499999999
14600,2.4801634375,0.7910593750000001,0.09937500000000002,0.10956562499999996
14700,2.4792834374999995,0.7901,0.09953124999999995,0.11036875000000003
14800,2.4773699999999996,0.7888031249999999,0.10098437499999997,0.1102125
14900,2.4762303125000007,0.78703125,0.10088437499999998,0.11208437499999999
15000,2.4778721875000005,0.7877625,0.09934375000000001,0.11289375
15100,2.4791062499999996,0.788315625,0.09840937500000004,0.11327499999999997
15200,2.4812274999999997,0.7893125000000002,0.09768124999999998,0.11300624999999999
15300,2.481264375,0.7898437500000001,0.09750625,0.11265
15400,2.482123749999999,0.790959375,0.09726562499999997,0.11177499999999999
15500,2.4826518749999997,0.7915875,0.0971,0.11131250000000001
15600,2.4828109375,0.7914375000000001,0.09624062500000007,0.11232187500000002
15700,2.48406625,0.79226875,0.09626562500000001,0.111465625
15800,2.4841787500000008,0.792021875,0.09640625000000001,0.11157187500000001
15900,2.4834518749999996,0.7919750000000001,0.097,0.11102500000000001
16000,2.482523125,0.7914781249999997,0.09774687499999998,0.11077500000000003
16100,2.4831943749999996,0.7917906250000001,0.096790625,0.11141875000000001
16200,2.4858649999999995,0.7934874999999998,0.09534374999999999,0.11116875
16300,2.487998750000001,0.795103125,0.094621875,0.110275
16400,2.4898399999999996,0.7961375000000002,0.09349062500000002,0.11037187499999994
16500,2.4915446875000002,0.7966937499999998,0.09222812500000004,0.11107812499999999
16600,2.4939940625,0.7979281249999999,0.09091875,0.11115312499999999
16700,2.4967143749999994,0.7997749999999997,0.08901250000000001,0.11121250000000002
16800,2.4991943750000005,0.8012906249999998,0.08785312499999999,0.11085625000000002
16900,2.5002362499999995,0.8015000000000002,0.08700937500000001,0.11149062499999998
17000,2.5016246874999997,0.8019343749999999,0.08653124999999999,0.11153437499999999
17100,2.5011528125,0.801478125,0.08690312500000001,0.11161875000000003
17200,2.499974375,0.8011187500000003,0.08776250000000002,0.11111875
17300,2.4995646875,0.8016437500000001,0.08833750000000003,0.11001875000000003
17400,2.5010581250000006,0.8023906249999998,0.08751562500000004,0.11009375
17500,2.5006834375,0.802425,0.08768750000000002,0.1098875
17600,2.5006203124999993,0.8020656249999998,0.08746562500000002,0.11046875000000002
17700,2.500554687499999,0.8016593750000002,0.0874375,0.110903125
17800,2.499195312500001,0.8015874999999997,0.088740625,0.10967187500000002
17900,2.4989762499999997,0.8014281250000002,0.088778125,0.10979375000000002
18000,2.4983940625000005,0.80098125,0.08972812499999999,0.109290625
18100,2.4995153125000016,0.8018093749999999,0.089346875,0.10884375
18200,2.49886,0.8013093750000002,0.08947187499999998,0.10921874999999996
18300,2.49840375,0.801203125,0.08947500000000001,0.10932187499999997
18400,2.498705,0.8014156249999999,0.0894,0.109184375
18500,2.4997812500000003,0.8012843749999999,0.08845312500000004,0.11026250000000001
18600,2.4996803125000002,0.8021843750000001,0.088646875,0.10916875000000001
18700,2.4999743750000003,0.8021156249999997,0.088328125,0.10955625000000002
18800,2.5002490625,0.8015843749999998,0.08776562499999996,0.11065000000000001
18900,2.5018053125,0.8029874999999999,0.08720937499999998,0.10980312499999999
19000,2.5031793749999993,0.8038312500000001,0.08665,0.10951874999999998
19100,2.502809375000001,0.804228125,0.0873375,0.10843437499999996
19200,2.5022115625000008,0.8033093750000001,0.08728437499999997,0.10940625000000002
19300,2.502779375,0.804709375,0.08759375,0.10769687500000001
19400,2.5033012500000003,0.8049687499999996,0.08725,0.10778125
19500,2.5037221874999998,0.8050999999999998,0.0870875,0.10781250000000003
19600,2.503141875,0.8046499999999999,0.08728750000000002,0.10806249999999999
19700,2.503779062500001,0.8055718750000002,0.08689062499999997,0.10753750000000001
19800,2.5036746874999998,0.8052249999999999,0.087090625,0.107684375
19900,2.502838125,0.804646875,0.087446875,0.10790624999999998
20000,2.5027021874999993,0.8047125000000004,0.08755937499999997,0.10772812500000001
20100,2.5029784374999995,0.8050968749999998,0.08750312499999996,0.10739999999999998
20200,2.503080625000001,0.8056124999999998,0.08785,0.10653750000000003
20300,2.5028825,0.8053562500000001,0.08785312499999999,0.10679062499999999
20400,2.5027131249999996,0.804696875,0.08755624999999997,0.10774687499999999
20500,2.501222500000001,0.8039875000000002,0.088190625,0.10782187499999997
20600,2.501673125000002,0.8036249999999996,0.08716874999999999,0.10920624999999999
20700,2.5030468749999994,0.8043031249999999,0.08648437500000002,0.1092125
20800,2.503046562500001,0.8040906249999998,0.08613125,0.10977812499999996
20900,2.5032309374999997,0.8039656249999999,0.086378125,0.10965625000000002
21000,2.503094375,0.8040031250000002,0.08634062499999999,0.10965624999999998
21100,2.5038903124999985,0.8051875000000001,0.08638750000000002,0.10842500000000002
21200,2.504670625,0.8057156249999998,0.086128125,0.10815625
21300,2.506963437499998,0.8070906249999998,0.08506249999999997,0.10784687499999998
21400,2.5077340625000013,0.8075750000000002,0.08434062499999999,0.10808437500000002
21500,2.5094237499999994,0.8083718750000002,0.08335000000000001,0.10827812499999998
21600,2.5107215624999997,0.8092156249999998,0.082759375,0.10802499999999998
21700,2.5113009375000006,0.8093531249999996,0.082371875,0.10827500000000001
21800,2.5109131249999996,0.8096937499999998,0.08315,0.10715625
21900,2.51038625,0.8091687500000002,0.08316875,0.10766250000000001
22000,2.5117190624999988,0.8098812499999998,0.082575,0.10754375000000004
22100,2.5132584375,0.8108531250000003,0.08190624999999996,0.10724062500000003
22200,2.5135234375,0.8113281250000002,0.08158750000000003,0.10708437500000001
22300,2.513581875,0.81164375,0.08180937499999999,0.10654687500000003
22400,2.5136665625,0.8120781249999998,0.082428125,0.10549375000000003
22500,2.5122843749999997,0.81184375,0.08314687500000001,0.10500937499999996
22600,2.5123784375,0.8113500000000002,0.083053125,0.10559687499999998
22700,2.5109287499999984,0.8112156249999998,0.08427499999999999,0.10450937500000003
22800,2.5100834375,0.8109499999999997,0.085071875,0.10397812500000002
22900,2.508841875,0.809509375,0.08522500000000001,0.10526562499999997
23000,2.5071468749999997,0.8079531249999997,0.08578437500000002,0.1062625
23100,2.506083125000001,0.80718125,0.08646250000000001,0.10635624999999997
23200,2.5045749999999996,0.8059531249999999,0.086996875,0.10705000000000002
23300,2.5038862499999994,0.8056124999999998,0.08741874999999998,0.10696875000000002
23400,2.504243437500001,0.8058187499999999,0.08741562499999996,0.10676562499999999
23500,2.5047115624999994,0.8061656250000002,0.086565625,0.10726875000000001
23600,2.506979375,0.8071874999999998,0.08510625000000001,0.10770625
23700,2.5079793750000006,0.80735,0.08471249999999998,0.10793750000000002
23800,2.5090846874999992,0.808196875,0.08378437500000004,0.10801874999999998
23900,2.5104387499999996,0.808059375,0.083125,0.108815625
24000,2.5112240625,0.8092750000000003,0.082828125,0.10789687499999998
24100,2.512974375,0.809809375,0.08164999999999999,0.108540625
24200,2.5138409374999995,0.8102031249999999,0.08132500000000001,0.10847187499999997
24300,2.514553125,0.8104500000000001,0.08055312499999998,0.10899687499999997
24400,2.5172012499999994,0.8119156250000004,0.079303125,0.10878125000000001
24500,2.5190028124999997,0.8129500000000002,0.07867499999999998,0.10837499999999997
24600,2.5184687500000003,0.8130468750000001,0.07944062499999997,0.1075125
24700,2.517704375,0.8126562500000003,0.08012812500000001,0.10721562499999998
24800,2.51723375,0.8121406250000002,0.080628125,0.10723125
24900,2.516094375,0.8112437499999998,0.08073124999999999,0.10802499999999997
25000,2.5157953125,0.810565625,0.08075937500000004,0.10867500000000001
25100,2.514680625,0.8102656249999998,0.08164375000000003,0.108090625
25200,2.514892187499999,0.8104906250000002,0.08170625000000001,0.107803125
25300,2.5148146875,0.810325,0.081728125,0.10794687500000001
25400,2.512724375,0.8089437499999997,0.08280312499999999,0.10825312500000002
25500,2.5112828124999997,0.8081500000000003,0.08355625,0.10829374999999997
25600,2.5107925000000004,0.8077749999999999,0.083703125,0.108521875
25700,2.5102490624999994,0.807940625,0.08420624999999998,0.10785312500000001
25800,2.5101950000000004,0.8077187499999999,0.08387187499999998,0.10840937499999999
25900,2.5099571875,0.8075906250000001,0.08388125000000002,0.10852812499999999
26000,2.510540312499999,0.8073687499999997,0.08336874999999999,0.10926250000000003
26100,2.510786874999999,0.8078406250000001,0.08348437499999997,0.10867500000000005
26200,2.5102478125,0.8077937500000002,0.084134375,0.108071875
26300,2.5106459374999996,0.8080937500000003,0.08362187500000004,0.108284375
26400,2.5101068750000004,0.8082718750000002,0.08434687500000002,0.10738124999999998
26500,2.5099518749999987,0.8077999999999996,0.08460312499999999,0.10759687500000002
26600,2.5096615624999985,0.8081343750000003,0.084728125,0.10713749999999997
26700,2.5096687500000017,0.807753125,0.08440937500000004,0.10783749999999999
26800,2.5097506249999997,0.8081875000000004,0.08448750000000001,0.107325
26900,2.5103765625000007,0.808671875,0.08422187499999997,0.10710625000000001
27000,2.511803750000001,0.8097812499999999,0.083628125,0.10659062500000002
27100,2.5131084375,0.8101250000000001,0.08234062499999996,0.10753437499999999
27200,2.5147553125000006,0.8110375000000002,0.081425,0.10753749999999998
27300,2.5156574999999997,0.8116718749999999,0.080409375,0.10791875000000001
27400,2.517536249999999,0.8127531249999999,0.07961250000000002,0.10763437499999998
27500,2.518800625,0.813125,0.079075,0.10779999999999999
27600,2.519135000000001,0.8140749999999999,0.07903437500000002,0.10689062500000002
27700,2.518248437500001,0.8133531249999997,0.07949687500000002,0.10714999999999998
27800,2.515861875,0.8118250000000002,0.08061249999999998,0.10756249999999999
27900,2.5137378125,0.8102968749999998,0.08128437499999999,0.10841874999999997
28000,2.514166875,0.810390625,0.08109999999999996,0.10850937500000003
28100,2.5121068749999993,0.8086312499999998,0.08233750000000002,0.10903125000000002
28200,2.511241249999999,0.8082250000000002,0.08310625,0.10866874999999997
28300,2.5107346875000003,0.8073531250000004,0.08378437500000002,0.1088625
28400,2.5091131250000003,0.806109375,0.08429375,0.10959687500000001
28500,2.5079274999999996,0.8055562500000002,0.08514062499999998,0.10930312500000001
28600,2.507372187500001,0.8049156249999998,0.08537187499999996,0.10971249999999999
28700,2.5064449999999994,0.804615625,0.08549062500000001,0.10989375000000001
28800,2.50558375,0.8039531250000004,0.08602499999999999,0.11002187500000002
28900,2.5055325,0.8041625,0.08639375000000002,0.10944375
29000,2.5053137500000005,0.8043437499999998,0.08642187500000001,0.10923437500000004
29100,2.5064221874999997,0.8046374999999997,0.085528125,0.10983437500000001
29200,2.5072593749999994,0.80483125,0.08489375000000005,0.110275
29300,2.507793437500001,0.8055937499999998,0.08474375,0.10966249999999998
29400,2.50856375,0.8062218749999996,0.08438749999999998,0.109390625
29500,2.50962875,0.8065875000000002,0.08337812500000001,0.11003437499999996
29600,2.509884687500001,0.8064812500000001,0.08288125000000002,0.11063750000000001
29700,2.5091134374999995,0.8061906249999999,0.08319999999999997,0.11060937499999997
29800,2.509618749999999,0.8062687499999998,0.08345937499999997,0.11027187500000003
29900,2.5098768749999993,0.8064875000000001,0.08338437499999998,0.11012812500000002
30000,2.5078843749999993,0.8053249999999998,0.08436874999999999,0.11030625000000004
30100,2.506855000000001,0.8047156249999997,0.08475624999999999,0.110528125
30200,2.5046303125,0.80328125,0.08617500000000002,0.11054375000000005
30300,2.50094375,0.8005781250000001,0.0880375,0.11138437499999998
30400,2.498521875,0.7988562499999999,0.089659375,0.111484375
30500,2.4967125,0.7974093749999999,0.09023125000000003,0.11235937499999997
30600,2.4978459375,0.7973687500000001,0.08945625,0.113175
30700,2.4985878125,0.7981125000000001,0.08931562499999998,0.112571875
30800,2.4987759374999996,0.7979968749999996,0.08904687500000003,0.11295625000000002
30900,2.498254375,0.7982531249999998,0.08963437500000002,0.11211250000000005
31000,2.496864687500001,0.79728125,0.090209375,0.11250937499999997
31100,2.4943690625,0.795553125,0.09153437499999997,0.11291250000000001
31200,2.4929878124999996,0.7947000000000002,0.09270625,0.11259374999999996
31300,2.4922034375,0.7942906250000001,0.09289375000000004,0.11281562499999999
31400,2.4920631250000005,0.7941531250000001,0.09265312499999999,0.11319375000000002
31500,2.4922793750000003,0.7945562500000002,0.09241562500000002,0.11302812499999998
31600,2.49232625,0.7946499999999999,0.09270625000000002,0.11264374999999997
31700,2.4915403124999997,0.7937156250000003,0.09313750000000001,0.11314687500000002
31800,2.4884218750000002,0.7920531250000002,0.094746875,0.11320000000000001
31900,2.4873121874999997,0.7911875,0.095571875,0.11324062500000003
32000,2.486227187500001,0.7907187500000002,0.09599687500000001,0.11328437500000002
32100,2.486108125,0.7902187500000001,0.09565312500000002,0.11412812500000001
32200,2.4867681249999993,0.7905656250000002,0.09629062499999998,0.11314375
32300,2.4859418750000017,0.79006875,0.09629375000000001,0.11363750000000002
32400,2.4857078125,0.7902218749999999,0.09663437500000001,0.11314375
32500,2.485389375,0.7899031250000002,0.09651562500000002,0.11358125000000004
32600,2.4858253124999994,0.7902593749999998,0.09616250000000001,0.11357812499999997
32700,2.4850196875000004,0.7897937499999999,0.09628125,0.11392499999999998
32800,2.485598125000001,0.7900781249999997,0.09618750000000004,0.113734375
32900,2.4849146875000003,0.7893500000000001,0.09646562499999999,0.11418437499999998
33000,2.485363125000001,0.7901500000000001,0.09613124999999997,0.11371874999999998
33100,2.4852815625000004,0.790225,0.09623749999999999,0.11353749999999999
33200,2.4859081250000004,0.7907124999999999,0.09610937499999996,0.11317812499999998
33300,2.485555937499999,0.7901031249999999,0.0959125,0.113984375
33400,2.4870396875,0.7910093749999998,0.09529062499999999,0.11369999999999998
33500,2.4892112499999985,0.7923187499999998,0.09353124999999997,0.11415000000000003
33600,2.49192375,0.7941874999999999,0.09234687500000001,0.11346562499999999
33700,2.4937759375,0.79570625,0.09135312499999995,0.11294062499999999
33800,2.49425125,0.7955843749999998,0.090871875,0.11354375000000003
33900,2.4950468750000003,0.7958375,0.08982812500000002,0.11433437500000002
34000,2.4960099999999996,0.79646875,0.08972499999999999,0.11380625000000003
34100,2.4969950000000005,0.797103125,0.08932187500000004,0.113575
34200,2.498559687500001,0.7987875000000001,0.08868437500000002,0.11252812499999999
34300,2.4997090624999996,0.7997687499999999,0.08847187499999998,0.11175937500000001
34400,2.4991046874999996,0.799490625,0.08910312499999999,0.11140624999999997
34500,2.498126875,0.7991593749999999,0.08960000000000003,0.11124062500000004
34600,2.4975831249999993,0.7981624999999999,0.08924062499999996,0.11259687500000004
34700,2.4988559374999997,0.7990125,0.088315625,0.11267187500000002
34800,2.4994009375000004,0.7992156250000002,0.08858124999999999,0.11220312499999999
34900,2.4987859375,0.7988531249999999,0.08904999999999998,0.11209687500000004
35000,2.4977875000000003,0.7984843750000002,0.09014374999999995,0.11137187499999997
35100,2.4959418749999993,0.7974218750000001,0.09072499999999999,0.111853125
35200,2.4950971875,0.7971906249999999,0.09124374999999998,0.11156562500000003
35300,2.4952781249999996,0.7972906250000003,0.091353125,0.11135625
35400,2.4971712500000005,0.79815,0.08990312499999999,0.11194687500000002
35500,2.49795625,0.7985062499999996,0.08980937500000004,0.11168437499999997
35600,2.4977703125,0.7979812500000001,0.08968437499999998,0.112334375
35700,2.4976968749999995,0.7975218749999997,0.089528125,0.11294999999999997
35800,2.49731375,0.7973718749999997,0.08980625,0.11282187500000002
35900,2.4975871874999998,0.797509375,0.09010937499999999,0.11238124999999996
36000,2.4979528124999995,0.7977156249999999,0.08981874999999999,0.11246562499999996
36100,2.4979284375,0.7974718749999997,0.08981875,0.112709375
36200,2.4988762499999995,0.797609375,0.08878125,0.113609375
36300,2.5003584375000005,0.7982875000000003,0.08780312499999997,0.11390937499999998
36400,2.5007453125000003,0.7983781250000002,0.087509375,0.11411249999999999
36500,2.5003556249999996,0.7991062499999999,0.08820312499999998,0.112690625
36600,2.498751250000001,0.7977875,0.08909687500000002,0.11311562499999997
36700,2.4981246875000003,0.7973343749999997,0.08932812499999998,0.1133375
36800,2.4964659375000005,0.7962531249999999,0.090603125,0.11314374999999999
36900,2.4950331250000004,0.7956343750000001,0.09147812500000001,0.11288749999999997
37000,2.4958015624999996,0.7955281249999999,0.090396875,0.114075
37100,2.4952618749999997,0.7961562500000002,0.0911625,0.11268125000000002
37200,2.4961684374999997,0.7962187500000001,0.09018124999999999,0.11359999999999996
37300,2.4961959375000005,0.7965218750000002,0.09036874999999998,0.11310937500000001
37400,2.4987146875,0.7980437499999999,0.088771875,0.11318437499999999
37500,2.5017546875,0.7999374999999999,0.08709374999999997,0.11296874999999995
37600,2.505063125,0.8019812499999998,0.08528124999999996,0.11273750000000003
37700,2.5067896875000004,0.803221875,0.08412187499999998,0.11265625
37800,2.5088921875000008,0.8045031249999998,0.08245625000000002,0.11304062500000005
37900,2.5113315625000006,0.8056687500000002,0.08163749999999999,0.11269374999999998
38000,2.5119175,0.8062468750000001,0.08177187499999998,0.11198125000000002
38100,2.5118484375000008,0.8063031249999999,0.08169062500000002,0.11200624999999997
38200,2.5112537500000003,0.8061062499999999,0.081790625,0.11210312500000007
38300,2.511423437500001,0.8059937499999998,0.08188750000000002,0.11211874999999999
38400,2.510188124999999,0.8050187499999998,0.082484375,0.11249687500000002
38500,2.5093771875000006,0.804365625,0.08300312500000001,0.11263125000000002
38600,2.5076837500000004,0.8034562500000002,0.08399375000000002,0.11255000000000001
38700,2.5074212499999997,0.8034718749999998,0.08444374999999998,0.11208437500000001
38800,2.5053396875,0.8023312499999999,0.08580937500000002,0.11185937499999994
38900,2.504421875,0.8018531250000002,0.086475,0.111671875
39000,2.502419999999999,0.80069375,0.08764374999999998,0.11166250000000001
39100,2.5016665625000005,0.7999937500000001,0.08784687500000002,0.11215937499999998
39200,2.5021515625000004,0.8001249999999998,0.087321875,0.11255312499999998
39300,2.504136875,0.801325,0.08656249999999999,0.11211249999999999
39400,2.5046084375,0.8010625000000002,0.08614687500000003,0.11279062500000002
39500,2.503462187499999,0.8003906249999998,0.08665000000000003,0.11295937500000001
39600,2.5033037499999997,0.800678125,0.086671875,0.11265000000000003
39700,2.5037337500000003,0.800765625,0.086021875,0.11321249999999997
39800,2.504404375,0.8014187499999998,0.086071875,0.11250937499999997
39900,2.5044643750000004,0.8014468749999998,0.08601562499999998,0.11253750000000005
40000,2.5054378125000003,0.8020687499999999,0.08508750000000001,0.11284374999999999
40100,2.5065587500000004,0.8028843750000001,0.08456562499999995,0.11255000000000004
40200,2.507751249999999,0.8034718750000003,0.08404375000000001,0.11248437500000003
40300,2.508401875,0.8043874999999999,0.08398125000000002,0.11163124999999996
40400,2.508951562499999,0.8045999999999998,0.08369687499999998,0.11170312500000001
40500,2.509017812499999,0.8041062499999999,0.08323437500000001,0.11265937499999999
40600,2.509245000000001,0.804365625,0.08314687499999998,0.11248750000000002
40700,2.5098462499999994,0.8056093750000001,0.08296875000000001,0.11142187500000003
40800,2.511421562499999,0.8064093750000001,0.082240625,0.11134999999999995
40900,2.5115190625000006,0.8066625000000002,0.082696875,0.11064062499999998
41000,2.511290937500001,0.8068937500000001,0.08295625,0.11015000000000003
41100,2.5112603125000015,0.8064875,0.08212812499999995,0.11138437500000004
41200,2.5106281249999998,0.8063750000000002,0.08286250000000002,0.11076249999999999
41300,2.5093453124999994,0.8060125000000004,0.083375,0.11061250000000006
41400,2.5089865625000005,0.8059062499999997,0.08380312500000002,0.11029062500000002
41500,2.5101778125000003,0.8061781250000002,0.082990625,0.11083124999999998
41600,2.510541875,0.8061968749999999,0.08256249999999997,0.11124062500000004
41700,2.5108909374999997,0.80585,0.08239687500000001,0.111753125
41800,2.5108796874999992,0.8064406250000001,0.08285937499999999,0.11070000000000002
41900,2.5111450000000004,0.8063781250000001,0.08225937500000005,0.1113625
42000,2.510653125,0.8062874999999998,0.083003125,0.11070937500000003
42100,2.5103306250000004,0.8061562499999999,0.08328437500000001,0.11055937499999999
42200,2.5083743749999994,0.8048625,0.08494999999999998,0.11018750000000005
42300,2.506524062500001,0.8038124999999996,0.08587187500000001,0.11031562500000006
42400,2.5046259375,0.8024093749999999,0.0870375,0.11055312499999996
42500,2.5008471875000007,0.800084375,0.08927499999999997,0.110640625
42600,2.4975443749999995,0.797959375,0.091071875,0.11096874999999996
42700,2.4949346875,0.7965718749999998,0.09250312499999999,0.11092500000000002
42800,2.493117812499999,0.7952218750000002,0.09310312500000001,0.11167499999999997
42900,2.4920821875000008,0.7940468749999997,0.09349062500000001,0.11246249999999999
43000,2.4935450000000006,0.7948718749999998,0.0925875,0.11254062500000003
43100,2.4937649999999993,0.7953343750000001,0.09263125000000001,0.112034375
43200,2.4936262499999993,0.7951750000000002,0.09239687500000002,0.112428125
43300,2.4957849999999997,0.7960000000000002,0.09123124999999996,0.11276875000000001
43400,2.4976065625,0.7978656249999997,0.09034999999999996,0.11178437499999999
43500,2.4978681250000005,0.7976406250000003,0.090571875,0.11178749999999997
43600,2.4974015625,0.797575,0.09061875000000005,0.11180625
43700,2.4971887499999994,0.7975968749999999,0.09069062500000001,0.1117125
43800,2.4958678125000002,0.7960562500000001,0.09064062499999996,0.11330312500000006
43900,2.4946856250000002,0.7956124999999998,0.09163125,0.11275625000000003
44000,2.4944553125000004,0.795375,0.09167500000000002,0.11295000000000004
44100,2.4949978125,0.7956750000000001,0.09128124999999998,0.11304374999999998
44200,2.4964434375,0.7966031249999996,0.09003125,0.11336562500000003
44300,2.4985062500000006,0.797909375,0.08944687500000001,0.11264375000000004
44400,2.4993284374999996,0.79840625,0.08918124999999999,0.1124125
44500,2.5010296875,0.7995187499999998,0.08862187499999997,0.11185937500000002
44600,2.500109375,0.7997812499999999,0.08914687499999999,0.11107187500000003
44700,2.4996009375000003,0.79980625,0.08927812500000006,0.11091562500000002
44800,2.500086562500001,0.8004749999999999,0.08948125,0.11004375000000001
44900,2.5004484374999993,0.79965625,0.08845000000000006,0.11189374999999999
45000,2.5014993749999994,0.7997250000000001,0.08743437500000001,0.112840625
45100,2.5006862499999998,0.799340625,0.08786875,0.112790625
45200,2.5006190625,0.798921875,0.08832812500000001,0.11274999999999998
45300,2.502189374999999,0.8,0.08776874999999999,0.11223124999999998
45400,2.5017040625,0.80033125,0.08843750000000002,0.11123125000000003
45500,2.501438125000001,0.8005437500000001,0.088521875,0.110934375
45600,2.50011625,0.7998656249999999,0.08940312500000001,0.11073124999999999
45700,2.5011084374999997,0.7996281250000001,0.087765625,0.11260625
45800,2.5018996875,0.7998031250000001,0.087475,0.11272187499999997
45900,2.5009634375,0.798828125,0.08774999999999998,0.11342187499999999
46000,2.500759999999999,0.7985312499999999,0.08781874999999999,0.11365000000000001
46100,2.4997996875000013,0.7983281249999999,0.088265625,0.11340624999999997
46200,2.498814687500001,0.7977375000000001,0.08897812499999996,0.113284375
46300,2.497282812500001,0.7962562500000002,0.089546875,0.11419687500000002
46400,2.4969956249999994,0.7962499999999998,0.08979687499999998,0.113953125
46500,2.497630000000001,0.7966218750000001,0.08890937499999998,0.11446875000000005
46600,2.4982971874999995,0.7976156250000004,0.08920625000000003,0.11317812499999995
46700,2.4989650000000005,0.7981531249999999,0.08935937500000002,0.11248750000000002
46800,2.4991990624999993,0.7981374999999998,0.08882812499999998,0.11303437499999996
46900,2.499794687499999,0.79885625,0.08829687500000005,0.11284687499999996
47000,2.5000859375,0.7990031249999998,0.088209375,0.11278750000000001
47100,2.5015059374999997,0.7995,0.08687187499999997,0.11362812500000002
47200,2.5039262500000006,0.8011906250000002,0.08542812500000001,0.11338124999999996
47300,2.5064840625000007,0.8026593749999998,0.084371875,0.11296874999999997
47400,2.5079037500000005,0.8046312499999999,0.08438124999999996,0.11098749999999999
47500,2.507076875,0.8043843750000003,0.08542187499999998,0.11019375000000001
47600,2.5056481249999987,0.8033000000000002,0.08574062500000004,0.11095937500000001
47700,2.5046465625000005,0.8027281249999997,0.08669374999999997,0.11057812500000003
47800,2.503856875,0.8023031250000001,0.086809375,0.11088749999999997
47900,2.501706875000001,0.8010093750000001,0.08763125,0.111359375
48000,2.5011831249999994,0.8005999999999999,0.08840625000000002,0.11099374999999999
48100,2.5013756250000005,0.8010937499999997,0.08843125,0.11047500000000002
48200,2.5017409375,0.8011218750000002,0.08825625,0.110621875
48300,2.5006234375000003,0.8004687500000002,0.08919687499999997,0.11033437500000001
48400,2.5000668750000004,0.8001250000000003,0.08944062500000004,0.110434375
48500,2.4987940625,0.7989156249999998,0.08975312499999999,0.11133125000000003
48600,2.4985175,0.7986468749999999,0.08957187499999998,0.11178125000000004
48700,2.4990053124999996,0.7987531250000002,0.0892875,0.111959375
48800,2.4986793750000014,0.7991249999999998,0.090103125,0.11077187500000002
48900,2.497585,0.7985031250000005,0.090296875,0.11120000000000003
49000,2.4973890625,0.79880625,0.09052187499999999,0.11067187499999999
49100,2.497186875,0.7988906249999997,0.09075000000000004,0.11035937500000001
49200,2.496349375,0.7983312500000002,0.09101562500000002,0.11065312499999998
49300,2.4960921875000004,0.7980531249999999,0.09103125000000001,0.11091562500000002
49400,2.4965328125000013,0.798565625,0.09106562500000004,0.11036874999999997
49500,2.4976259374999996,0.7988125000000003,0.09064375,0.11054374999999997
49600,2.497683749999999,0.7993843749999998,0.090621875,0.10999375000000002
49700,2.4981509375,0.79968125,0.09057187500000004,0.10974687499999997
49800,2.499240312500001,0.8000687500000001,0.0898125,0.11011875000000003
49900,2.4974953124999995,0.7987843749999998,0.091053125,0.11016250000000001
50000,2.496639375,0.7984625000000002,0.091465625,0.11007187500000003
50100,2.4948746875,0.7970468749999994,0.09212500000000003,0.11082812499999996
50200,2.493518125,0.7961687500000001,0.09243750000000005,0.11139374999999997
50300,2.4928800000000004,0.795575,0.09270312500000001,0.111721875
50400,2.493811562500002,0.7959499999999999,0.09189687499999999,0.11215312499999999
50500,2.4959584375000006,0.7967999999999998,0.09044062499999998,0.11275937500000001
50600,2.4980906250000006,0.7981031249999998,0.08908124999999997,0.11281562500000002
50700,2.5002871875,0.7998156249999997,0.08832499999999999,0.11185937500000005
50800,2.5020684374999993,0.8006875000000002,0.087603125,0.11170937500000003
50900,2.5033934375,0.8011624999999999,0.08680937499999995,0.11202812499999995
51000,2.503004062500001,0.8015531250000003,0.08775312500000002,0.11069374999999998
51100,2.5027106249999997,0.801728125,0.08788125,0.11039062499999996
51200,2.503078125,0.8025437499999999,0.08792812500000004,0.10952812499999998
51300,2.503578125,0.8028812499999999,0.087509375,0.10960937500000002
51400,2.5041993750000016,0.8033124999999998,0.08674375000000004,0.10994374999999999
51500,2.503483125,0.8029093749999999,0.08725625,0.109834375
51600,2.5036493749999997,0.8031499999999998,0.08704375000000004,0.10980625000000001
51700,2.5036265624999996,0.8025218750000002,0.08668125000000002,0.11079687500000003
51800,2.5033725000000002,0.8022968750000001,0.08671874999999997,0.11098437500000002
51900,2.5038421875000005,0.8018343750000001,0.0862875,0.11187812499999997
52000,2.5047371875,0.8026281249999999,0.086378125,0.11099375000000002
52100,2.5042218750000007,0.8031812499999997,0.08705312500000004,0.109765625
52200,2.502950625,0.8027375000000001,0.0877125,0.10955000000000001
52300,2.5022996875000003,0.8019593749999997,0.08790625000000002,0.11013437499999999
52400,2.4997428125000005,0.8003468749999998,0.08983125,0.109821875
52500,2.4976315624999996,0.7990531249999999,0.09060624999999997,0.110340625
52600,2.497175312500001,0.799009375,0.09065,0.11034062499999997
52700,2.4979953124999996,0.7987312500000002,0.09030312499999998,0.11096562499999998
52800,2.49751125,0.7980906249999998,0.090553125,0.11135625000000003
52900,2.4973303125000004,0.7977250000000001,0.09045312500000001,0.11182187500000002
53000,2.49738125,0.7968812500000001,0.09004062499999997,0.11307812499999997
53100,2.497275625,0.7967125000000002,0.089971875,0.113315625
53200,2.4985112499999995,0.79749375,0.08880312499999998,0.11370312499999995
53300,2.5001690625000004,0.7991250000000002,0.08837500000000001,0.1125
