step,mean_aspect_ratio,fraction_elongated,fraction_round,fraction_binary
100,1.0,0.0,1.0,0.0
200,1.2227687499999995,0.018928125,0.49610312500000003,0.48496875000000006
300,1.2667678125,0.04372499999999999,0.4986437500000001,0.45763124999999993
400,1.2985146874999995,0.06561249999999999,0.5149625,0.4194250000000001
500,1.3271187500000003,0.08580937500000001,0.537184375,0.37700624999999993
600,1.3520468750000003,0.10477187499999999,0.5594406249999998,0.3357875
700,1.3757546875,0.12212812499999999,0.57509375,0.302778125
800,1.397695,0.13863125000000004,0.586621875,0.274746875
900,1.4174187500000002,0.15329375000000003,0.5961687499999999,0.25053749999999997
1000,1.4368800000000004,0.166790625,0.5997875,0.23342187499999995
1100,1.4544518750000002,0.17866250000000003,0.6012531249999999,0.22008437500000003
1200,1.4724971874999992,0.189496875,0.597846875,0.21265624999999994
1300,1.49000375,0.19927187500000004,0.5938687499999998,0.20685937499999993
1400,1.5048618749999996,0.20880000000000004,0.5914906249999998,0.19970937500000005
1500,1.5179275,0.21739999999999998,0.5889781249999999,0.19362187500000005
1600,1.5297459374999995,0.22479687499999998,0.5859187499999999,0.18928437499999995
1700,1.5423503125000002,0.23199687500000005,0.5828125,0.18519062500000005
1800,1.5546518749999996,0.23882500000000004,0.5776750000000002,0.1834999999999999
1900,1.5656040625,0.24485,0.5726437499999999,0.18250625
2000,1.5773900000000005,0.250846875,0.567753125,0.18139999999999998
2100,1.5888190625,0.25687812499999996,0.5638624999999999,0.179259375
2200,1.59815875,0.26246250000000004,0.5598625000000003,0.177675
2300,1.6069196875,0.2668312500000001,0.5554218750000003,0.17774687499999994
2400,1.6162275000000006,0.27170937500000003,0.5504906249999999,0.1778
2500,1.6232865625,0.27560937499999993,0.547203125,0.17718750000000005
2600,1.6288115624999997,0.2789593750000001,0.5452906250000001,0.17575000000000002
2700,1.6345353124999993,0.282484375,0.5435312499999997,0.17398437500000002
2800,1.6389996875,0.2850968750000001,0.5420906250000002,0.1728125000000001
2900,1.6437034375000004,0.2881249999999999,0.5400562499999999,0.17181874999999994
3000,1.6484596875000002,0.29015625000000006,0.5377000000000001,0.17214375000000004
3100,1.6540934375000003,0.29309687500000003,0.5351781249999997,0.171725
3200,1.6595021874999998,0.29738125,0.53338125,0.16923749999999999
3300,1.6654815625000001,0.29989062500000013,0.5292562500000003,0.17085312500000002
3400,1.6709206250000002,0.3026218750000001,0.5259562499999999,0.17142187500000003
3500,1.6759856249999998,0.30514062499999994,0.5236843750000001,0.171175
3600,1.6805815625,0.30795312500000005,0.521559375,0.1704875
3700,1.6835984375,0.30943125000000016,0.52011875,0.17044999999999996
3800,1.6860978125000003,0.3103875,0.518884375,0.17072812499999995
3900,1.6880668750000005,0.31187499999999996,0.5171468749999999,0.17097812499999995
4000,1.6909109375000004,0.31265,0.5157843750000002,0.17156562499999997
4100,1.694908437499999,0.31577500000000003,0.5146718750000001,0.16955312500000005
4200,1.6995603125000003,0.3183875,0.5128874999999999,0.16872499999999999
4300,1.7056768749999995,0.32153437499999993,0.5095593749999999,0.16890625000000006
4400,1.7111868750000003,0.32458125,0.506821875,0.16859687499999998
4500,1.7161812499999998,0.3264718749999999,0.503565625,0.16996250000000002
4600,1.7209890625,0.3286499999999999,0.5000343749999999,0.17131562500000005
4700,1.725449375,0.33128124999999997,0.498015625,0.17070312499999996
4800,1.7324075,0.3346593750000001,0.4928218750000002,0.17251874999999997
4900,1.7388481249999996,0.33773125000000004,0.49054374999999983,0.17172499999999996
5000,1.745163125,0.34040000000000004,0.48629375,0.17330625000000002
5100,1.7515721875,0.3437312499999999,0.48261250000000017,0.17365625
5200,1.756806875,0.3472093749999998,0.48020312500000006,0.17258749999999998
5300,1.7621446875000004,0.349528125,0.47700312500000003,0.17346874999999998
5400,1.7651490625,0.3511437500000001,0.47581250000000014,0.17304374999999994
5500,1.7698231249999998,0.35380000000000006,0.473115625,0.17308437499999996
5600,1.7717425,0.35459999999999997,0.472696875,0.17270312499999999
5700,1.7722653125000005,0.3556343750000001,0.4734281250000001,0.1709375
5800,1.7740690625,0.3569468750000001,0.473190625,0.1698625
5900,1.7760840625000005,0.35786875000000007,0.4717500000000001,0.17038124999999998
6000,1.7765834374999998,0.35827500000000007,0.47234062500000007,0.169384375
6100,1.7787115625000003,0.36021562500000004,0.47198124999999996,0.167803125
6200,1.7811406250000001,0.36199062499999995,0.47104687500000003,0.16696249999999999
6300,1.7832721875,0.36339687499999995,0.46953750000000005,0.16706562499999994
6400,1.7856059375,0.3647,0.46804687499999975,0.167253125
6500,1.7876937499999996,0.36505625,0.4681562500000001,0.1667875
6600,1.7894656249999992,0.366234375,0.4669593750000001,0.16680624999999996
6700,1.7915575000000004,0.36778124999999984,0.46592812499999997,0.166290625
6800,1.7921040625000002,0.36812187499999993,0.4647812500000001,0.167096875
6900,1.793776875,0.3674187499999998,0.46315625,0.16942499999999996
7000,1.7949178124999996,0.368271875,0.4627718749999999,0.16895625000000003
7100,1.7979759375000002,0.37014687499999993,0.46070937500000014,0.16914375000000004
7200,1.8011087499999991,0.37094375000000007,0.45834375,0.1707125
7300,1.8048937500000002,0.373128125,0.45582187499999993,0.17104999999999998
7400,1.8089518749999995,0.3754218749999998,0.45421250000000013,0.170365625
7500,1.8122668749999997,0.3765531249999999,0.4528625000000001,0.17058437499999998
7600,1.8144034374999995,0.3779375,0.45236874999999993,0.16969374999999998
7700,1.816610625,0.379075,0.4504093750000001,0.17051562500000003
7800,1.8205190625,0.3806812500000001,0.447375,0.17194375000000006
7900,1.8236571874999998,0.382346875,0.44532187499999987,0.17233125000000013
8000,1.8263425,0.383678125,0.44372187499999993,0.17259999999999995
8100,1.829783749999999,0.3856312500000001,0.4431750000000002,0.17119375
8200,1.8319559374999994,0.3869,0.44253437499999987,0.170565625
8300,1.8326284375000002,0.38793750000000005,0.44335937499999983,0.16870312499999993
8400,1.8321031249999997,0.38796875000000003,0.4441437500000001,0.1678875
8500,1.8307221875000004,0.387584375,0.44613437499999997,0.16628124999999994
8600,1.8310906250000005,0.38774062500000006,0.4469093749999998,0.16534999999999989
8700,1.83015,0.38746250000000004,0.4477812500000001,0.16475624999999997
8800,1.8300524999999996,0.38748750000000004,0.44786250000000005,0.16464999999999994
8900,1.8285659375000003,0.3869781249999999,0.4484750000000001,0.164546875
9000,1.8282234375000008,0.38675312500000003,0.44924375,0.16400312499999994
9100,1.8262206250000004,0.38568125000000003,0.45047812500000006,0.16384062499999993
9200,1.8247509375000004,0.3859843750000001,0.4513750000000001,0.162640625
9300,1.8231259375,0.3848874999999999,0.45267500000000016,0.16243750000000004
9400,1.821509375,0.38429374999999993,0.45369999999999994,0.16200625
9500,1.8186340625,0.3829375,0.45569062499999996,0.16137187500000005
9600,1.8187709374999999,0.3829187499999999,0.4551562499999999,0.16192499999999996
9700,1.819683125,0.3829781249999998,0.45385625000000007,0.16316562499999998
9800,1.8215203125000001,0.38391875,0.45282812500000014,0.16325312500000003
9900,1.8213649999999997,0.38348749999999987,0.4527125000000001,0.16379999999999997
10000,1.8229575,0.38404687500000007,0.4514312500000001,0.164521875
10100,1.8256134375000006,0.384428125,0.45014062499999996,0.16543125
10200,1.8274296875000005,0.38572187500000005,0.44875,0.16552812499999997
10300,1.8320137499999996,0.38856562499999986,0.4457374999999999,0.1656968749999999
10400,1.8361128124999997,0.39026874999999994,0.44257187500000006,0.167159375
10500,1.8387871874999995,0.39130624999999997,0.4416750000000001,0.16701875
10600,1.8412150000000005,0.3921374999999999,0.44035937500000005,0.16750312500000006
10700,1.8410559374999997,0.3922125000000001,0.4399375000000001,0.16784999999999997
10800,1.8418475000000005,0.39225937499999997,0.4394562499999999,0.16828437499999996
10900,1.8426415624999997,0.39303437500000016,0.4394625000000001,0.16750312499999997
11000,1.8433068749999997,0.39316874999999996,0.43865625000000014,0.16817500000000002
11100,1.8441990624999995,0.39289687500000003,0.43839687500000013,0.16870624999999995
11200,1.8463759375,0.3937718749999999,0.4360500000000001,0.170178125
11300,1.8495137500000005,0.39498124999999995,0.43374375,0.17127499999999998
11400,1.8507499999999997,0.396553125,0.43300312499999993,0.17044375000000006
11500,1.852668125,0.3974812500000002,0.43201875000000006,0.1705
11600,1.8536059374999998,0.3979906250000001,0.43046875000000007,0.17154062499999997
11700,1.8564406249999998,0.398821875,0.4294468750000001,0.17173124999999997
11800,1.8593134374999998,0.400521875,0.42763750000000006,0.17184062499999997
11900,1.8605365624999999,0.4009281249999999,0.42665000000000014,0.17242187499999992
12000,1.8625556249999997,0.4027062499999999,0.425871875,0.17142187499999997
12100,1.8633581250000002,0.40313750000000004,0.42614375,0.17071874999999997
12200,1.8659859374999994,0.40470625000000005,0.42500625,0.1702875
12300,1.8666356250000005,0.4052124999999999,0.42526562499999987,0.169521875
12400,1.8678996875000005,0.40606250000000005,0.42467500000000014,0.16926249999999993
12500,1.8702015625,0.4066093749999999,0.422634375,0.17075625
12600,1.8735418749999995,0.40821874999999996,0.4208343749999999,0.170946875
12700,1.8755990625000003,0.4094250000000001,0.42023437500000005,0.170340625
12800,1.876286875000001,0.4104312499999999,0.42069375,0.16887500000000003
12900,1.8770796874999998,0.4110906250000002,0.4201687499999999,0.168740625
13000,1.8774849999999998,0.4117718749999999,0.42018437500000005,0.16804375000000008
13100,1.8771221875,0.41120937499999993,0.42091875,0.167871875
13200,1.8763453125,0.41098749999999995,0.4209375000000001,0.168075
13300,1.8747274999999997,0.4096625000000001,0.42255937499999996,0.167778125
13400,1.8732762499999995,0.4080687500000001,0.422925,0.16900624999999997
13500,1.8716387499999998,0.40713750000000004,0.4240031250000001,0.1688593750000001
13600,1.8686893750000004,0.4061281250000001,0.42699062500000007,0.16688125
13700,1.865815,0.40604062500000004,0.42884999999999995,0.165109375
13800,1.8635275000000004,0.40477500000000016,0.4302624999999999,0.16496249999999998
13900,1.8622559375000003,0.40451875000000015,0.43006874999999994,0.16541249999999996
14000,1.8618325000000002,0.40494062499999994,0.4306875,0.16437187500000006
14100,1.8621493749999996,0.4041843750000002,0.4298,0.16601562499999997
14200,1.8632468750000002,0.4044531250000001,0.428375,0.16717187500000003
14300,1.8652781249999997,0.40454374999999987,0.42670937500000006,0.16874687500000002
14400,1.8666828125000001,0.4052343750000001,0.425721875,0.16904374999999994
14500,1.8689081249999997,0.40614062500000003,0.4247156249999999,0.16914375000000004
14600,1.8708778124999998,0.4077968749999999,0.4241625,0.16804062500000003
14700,1.8732921875000001,0.40876562499999997,0.42259687500000004,0.16863750000000002
14800,1.87576,0.40996874999999994,0.4215124999999999,0.16851874999999997
14900,1.8783246875000006,0.4114749999999999,0.419746875,0.16877812499999995
15000,1.8800321875000003,0.4122687500000001,0.4183187500000001,0.16941250000000005
15100,1.8807943749999998,0.41209375,0.417609375,0.17029687500000001
15200,1.8809250000000002,0.41191874999999994,0.41725312499999995,0.170828125
15300,1.8796487500000003,0.41083125,0.41717812499999996,0.17199062499999995
15400,1.8797400000000002,0.41056249999999994,0.4174531250000001,0.17198437499999994
15500,1.8805881250000005,0.410990625,0.416821875,0.17218749999999988
15600,1.8797246874999995,0.41111562500000004,0.4183375000000001,0.17054687500000001
15700,1.8789609374999998,0.4111125,0.4191406249999999,0.16974687500000002
15800,1.8791681249999996,0.41159999999999997,0.42029374999999985,0.16810625000000004
15900,1.8785259374999992,0.411021875,0.4204593749999999,0.16851875
16000,1.8775018749999997,0.410603125,0.42077812499999995,0.16861875
16100,1.87787875,0.410159375,0.42019062499999993,0.16964999999999994
16200,1.877985625,0.410446875,0.42058437499999995,0.16896875000000003
16300,1.877738125,0.41055000000000014,0.42009062500000016,0.169359375
16400,1.8773131250000001,0.4104624999999999,0.42074374999999997,0.16879375
16500,1.8782903125000003,0.41076562499999997,0.4209874999999999,0.16824687499999996
16600,1.8758381250000005,0.40986875,0.423346875,0.16678437500000007
16700,1.8729018750000002,0.4086625000000002,0.4248187499999998,0.16651875
16800,1.8711937499999995,0.4073062499999999,0.425359375,0.16733437499999995
16900,1.869444375,0.40599062500000016,0.4261999999999999,0.167809375
17000,1.8675387499999996,0.40539374999999994,0.428225,0.16638125
17100,1.8649881250000004,0.4045000000000001,0.43003125,0.16546875
17200,1.8644915625000003,0.404353125,0.43014374999999994,0.16550312499999995
17300,1.8632774999999997,0.4029062500000001,0.42935,0.16774375
17400,1.8626024999999995,0.402425,0.4291625,0.16841250000000002
17500,1.8624618749999997,0.4030625,0.4301000000000001,0.16683750000000008
17600,1.8600084375000001,0.4021031250000001,0.43030937499999994,0.16758749999999994
17700,1.8610640625,0.40221250000000014,0.42972187500000014,0.16806562500000002
17800,1.8618634375000003,0.4022593749999999,0.42895625000000004,0.16878437500000001
17900,1.8605896875,0.401940625,0.4302093749999999,0.16785000000000003
18000,1.8608856249999999,0.40312812500000006,0.43063124999999997,0.16624062500000011
18100,1.8628934375000006,0.4038531249999999,0.42928125000000017,0.16686562500000002
18200,1.8635615625000006,0.40436250000000007,0.42857812500000014,0.16705937499999995
18300,1.8656300000000003,0.40606562500000004,0.4276531250000001,0.16628124999999996
18400,1.8656028125000002,0.4058656250000001,0.428221875,0.1659125
18500,1.8666371874999999,0.4060718749999999,0.42667187500000003,0.16725624999999997
18600,1.869889375,0.4073531249999999,0.4237531250000001,0.16889375
18700,1.8738931249999995,0.40815000000000007,0.42043125000000003,0.17141875
18800,1.8752218750000003,0.408871875,0.420265625,0.1708625
18900,1.8777271874999997,0.41093125,0.41985937499999987,0.16920937500000002
19000,1.8774203125000004,0.41149375,0.42090625,0.16760000000000005
19100,1.8789368750000002,0.41259375000000026,0.4202312499999999,0.16717500000000007
19200,1.8780746875,0.41220624999999994,0.42057500000000003,0.16721875
19300,1.8780984374999998,0.41218125,0.4207937499999999,0.16702500000000006
19400,1.8805518750000003,0.41287499999999994,0.41892812499999993,0.168196875
19500,1.8805818750000003,0.41225000000000006,0.41874062500000014,0.169009375
19600,1.8805228124999995,0.411965625,0.41825625000000005,0.16977812499999995
19700,1.8818046875,0.41281249999999997,0.4182187499999998,0.16896875000000006
19800,1.8810731250000003,0.4126468749999999,0.41970937500000005,0.16764375
19900,1.8802503124999996,0.412859375,0.4208625,0.166278125
20000,1.879394375,0.41270312500000006,0.42179374999999997,0.16550312500000003
20100,1.8767171875000002,0.4113187499999999,0.42353749999999996,0.16514375
20200,1.8749271875000002,0.41055312500000013,0.4243218749999998,0.16512499999999997
20300,1.8751299999999997,0.41055625,0.4245875,0.16485625000000007
20400,1.8757575,0.4108781249999999,0.42376250000000004,0.16535937499999995
20500,1.8736206249999992,0.4096312500000001,0.42456562500000006,0.16580312499999997
20600,1.8720137499999996,0.4083,0.42556562500000006,0.166134375
20700,1.8712381249999996,0.4082499999999999,0.42668125000000007,0.16506875000000007
20800,1.8698312500000003,0.40670937500000004,0.4259875,0.167303125
20900,1.8686446875000005,0.40585625000000003,0.42598437499999997,0.16815937500000006
21000,1.8694234375,0.4060406249999999,0.42441249999999986,0.16954687500000004
21100,1.8719784374999997,0.40758750000000005,0.4233187500000001,0.16909375000000004
21200,1.8757246875000002,0.40935312500000004,0.42113125,0.16951562500000003
21300,1.8779012499999996,0.4106906250000001,0.41958437499999984,0.169725
21400,1.8808687499999996,0.4124843749999999,0.41822500000000007,0.169290625
21500,1.8834934374999994,0.413896875,0.4166468750000001,0.16945625
21600,1.8840421875000004,0.4141718749999999,0.41567500000000007,0.17015312500000004
21700,1.8845293749999998,0.4139624999999999,0.41490312499999993,0.171134375
21800,1.88505875,0.4137968750000001,0.4141531250000001,0.17204999999999998
21900,1.8855315624999998,0.41388125,0.41406875,0.17205
22000,1.8854534374999996,0.4147625000000001,0.4152593750000001,0.169978125
22100,1.8840956250000003,0.4143218750000001,0.41665,0.169028125
22200,1.88346,0.41358437500000006,0.4163593749999999,0.17005625
22300,1.8819821875,0.4126687500000001,0.417309375,0.17002187499999996
22400,1.8795965625,0.41169374999999986,0.41954375000000005,0.16876249999999993
22500,1.8779159374999994,0.41033437500000003,0.421296875,0.16836874999999996
22600,1.8762093750000004,0.40989687499999994,0.4225375,0.16756562500000002
22700,1.8747634374999995,0.40919687499999996,0.42314687500000003,0.16765625
22800,1.875066875,0.4086843749999999,0.42211562499999994,0.1692
22900,1.8767346874999993,0.4090937500000001,0.42077812499999995,0.17012812500000002
23000,1.8781081250000005,0.40991875,0.41955624999999996,0.17052500000000004
23100,1.8774981250000002,0.4095250000000001,0.41994999999999993,0.170525
23200,1.8763143749999998,0.4085968750000001,0.42068437500000017,0.17071874999999997
23300,1.8764993749999996,0.40842812500000003,0.420509375,0.1710624999999999
23400,1.8777412500000004,0.408271875,0.4194968750000002,0.17223125000000003
23500,1.8777768749999997,0.408815625,0.420546875,0.17063749999999997
23600,1.8746859374999996,0.4079812500000001,0.4224656249999998,0.16955312500000003
23700,1.8746531249999996,0.4080249999999999,0.42273750000000004,0.16923749999999999
23800,1.8727059375000001,0.40756562500000015,0.4235937500000001,0.168840625
23900,1.8717556250000003,0.4070937500000001,0.4251656249999999,0.167740625
24000,1.8713531249999997,0.4072781249999999,0.42565000000000014,0.16707187499999998
24100,1.8710396875000004,0.40734375000000006,0.42649375000000017,0.16616250000000005
24200,1.8715359375000005,0.4076812500000001,0.42593437500000014,0.16638437499999997
24300,1.8719375000000003,0.4082968750000001,0.42499375,0.16670937499999997
24400,1.8741949999999996,0.4091749999999999,0.42369375000000004,0.16713125000000004
24500,1.8748487500000004,0.40909062500000004,0.42355,0.16735937499999992
24600,1.8742646874999997,0.40933437500000003,0.425396875,0.16526875
24700,1.8709131249999997,0.4079531249999999,0.42684687499999996,0.1652
24800,1.8704621875000003,0.40803124999999996,0.42772812499999996,0.16424062499999995
24900,1.8697728124999997,0.40736874999999995,0.4274406249999999,0.165190625
25000,1.8683271875000003,0.4064624999999999,0.4270343749999999,0.16650312500000003
25100,1.8707334375,0.4073374999999999,0.4250093750000001,0.16765312500000001
25200,1.87065625,0.40703437500000006,0.424621875,0.16834374999999993
25300,1.8719290625000007,0.408403125,0.42363749999999994,0.16795937500000002
25400,1.8740693750000001,0.4093343749999999,0.4224156250000001,0.16825
25500,1.8737050000000006,0.40970000000000006,0.4240562499999999,0.1662437499999999
25600,1.8744515625000002,0.40988437499999975,0.42341562499999996,0.1667
25700,1.8743059375000004,0.4098874999999998,0.42405,0.16606249999999995
25800,1.8724956249999998,0.40816874999999997,0.42492500000000005,0.16690625
25900,1.8716387500000002,0.40723124999999993,0.4253187500000001,0.16745
26000,1.8699334375,0.4072218749999999,0.4259031249999999,0.16687500000000005
26100,1.8700703125,0.4071,0.42587812499999983,0.167021875
26200,1.8712515624999995,0.4071124999999999,0.42425000000000007,0.16863749999999994
26300,1.8727206250000001,0.40734062499999985,0.4234843749999999,0.169175
26400,1.8719143750000002,0.40688124999999997,0.4241375,0.16898124999999994
26500,1.8705149999999997,0.4062031249999999,0.42424687499999986,0.16955000000000003
26600,1.8696771875,0.4057,0.4238875000000001,0.17041249999999997
26700,1.8689803125,0.40496562499999994,0.4241562499999999,0.170878125
26800,1.8679250000000003,0.40420625,0.42426562499999987,0.17152812499999995
26900,1.8678125,0.40480625000000003,0.4257312500000001,0.16946250000000004
27000,1.868429375,0.4052437500000001,0.42565000000000003,0.16910625
27100,1.870284999999999,0.4060625000000001,0.42458437500000007,0.16935312500000002
27200,1.8702084375000003,0.40668125,0.4254312499999999,0.1678875
27300,1.8685618749999997,0.4068062500000001,0.4263718750000002,0.16682187499999998
27400,1.8669718750000002,0.40523750000000003,0.4267250000000001,0.16803750000000003
27500,1.8653859375000001,0.4041937500000001,0.42823749999999994,0.16756875000000002
27600,1.8655606249999996,0.40369374999999996,0.42787187499999996,0.16843437499999997
27700,1.8651956250000001,0.4041656249999999,0.42804687499999994,0.16778749999999995
27800,1.8642575000000003,0.40374374999999996,0.4279187499999999,0.16833750000000003
27900,1.8627543750000009,0.40245625,0.42958125,0.1679625
28000,1.8625875000000005,0.40275000000000016,0.43010937499999996,0.16714062500000004
28100,1.8623375,0.402959375,0.43030625000000006,0.16673437500000002
28200,1.8645246874999997,0.4043812499999999,0.4285312499999999,0.1670875
28300,1.86521875,0.405046875,0.4282500000000001,0.166703125
28400,1.8657359374999996,0.4051656250000001,0.42804687499999994,0.16678749999999998
28500,1.8669318749999997,0.40555624999999995,0.4271687500000001,0.167275
28600,1.869506875,0.407215625,0.42629687500000013,0.1664875
28700,1.8708609375,0.408240625,0.4257343749999999,0.16602500000000006
28800,1.8725653125000004,0.40952500000000003,0.42444374999999995,0.16603125
28900,1.8745924999999999,0.40998749999999995,0.422253125,0.16775937500000004
29000,1.8761631250000006,0.4105781250000001,0.421365625,0.16805625000000005
29100,1.8770284374999993,0.4108437499999999,0.4203875,0.16876875000000002
29200,1.8773037500000005,0.4111218749999998,0.42055624999999985,0.16832187499999998
29300,1.8790221875,0.4117281250000001,0.42017812499999996,0.16809375
29400,1.8793559375000002,0.41201249999999995,0.42081250000000014,0.16717500000000002
29500,1.8792625000000003,0.4120312500000002,0.42143437499999997,0.16653437499999998
29600,1.8779421875000009,0.411446875,0.422096875,0.16645625
29700,1.8773325000000003,0.4110406249999999,0.42242187499999995,0.16653749999999987
29800,1.8749046875,0.40983124999999987,0.424596875,0.16557187500000003
29900,1.8748465625,0.40972500000000023,0.4237343750000001,0.166540625
30000,1.8759215625000005,0.40991874999999994,0.42177812499999984,0.16830312499999997
30100,1.8773590625000003,0.4102499999999999,0.42001875000000016,0.16973125000000003
30200,1.879409375,0.41121562500000014,0.4198062499999999,0.168978125
30300,1.8790240624999996,0.4114781249999999,0.42104062500000006,0.16748125000000003
30400,1.8780809375000007,0.4116718750000001,0.4217093750000001,0.16661875
30500,1.8775906249999996,0.41143125000000014,0.4216156249999999,0.16695312500000004
30600,1.8764499999999997,0.41087187499999994,0.422109375,0.16701874999999997
30700,1.8742662499999994,0.41034062499999996,0.42435625,0.16530312500000005
30800,1.8723093750000004,0.40897812499999986,0.42520937500000006,0.16581249999999995
30900,1.8721128124999995,0.4085031249999999,0.4253406249999998,0.16615624999999998
31000,1.8716531250000004,0.4089406250000001,0.4252968749999999,0.1657625
31100,1.8727831250000002,0.40930625000000004,0.424803125,0.16589062499999999
31200,1.8727665624999994,0.40924062499999986,0.4236468750000002,0.16711250000000002
31300,1.8728059375000006,0.40850312499999997,0.4232249999999999,0.16827187500000004
31400,1.8757753125,0.40951875000000004,0.420515625,0.169965625
31500,1.8794971874999993,0.41192812499999987,0.41884375000000007,0.169228125
31600,1.884274375,0.41485000000000005,0.4158562499999999,0.16929375
31700,1.8876768750000004,0.416159375,0.4136750000000001,0.17016562500000004
31800,1.8891415624999999,0.41730312499999994,0.41329374999999996,0.16940312500000002
31900,1.8917978125,0.4196624999999999,0.41218437499999977,0.16815312499999996
32000,1.8938468750000004,0.4195531249999999,0.41007500000000013,0.17037187499999998
32100,1.8965937500000003,0.4208593750000001,0.40793124999999986,0.171209375
32200,1.8990025000000001,0.42090937500000003,0.4059281249999998,0.17316250000000008
32300,1.898855,0.42115937500000006,0.406509375,0.17233124999999994
32400,1.9003718749999996,0.42180625,0.40620625,0.1719875
32500,1.8998034375000006,0.4217187499999999,0.40717500000000006,0.17110625
32600,1.8990925000000005,0.42198437499999997,0.4081062500000001,0.169909375
32700,1.8987856249999993,0.42276249999999993,0.409028125,0.16820937499999997
32800,1.8989321874999996,0.42305625,0.4085187499999999,0.16842500000000005
32900,1.8998484374999998,0.42331875,0.407975,0.16870625000000003
33000,1.9009237500000002,0.4229781249999999,0.4073687500000001,0.16965312499999996
33100,1.9017746874999997,0.42313125000000007,0.4075843750000001,0.16928437500000004
33200,1.9025018749999996,0.4241812499999999,0.4080593750000002,0.16775937499999996
33300,1.9013521875,0.42381250000000004,0.40836562499999995,0.16782187499999998
33400,1.9019400000000004,0.4238843750000001,0.40758749999999994,0.168528125
33500,1.8995778124999998,0.4228281249999999,0.40965312500000006,0.16751875000000002
33600,1.8996781249999992,0.42233437500000004,0.4087000000000002,0.168965625
33700,1.8969284375000002,0.4206468750000001,0.4104468749999999,0.16890625000000004
33800,1.8955668750000003,0.4193937500000001,0.41095624999999997,0.16965000000000002
33900,1.8952275000000007,0.419609375,0.41090312500000004,0.16948749999999999
34000,1.8966606250000002,0.42021562500000004,0.4101656250000002,0.16961874999999998
34100,1.89609,0.419696875,0.4101968749999998,0.17010624999999996
34200,1.8944756249999997,0.4188875000000001,0.411315625,0.16979687499999999
34300,1.8928215625000002,0.4182281249999999,0.4124718750000001,0.16929999999999998
34400,1.8902506250000009,0.41714687499999975,0.4144031250000001,0.16844999999999996
34500,1.8904712499999998,0.41720312499999995,0.413809375,0.16898750000000004
34600,1.8893568749999998,0.4164093750000001,0.41333125,0.17025937500000002
34700,1.8895143749999999,0.41647500000000004,0.41300937499999996,0.170515625
34800,1.8887721875000003,0.4158187500000002,0.4135062499999999,0.17067499999999994
34900,1.8891821875000003,0.4156906249999999,0.41262812499999996,0.17168125000000004
35000,1.888548125,0.414821875,0.41240312500000004,0.172775
35100,1.8898774999999999,0.41562499999999986,0.4112531250000002,0.17312187500000004
35200,1.8910096875000004,0.41621875,0.410878125,0.172903125
35300,1.8916503124999997,0.41594062499999995,0.4111187500000001,0.17294062500000001
35400,1.8927365625,0.41674687500000007,0.41140625,0.17184687499999998
35500,1.8933318749999994,0.41753125000000013,0.41184687500000006,0.170621875
35600,1.8936875000000004,0.41827812499999995,0.41243437500000013,0.16928749999999998
35700,1.8918996874999996,0.418278125,0.41460937499999984,0.16711249999999997
35800,1.8896465624999998,0.41789687499999995,0.41695000000000004,0.165153125
35900,1.8880731250000005,0.41720625,0.41820625000000006,0.16458749999999994
36000,1.8879081249999996,0.41716562500000004,0.41763750000000005,0.16519687499999994
36100,1.8876437499999996,0.4162218749999999,0.41751249999999995,0.1662656249999999
36200,1.8870884374999997,0.4158,0.41756249999999984,0.1666375
36300,1.8850728125,0.414671875,0.41807500000000003,0.16725312500000003
36400,1.8830909374999998,0.41354062500000005,0.41953750000000006,0.166921875
36500,1.8806862500000012,0.41200312499999986,0.42092812500000004,0.16706874999999996
36600,1.88088875,0.4120374999999999,0.421159375,0.1668031249999999
36700,1.8801265625000005,0.411709375,0.4207062500000001,0.16758437499999995
36800,1.8806034374999996,0.41161250000000005,0.41991875,0.16846875000000003
36900,1.881351875000001,0.411753125,0.41942187500000006,0.16882499999999995
37000,1.8807396874999993,0.4113625,0.42002187500000027,0.16861562500000002
37100,1.8817165625,0.41192187500000005,0.4205625,0.167515625
37200,1.8809637499999998,0.4116499999999999,0.4216875,0.16666250000000002
37300,1.8809075000000004,0.4114906250000001,0.42083750000000014,0.16767187500000008
37400,1.8797893749999994,0.410965625,0.42235312499999983,0.16668124999999995
37500,1.8793915624999993,0.4105343750000001,0.42109062500000005,0.16837499999999997
37600,1.8796709375000002,0.410309375,0.420353125,0.16933750000000003
37700,1.8796253124999995,0.4098875000000002,0.4199375,0.17017499999999994
37800,1.8818575000000004,0.4105281250000001,0.4170531250000001,0.17241874999999993
37900,1.8832518749999998,0.4115625,0.41624687499999996,0.172190625
38000,1.8842096874999994,0.411190625,0.414684375,0.17412499999999992
38100,1.8853487500000001,0.41119062500000003,0.4139750000000001,0.174834375
38200,1.8864281249999997,0.411790625,0.41329687500000006,0.1749125
38300,1.8877715624999998,0.41286562499999996,0.41249374999999994,0.17464062500000005
38400,1.8868456250000005,0.41275,0.41435625000000015,0.17289374999999998
38500,1.8837471874999998,0.41172812500000017,0.41661562500000004,0.17165625000000004
38600,1.8809812500000005,0.410453125,0.4184375,0.17110937499999998
38700,1.8779012499999994,0.40920625000000016,0.42097812500000004,0.16981562500000005
38800,1.8757981250000002,0.4079718749999999,0.4216906250000001,0.17033750000000003
38900,1.8731299999999993,0.40613437500000005,0.42243125,0.17143437500000003
39000,1.8726696875,0.40586875000000006,0.42204687499999993,0.17208437499999996
39100,1.8723312499999998,0.405553125,0.42254687500000004,0.1719
39200,1.8723681250000002,0.4055031249999999,0.42173750000000004,0.17275937499999997
39300,1.8728346875000002,0.40579375,0.42120625,0.17300000000000004
39400,1.8714393749999996,0.40549687500000003,0.42279999999999995,0.17170312499999998
39500,1.8692362499999995,0.40423437500000003,0.4240468750000001,0.17171874999999992
39600,1.8665037499999992,0.40309687499999985,0.4251781250000001,0.17172500000000002
39700,1.8643487499999996,0.40250937500000006,0.42783124999999994,0.16965937499999997
39800,1.8619540625000002,0.401109375,0.42867812499999997,0.17021250000000007
39900,1.8609034375000004,0.40057812500000006,0.42940312500000005,0.17001875
40000,1.8612365625,0.40050624999999995,0.4290343750000001,0.170459375
40100,1.8627481249999998,0.40115937499999993,0.42742500000000005,0.17141562500000004
40200,1.8637990625,0.40183125000000014,0.4276281250000001,0.170540625
40300,1.8636753125,0.40164999999999973,0.4270781249999998,0.17127187500000002
40400,1.8642340625,0.40277187500000006,0.42696562500000007,0.17026250000000004
40500,1.8636821875000003,0.4019562500000001,0.4264031250000001,0.17164062499999994
40600,1.8633993749999995,0.401365625,0.42614062499999994,0.17249375
40700,1.8634912499999998,0.4017718749999999,0.42545937500000003,0.17276875
40800,1.8642565625,0.40132187499999994,0.425215625,0.1734625
40900,1.8629421875,0.40059999999999996,0.4263187500000001,0.17308125000000005
41000,1.8605153124999996,0.399546875,0.42770937499999995,0.17274375000000003
41100,1.8597950000000003,0.3996843749999998,0.42851562499999996,0.17179999999999998
41200,1.8615643750000008,0.40135625000000014,0.42704374999999994,0.17159999999999995
41300,1.8612768749999997,0.40095937499999995,0.42684374999999997,0.17219687500000003
41400,1.8607162499999996,0.40122187499999984,0.427665625,0.1711125
41500,1.8626946875000001,0.402015625,0.42645000000000005,0.17153437500000002
41600,1.8645734375000003,0.402871875,0.42536562500000014,0.17176250000000004
41700,1.8665921875,0.4041281250000002,0.42390937500000003,0.17196249999999993
41800,1.8677471874999998,0.40541875,0.4241500000000001,0.17043125
41900,1.8684237499999996,0.4063312499999999,0.42465937499999995,0.16900937500000002
42000,1.8669746875,0.4050406250000001,0.4255,0.169459375
42100,1.864944375,0.4042218749999999,0.4265124999999999,0.16926562500000003
42200,1.8645074999999998,0.40379999999999977,0.42600625,0.17019375000000003
42300,1.8654975,0.40400937499999995,0.42535312500000005,0.17063749999999997
42400,1.8659981250000002,0.4045625,0.424815625,0.17062187499999998
42500,1.8665824999999987,0.40465625000000016,0.4250593750000001,0.17028437499999996
42600,1.8658268750000002,0.40497500000000003,0.42587187500000007,0.16915312499999996
42700,1.8652018750000001,0.4049031250000001,0.425665625,0.16943124999999998
42800,1.8653662499999997,0.4046187499999999,0.42713750000000006,0.16824374999999997
42900,1.8642362500000005,0.405078125,0.4285125000000002,0.16640937499999992
43000,1.8645184375000003,0.40515000000000007,0.43029687499999986,0.16455312499999997
43100,1.8638884375000002,0.4047468750000001,0.4297000000000001,0.16555312500000005
43200,1.863036875,0.4040249999999999,0.4298000000000003,0.166175
43300,1.8633434374999998,0.404178125,0.4289031249999999,0.16691874999999992
43400,1.864416875,0.4047124999999998,0.4281406250000001,0.167146875
43500,1.865680625,0.40456562500000004,0.42728125000000017,0.16815312500000007
43600,1.8666765624999997,0.4057218750000001,0.4278812500000001,0.166396875
43700,1.8651981250000003,0.40580000000000005,0.4294625000000001,0.16473749999999995
43800,1.861813125,0.40373437500000003,0.430971875,0.16529374999999996
43900,1.8585790625,0.40281250000000013,0.4332874999999999,0.16389999999999996
44000,1.8570040625,0.40235624999999997,0.434603125,0.16304062500000002
44100,1.8559999999999999,0.40217812499999994,0.43551875000000007,0.16230312500000002
44200,1.8555712499999997,0.40168125000000005,0.4353093749999999,0.16300937500000004
44300,1.8554365625,0.4015687500000001,0.43450937500000025,0.163921875
44400,1.8560050000000001,0.401759375,0.434009375,0.16423125000000002
44500,1.8568578125,0.40233750000000007,0.4332468749999998,0.16441562500000007
44600,1.8595603124999993,0.40305624999999995,0.4317968750000001,0.16514687499999997
44700,1.8621346874999998,0.4043218750000001,0.4302031249999999,0.1654750000000001
44800,1.8623396874999998,0.40416875,0.43061250000000006,0.16521875000000003
44900,1.8621215625000007,0.40391562499999994,0.43043437500000015,0.16565000000000005
45000,1.8619368749999996,0.4038531249999998,0.43079375,0.165353125
45100,1.8609153125,0.40260312500000006,0.43009375000000005,0.167303125
45200,1.8613153124999995,0.4024281250000001,0.42985625,0.16771562499999995
45300,1.8611843749999994,0.40150937499999995,0.42861875000000005,0.16987187499999992
45400,1.8605943749999996,0.40105312500000023,0.42880312499999995,0.17014375000000012
45500,1.8600478125000002,0.40107812499999995,0.42920625000000007,0.16971562499999998
45600,1.8606765625,0.40141875,0.42899375,0.1695875
45700,1.8619706249999999,0.4016718749999999,0.4278562499999999,0.17047187500000005
45800,1.8626003125000004,0.40246875,0.428134375,0.16939687500000006
45900,1.8650340625,0.4037281250000002,0.42668437499999995,0.16958750000000003
46000,1.865538125,0.40383125,0.42640937499999987,0.169759375
46100,1.8665821875,0.4047843749999998,0.4258781249999999,0.1693375
46200,1.8672565625000002,0.4054531249999999,0.4258937500000001,0.168653125
46300,1.8689409375000006,0.40622500000000006,0.4244687500000001,0.16930625
46400,1.8697690624999994,0.4070187499999999,0.4242531249999999,0.168728125
46500,1.87086125,0.4073500000000001,0.42384374999999974,0.16880624999999994
46600,1.8693703124999994,0.40651875,0.4237531250000001,0.169728125
46700,1.8700990624999996,0.40708125000000006,0.42389687500000006,0.16902187500000002
46800,1.8733718749999992,0.40819062500000003,0.42160625000000007,0.1702031250000001
46900,1.8756609375000002,0.40866562500000003,0.4200156250000002,0.17131875
47000,1.8756499999999998,0.4087187499999999,0.41974374999999997,0.17153749999999998
47100,1.8757484375000004,0.40881562499999985,0.419284375,0.17190000000000003
47200,1.8761490625000006,0.40889062500000006,0.4184625,0.1726468750000001
47300,1.8774759374999996,0.40929687500000017,0.41803437500000007,0.17266874999999993
47400,1.87669875,0.408803125,0.4195468750000001,0.17164999999999994
47500,1.8752868749999998,0.4088843750000001,0.42069375000000003,0.17042187500000006
47600,1.8755965625000004,0.4094999999999999,0.42081250000000003,0.16968750000000002
47700,1.8755396874999997,0.40881249999999997,0.4197624999999999,0.17142499999999997
47800,1.8766774999999996,0.4083437499999999,0.41896875,0.17268749999999997
47900,1.8769321875,0.40848750000000006,0.4174843750000003,0.174028125
48000,1.87791125,0.4083406249999998,0.41681562499999986,0.17484374999999996
48100,1.8777587499999993,0.40834062500000007,0.4181750000000001,0.17348437500000002
48200,1.8756412500000004,0.40738749999999996,0.41853749999999984,0.17407499999999995
48300,1.8754403124999999,0.407209375,0.4185687499999999,0.174221875
48400,1.87521625,0.40765625,0.4202531250000001,0.17209062500000005
48500,1.8756440624999995,0.40814687499999996,0.41996249999999996,0.17189062500000002
48600,1.8739084374999997,0.40783437499999986,0.4216125,0.170553125
48700,1.8724334375000005,0.40760625,0.42409062500000017,0.16830312500000003
48800,1.8693846875000002,0.4074187499999999,0.427465625,0.165115625
48900,1.866423750000001,0.40631874999999995,0.42895,0.16473125
49000,1.8643949999999998,0.4053375000000001,0.43034062500000003,0.16432187499999995
49100,1.862424375,0.4035437500000001,0.4313343750000001,0.16512187500000003
49200,1.8593999999999995,0.4018312500000001,0.43292812500000005,0.16524062499999992
49300,1.8565946875,0.40063750000000004,0.43463125,0.16473124999999997
49400,1.8548378124999996,0.39980625000000003,0.435271875,0.16492187500000002
49500,1.8562778124999997,0.400065625,0.4338781249999999,0.16605624999999996
49600,1.8568268749999999,0.4002562500000001,0.43342499999999995,0.1663187500000001
49700,1.8580906249999996,0.40120312500000016,0.43248437500000003,0.1663125
49800,1.857505625,0.4007937499999999,0.4330312500000001,0.16617499999999993
49900,1.8590578125000008,0.4018218750000002,0.43195625000000004,0.166221875
50000,1.85949625,0.4010156249999999,0.43089375,0.168090625
50100,1.8604778125,0.4011562499999998,0.42902812499999987,0.16981562499999997
50200,1.8624062499999998,0.4016906250000001,0.4271281250000001,0.17118124999999995
50300,1.864065625,0.4024562499999999,0.4258906250000001,0.17165312500000002
50400,1.8656462499999997,0.4032812499999999,0.424371875,0.17234687500000007
50500,1.8665356249999998,0.403684375,0.4237406250000001,0.17257499999999995
50600,1.8680521875,0.4043062499999999,0.42257500000000003,0.17311874999999993
50700,1.8690553124999996,0.40525000000000017,0.42232812500000005,0.17242187499999995
50800,1.8723256250000002,0.4071375,0.42007187500000004,0.17279062500000003
50900,1.874211875,0.40807500000000013,0.41951874999999983,0.17240624999999996
51000,1.875588125,0.40922499999999995,0.41940312500000004,0.17137187500000003
51100,1.8770806249999996,0.40977812500000016,0.41769062500000004,0.17253125
51200,1.8793306249999997,0.41064375000000014,0.4160156249999999,0.17334062499999997
51300,1.8821103124999998,0.4118531250000001,0.414028125,0.17411874999999996
51400,1.8834368749999997,0.4129437499999998,0.4143218749999999,0.17273437500000008
51500,1.8827696874999995,0.41279062499999997,0.415675,0.17153437499999996
51600,1.8816431249999994,0.4115906250000002,0.4161093750000001,0.17230000000000004
51700,1.8815171875,0.4117343750000002,0.41603437500000007,0.17223125
51800,1.8805331249999997,0.41153437499999984,0.41742499999999977,0.171040625
51900,1.8811365624999998,0.4124593750000001,0.417640625,0.1699
52000,1.8814746875000004,0.41333125000000004,0.41728125000000005,0.16938750000000002
52100,1.8833231250000002,0.41423437499999993,0.4166281250000001,0.1691375
52200,1.8859190624999997,0.41508124999999985,0.415015625,0.169903125
52300,1.8864178125,0.415796875,0.4142156249999999,0.1699875
52400,1.8865559374999998,0.4158343749999999,0.41446562500000006,0.16970000000000005
52500,1.8876100000000005,0.41563125,0.41358125000000007,0.1707875
52600,1.8874106249999998,0.415259375,0.413115625,0.17162499999999997
52700,1.8858740624999997,0.41475625,0.41539062499999996,0.16985312499999997
52800,1.8854612499999999,0.41407187500000003,0.41515,0.17077812499999998
52900,1.8859750000000004,0.41453124999999996,0.414309375,0.171159375
