step,mean_aspect_ratio,fraction_elongated,fraction_round,fraction_binary
100,1.0,0.0,1.0,0.0
200,2.2698562499999997,0.47992812500000015,0.045440625000000005,0.47463125000000017
300,2.4320874999999997,0.6985874999999999,0.06524999999999999,0.23616250000000003
400,2.4496221875,0.741275,0.07605312500000001,0.18267187499999993
500,2.446598124999999,0.750959375,0.08492500000000001,0.16411562500000001
600,2.4383384374999997,0.7512718750000001,0.09206250000000003,0.15666562500000003
700,2.4287809375000005,0.7470968749999999,0.09910625000000002,0.153796875
800,2.421543125,0.743796875,0.10437187500000003,0.15183125000000003
900,2.4151828125,0.741553125,0.10947812500000002,0.14896875
1000,2.4112653125000003,0.7392156249999998,0.112496875,0.14828750000000004
1100,2.4062003125000007,0.7378562500000001,0.116690625,0.145453125
1200,2.4036384374999993,0.7366125000000001,0.11786562499999999,0.145521875
1300,2.401455624999999,0.7351,0.12028750000000002,0.1446124999999999
1400,2.400153124999999,0.735121875,0.12186250000000003,0.14301562499999995
1500,2.3982509375,0.7344343750000001,0.123434375,0.14213125
1600,2.3972793750000005,0.7341812499999998,0.12525312500000002,0.140565625
1700,2.3972500000000005,0.7349156249999996,0.12479687500000003,0.1402875
1800,2.3992006249999998,0.736815625,0.1244875,0.13869687499999997
1900,2.4005003124999997,0.7368406250000001,0.12423750000000004,0.138921875
2000,2.3996449999999996,0.7366156250000001,0.12539687500000002,0.1379875
2100,2.3994556250000008,0.7370718749999999,0.126115625,0.13681249999999995
2200,2.397085937500001,0.7353875000000001,0.12805937499999998,0.136553125
2300,2.3952525,0.7343406249999999,0.129103125,0.13655625000000002
2400,2.3935934374999994,0.7330562500000001,0.13084062499999996,0.13610312500000005
2500,2.3935275,0.7348687499999997,0.13179999999999994,0.13333125000000004
2600,2.3946374999999995,0.7347499999999999,0.13110312499999996,0.13414687500000003
2700,2.3940406249999997,0.7348718750000001,0.13235937499999997,0.13276875000000002
2800,2.3924262499999998,0.73429375,0.133609375,0.132096875
2900,2.3915771874999994,0.7333656250000001,0.134303125,0.13233125
3000,2.3911374999999997,0.7326687500000003,0.13454062500000002,0.132790625
3100,2.3907478125000003,0.7330749999999997,0.13586875,0.13105625
3200,2.3875003125000003,0.7318375000000001,0.13793124999999998,0.13023125000000002
3300,2.3867109375,0.7316468749999999,0.13868749999999994,0.129665625
3400,2.3864540625000004,0.7309499999999998,0.138625,0.13042499999999996
3500,2.383579375,0.72914375,0.14053125,0.130325
3600,2.3819675000000005,0.728559375,0.14211875000000004,0.12932187499999998
3700,2.3818031249999994,0.7280625000000001,0.14210312500000002,0.129834375
3800,2.3828715624999997,0.7292218749999999,0.14101875000000003,0.12975937499999995
3900,2.3849765625000012,0.7305406249999996,0.14009687499999998,0.12936250000000005
4000,2.3863059375,0.731290625,0.139390625,0.12931874999999998
4100,2.3875853124999997,0.731975,0.13871562499999998,0.12930937499999998
4200,2.3886400000000005,0.7329343749999998,0.13971875,0.127346875
4300,2.3893403125,0.7333999999999996,0.13947500000000002,0.127125
4400,2.391376562499999,0.73480625,0.13805937500000004,0.12713437499999997
4500,2.3921153125000005,0.7348437499999998,0.13709999999999997,0.12805624999999998
4600,2.3930743749999994,0.7345281250000002,0.13625624999999994,0.129215625
4700,2.3950196875,0.7360625,0.13570312500000004,0.128234375
4800,2.3947490625,0.7361562500000003,0.136434375,0.127409375
4900,2.3957459375000005,0.737546875,0.13686250000000003,0.12559062499999998
5000,2.3948596875000008,0.73745625,0.137284375,0.12525937499999998
5100,2.3946165625,0.737340625,0.13730312499999994,0.12535625
5200,2.3949103125000004,0.7370468750000001,0.1377,0.125253125
5300,2.3930668749999997,0.735578125,0.139234375,0.1251875
5400,2.392730625,0.7355031250000001,0.139434375,0.1250625
5500,2.3915284375,0.7342062500000001,0.13910312500000005,0.126690625
5600,2.390256875000001,0.7341937499999999,0.14064374999999998,0.12516249999999998
5700,2.390504999999999,0.7339468750000003,0.14023749999999996,0.125815625
5800,2.3908171875,0.7341781250000001,0.14036250000000006,0.125459375
5900,2.3918015625,0.7351374999999998,0.14045937500000005,0.12440312500000004
6000,2.393396250000001,0.7360281250000001,0.13912499999999994,0.12484687499999998
6100,2.3952553125000002,0.7371593750000002,0.13860312500000002,0.12423750000000001
6200,2.3984634375000007,0.7382593749999998,0.13671250000000001,0.125028125
6300,2.4008865625,0.7395687499999997,0.1351125,0.12531875
6400,2.4006756250000003,0.7393906250000005,0.13580624999999996,0.12480312499999997
6500,2.400881875,0.7390281250000001,0.134915625,0.12605625000000006
6600,2.4022534374999998,0.7391593750000001,0.134359375,0.12648125
6700,2.404721875,0.740325,0.13300312500000003,0.126671875
6800,2.4075796875,0.7423093749999999,0.131775,0.125915625
6900,2.4092065625,0.7440062500000003,0.131571875,0.12442187500000003
7000,2.4081081249999996,0.7434500000000002,0.1322375,0.12431249999999998
7100,2.4074240625000005,0.7427656249999995,0.13246249999999998,0.124771875
7200,2.4075153125,0.7428312500000002,0.13229375000000002,0.12487500000000001
7300,2.4069603125000008,0.7426750000000002,0.1328875,0.12443749999999996
7400,2.4062106249999995,0.7430000000000003,0.13420937499999996,0.122790625
7500,2.4058159375000003,0.7426156250000002,0.13470625000000003,0.12267812500000003
7600,2.4066978125000005,0.7432374999999999,0.134028125,0.12273437499999999
7700,2.4080828124999996,0.7437843749999997,0.13321249999999996,0.12300312500000002
7800,2.4079175,0.7431937499999998,0.13355625000000002,0.12325000000000001
7900,2.4086046875000005,0.7435343750000001,0.13331875,0.123146875
8000,2.4103390625000003,0.744315625,0.13226250000000003,0.123421875
8100,2.4115121875000005,0.7449687500000003,0.13156875,0.12346250000000003
8200,2.413634062500001,0.745671875,0.13074999999999998,0.12357812499999998
8300,2.414732499999999,0.7468375000000003,0.13031874999999998,0.12284374999999996
8400,2.4156475000000013,0.74759375,0.13013125,0.12227499999999998
8500,2.4148553125000003,0.7475062500000004,0.13054375000000001,0.12194999999999999
8600,2.416705937499999,0.7483406249999999,0.12941249999999999,0.122246875
8700,2.417784062500001,0.7486906250000002,0.12917187500000002,0.12213750000000001
8800,2.4178603124999998,0.748925,0.12908125,0.12199374999999998
8900,2.4176028125,0.7486875000000003,0.1293125,0.12199999999999997
9000,2.4173156249999996,0.7480531250000001,0.12940937500000002,0.1225375
9100,2.4175240625000005,0.7485906250000001,0.12938437500000002,0.12202500000000004
9200,2.4186968749999997,0.7490718749999999,0.1289,0.12202812500000003
9300,2.4183740625000008,0.749378125,0.129459375,0.12116249999999996
9400,2.417771875000001,0.748865625,0.129578125,0.12155625
9500,2.4180603124999998,0.7495406249999998,0.12984062500000002,0.12061874999999998
9600,2.416813437500001,0.7488187500000001,0.13062812499999998,0.12055312500000004
9700,2.416716875,0.747953125,0.13034687500000003,0.12169999999999997
9800,2.4180503125000006,0.74818125,0.12833437499999997,0.12348437500000002
9900,2.4201443749999996,0.7494312499999999,0.127425,0.12314374999999998
10000,2.4222728125,0.7501562500000002,0.12623749999999997,0.12360624999999996
10100,2.4242237500000012,0.7510312500000003,0.12510624999999995,0.12386249999999999
10200,2.4241509375000008,0.75104375,0.12485,0.12410624999999999
10300,2.4247762500000003,0.7513625,0.12499375000000003,0.12364375000000001
10400,2.4261621875000006,0.7514374999999999,0.12441562499999999,0.124146875
10500,2.4266137499999996,0.7524937500000002,0.12458749999999993,0.12291875000000001
10600,2.427089062500001,0.7531312500000001,0.124775,0.12209375
10700,2.4269956250000004,0.7529093750000002,0.12513437500000002,0.12195624999999997
10800,2.4279334375,0.7536124999999998,0.12390937500000003,0.12247812499999997
10900,2.4304081249999996,0.7549718749999998,0.12222500000000001,0.12280312500000003
11000,2.4348703124999997,0.7575500000000002,0.11935625,0.12309375000000002
11100,2.4377028124999995,0.7592375000000001,0.11818437500000001,0.122578125
11200,2.4385493749999996,0.7597749999999999,0.11785000000000004,0.122375
11300,2.4398993749999995,0.7602531249999998,0.11706249999999996,0.12268437500000001
11400,2.4408440624999996,0.760071875,0.11643437499999996,0.12349374999999999
11500,2.441018750000001,0.7599593750000001,0.116946875,0.12309375
11600,2.440802187500001,0.7599812500000002,0.11686249999999998,0.12315625000000005
11700,2.4416059375,0.7603000000000001,0.11634374999999998,0.12335625000000003
11800,2.4440190625,0.7616687499999999,0.11471875000000001,0.12361250000000001
11900,2.4454634375000004,0.7621468750000001,0.11429687500000003,0.12355625000000005
12000,2.4460293749999997,0.7625031249999998,0.11396250000000002,0.12353437499999997
12100,2.4474012499999995,0.7639656249999999,0.11377187499999998,0.1222625
12200,2.4468490624999992,0.7632749999999996,0.11409374999999998,0.12263125
12300,2.4473978125,0.7635218750000001,0.11359062500000003,0.12288750000000002
12400,2.44659625,0.7629906250000001,0.11380312499999999,0.12320624999999998
12500,2.4468709375,0.763278125,0.11416562499999999,0.12255625000000003
12600,2.4462059375000003,0.7630906249999999,0.11513437500000002,0.12177499999999997
12700,2.445419375,0.7628874999999999,0.11570937500000006,0.121403125
12800,2.443782500000001,0.7619750000000002,0.11656562500000002,0.121459375
12900,2.44305,0.7615625000000001,0.11720312500000002,0.12123437499999999
13000,2.441387812499999,0.7607906249999999,0.11850625,0.12070312499999998
13100,2.4397693750000005,0.759496875,0.11943125,0.12107187499999998
13200,2.4395128125000007,0.7593562500000001,0.11940937499999998,0.12123437499999999
13300,2.4400171874999996,0.7604437499999999,0.119775,0.11978124999999999
13400,2.440394374999999,0.7606624999999998,0.11920624999999999,0.12013125
13500,2.4407793749999995,0.7607437499999998,0.11859374999999998,0.12066249999999999
13600,2.4410700000000003,0.76056875,0.11842812500000001,0.121003125
13700,2.4416043750000007,0.7606062500000002,0.11783124999999996,0.12156250000000002
13800,2.442505625000001,0.7612656250000002,0.11665937500000001,0.12207500000000002
13900,2.44380125,0.7616750000000001,0.11651249999999998,0.1218125
14000,2.4444959375,0.7619062500000003,0.11613437499999997,0.12195937500000005
14100,2.4465909375,0.7634750000000002,0.11500937500000001,0.12151562500000002
14200,2.44855625,0.7644906250000004,0.11397812500000004,0.12153125000000001
14300,2.4504131250000007,0.7658187500000003,0.11360000000000002,0.12058125000000003
14400,2.4522115625,0.76725,0.11230937500000003,0.12044062500000001
14500,2.4532421875,0.7676187500000001,0.11183437499999996,0.12054687500000003
14600,2.452720624999999,0.7672406249999999,0.11217812500000005,0.12058124999999999
14700,2.45371,0.767953125,0.11196562499999997,0.12008124999999999
14800,2.4542593750000004,0.7686937500000001,0.11122812499999997,0.120078125
14900,2.453488124999999,0.7679593749999997,0.11155937499999999,0.12048125
15000,2.4535087499999997,0.7677781249999999,0.11177812500000003,0.12044374999999999
15100,2.452564687499999,0.7669906249999998,0.1121,0.12090937500000004
15200,2.452378749999999,0.7660562500000002,0.11183437499999997,0.12210937499999998
15300,2.4524540625000006,0.766071875,0.11209062500000003,0.12183749999999997
15400,2.451256875000001,0.7649718749999999,0.11269374999999998,0.12233437499999998
15500,2.449493125000001,0.7641843749999999,0.113915625,0.12190000000000001
15600,2.4477206249999997,0.7631718750000003,0.11493749999999998,0.12189062500000004
15700,2.4468815624999993,0.7620312500000002,0.1144375,0.12353125000000002
15800,2.4452249999999998,0.7608281249999999,0.11548437500000001,0.12368749999999996
15900,2.4440678125000006,0.7596718749999998,0.11656562499999998,0.12376249999999997
16000,2.440767812499999,0.7576437499999996,0.11795,0.12440625000000005
16100,2.438895625,0.7570375,0.1192375,0.12372499999999999
16200,2.4393340625000004,0.7570750000000003,0.11844374999999997,0.12448124999999999
16300,2.439466875,0.757628125,0.11852812500000004,0.12384375000000003
16400,2.44043875,0.7579062500000001,0.117428125,0.124665625
16500,2.4412765625,0.7583156250000002,0.11750000000000002,0.12418437500000001
16600,2.4419181250000004,0.7581124999999997,0.11706875,0.12481874999999998
16700,2.4422765624999996,0.7576812500000002,0.11665,0.12566875
16800,2.4422296875,0.7575093750000004,0.11659375,0.125896875
16900,2.441863125000001,0.757453125,0.11661875,0.125928125
17000,2.4415421875000005,0.758384375,0.11683437500000002,0.12478125000000004
17100,2.4423503125,0.7586468749999998,0.11669687499999998,0.12465625
17200,2.4427778125,0.7587906249999999,0.116659375,0.12454999999999998
17300,2.4431725,0.7602031250000002,0.11685937500000002,0.12293749999999996
17400,2.444035,0.7602937500000002,0.116065625,0.12364062499999993
17500,2.4442874999999997,0.7600625000000003,0.11570937499999996,0.12422812499999997
17600,2.4456296875,0.76061875,0.11530312499999999,0.124078125
17700,2.444434999999999,0.7606874999999997,0.11667187499999995,0.12264062500000003
17800,2.4417140624999996,0.7591156249999997,0.11841562500000001,0.12246875
17900,2.4392665625,0.7575531249999999,0.119953125,0.12249374999999997
18000,2.4387846875,0.7569968749999999,0.12009062499999998,0.12291249999999998
18100,2.438852812499999,0.7573218749999998,0.1200625,0.12261562499999995
18200,2.4392237500000005,0.7575625,0.11960312499999999,0.12283437500000002
18300,2.4401753125,0.75835,0.11969062499999994,0.12195937499999998
18400,2.4391265625,0.75791875,0.12017812499999998,0.121903125
18500,2.4371650000000007,0.7559812500000003,0.12091249999999999,0.12310624999999997
18600,2.436571562500001,0.7556812500000003,0.12069062500000005,0.12362812499999998
18700,2.4360953124999996,0.7556812499999999,0.12090312499999999,0.123415625
18800,2.4366425000000005,0.7560593750000002,0.12134687499999998,0.12259374999999999
18900,2.4366828125,0.75521875,0.12099062500000003,0.12379062499999997
19000,2.4361590625,0.7545750000000001,0.12034999999999998,0.12507500000000002
19100,2.4364918749999993,0.7544906249999997,0.12064687499999999,0.1248625
19200,2.4355096874999997,0.7536343750000001,0.12130937499999997,0.12505625
19300,2.434248125,0.7530781250000002,0.12258124999999997,0.124340625
19400,2.4323140625,0.7517656249999998,0.12302499999999998,0.12520937499999998
19500,2.4308881249999996,0.7514062499999998,0.12383124999999998,0.12476249999999998
19600,2.4313718750000004,0.7512375000000001,0.12354999999999998,0.1252125
19700,2.4321593749999995,0.7511781249999999,0.12248125,0.12634062500000004
19800,2.4323303125,0.7517562499999999,0.12259374999999997,0.12565000000000004
19900,2.432245000000001,0.7511031249999998,0.12259062500000002,0.12630624999999998
20000,2.4337446874999995,0.7519875000000001,0.12163125,0.12638125
20100,2.4334287500000005,0.7520312499999999,0.12201874999999998,0.12595
20200,2.4332137499999997,0.7519375,0.122009375,0.126053125
20300,2.4343775000000005,0.7518281249999997,0.121234375,0.1269375
20400,2.4355656249999997,0.752678125,0.12049374999999998,0.126828125
20500,2.4364046874999996,0.752284375,0.11912812500000003,0.1285875
20600,2.4396568749999994,0.754165625,0.11711562499999997,0.12871874999999997
20700,2.4424784374999993,0.7562624999999997,0.11624687499999999,0.12749062500000002
20800,2.4446965625000003,0.757275,0.11451874999999999,0.12820625000000002
20900,2.4461518749999995,0.75830625,0.11364374999999992,0.12804999999999997
21000,2.4475881250000002,0.7594281249999996,0.11341875,0.127153125
21100,2.4481290625,0.7598281249999997,0.11313749999999996,0.12703437499999995
21200,2.4497840624999996,0.7611499999999998,0.11284999999999999,0.126
21300,2.4508371874999995,0.7626000000000001,0.11195,0.12544999999999998
21400,2.4508259374999994,0.7624031250000002,0.11213437499999998,0.12546250000000003
21500,2.4515359374999997,0.7620062499999999,0.11140937499999998,0.126584375
21600,2.4536093749999996,0.7631593750000001,0.11046562500000001,0.12637500000000002
21700,2.4541399999999998,0.7637374999999996,0.11035624999999999,0.12590625000000003
21800,2.454261875,0.7638937499999997,0.11089062499999998,0.125215625
21900,2.4540075,0.7637687500000002,0.11088437500000001,0.125346875
22000,2.4531359375000004,0.7632062499999998,0.111634375,0.125159375
22100,2.4513178124999997,0.7617312500000002,0.112640625,0.12562812499999995
22200,2.4506409375000002,0.7615906250000001,0.11319062499999998,0.12521875000000005
22300,2.4504934375,0.7612187500000002,0.1127875,0.12599375
22400,2.450975625,0.7608312500000002,0.11243437499999996,0.12673437499999995
22500,2.450715,0.7606250000000001,0.11280937500000002,0.12656562500000001
22600,2.4496318749999992,0.7598249999999999,0.11289687499999997,0.12727812500000002
22700,2.448565,0.7588281250000001,0.11357187499999996,0.12759999999999996
22800,2.4469528125000006,0.7574781249999998,0.113840625,0.12868125000000002
22900,2.4471943749999996,0.757240625,0.113384375,0.129375
23000,2.44716875,0.7574000000000002,0.113759375,0.12884062499999996
23100,2.4469015624999995,0.7575187499999998,0.114078125,0.128403125
23200,2.4472675000000006,0.7585031249999998,0.11427187499999997,0.12722500000000003
23300,2.4491968750000006,0.75965625,0.11303124999999999,0.12731249999999997
23400,2.4507781249999994,0.7601437500000001,0.11193125000000002,0.127925
23500,2.4523868750000006,0.7614968749999999,0.11134999999999998,0.12715312499999998
23600,2.4537837500000004,0.76253125,0.11059374999999999,0.12687500000000002
23700,2.4551450000000004,0.764190625,0.10994374999999998,0.12586562500000004
23800,2.455548125,0.76494375,0.10986250000000003,0.12519375000000002
23900,2.456988125,0.7664124999999999,0.10925937500000003,0.12432812499999997
24000,2.456872499999999,0.7661968749999996,0.109496875,0.12430625
24100,2.455735625000001,0.7654843750000002,0.10943125000000002,0.12508437499999994
24200,2.4549590625,0.7644718750000001,0.11035937499999998,0.12516875
24300,2.4544190624999986,0.7635531249999999,0.10968125000000002,0.12676562500000002
24400,2.455102187499999,0.7642312499999999,0.1090875,0.12668125000000002
24500,2.4542571875,0.7636874999999999,0.10963124999999997,0.12668125000000002
24600,2.454668437499999,0.7638375000000001,0.10955000000000002,0.12661250000000004
24700,2.4557065625,0.7643281249999997,0.10872499999999999,0.12694687500000004
24800,2.4568621874999996,0.765525,0.10837812500000002,0.126096875
24900,2.4561081250000005,0.7651406249999999,0.10919687499999996,0.12566250000000004
25000,2.4548059375000006,0.7653937499999999,0.11013437499999995,0.12447187500000001
25100,2.4541968749999996,0.764503125,0.11050624999999999,0.12499062500000001
25200,2.4523696875000005,0.7632843750000001,0.11133125000000002,0.125384375
25300,2.4519315625000004,0.7629875000000002,0.112003125,0.12500937499999998
25400,2.4489509375000007,0.7613874999999998,0.11380000000000004,0.12481249999999998
25500,2.4466956250000007,0.7601812500000003,0.11524375,0.12457500000000003
25600,2.4454343750000005,0.7595593749999998,0.11602500000000003,0.124415625
25700,2.444463750000001,0.7591093749999999,0.11683750000000002,0.124053125
25800,2.441865,0.757521875,0.11838437499999999,0.12409374999999999
25900,2.4395931249999996,0.7557468749999999,0.11939062499999999,0.12486249999999997
26000,2.4387056250000003,0.7556374999999997,0.11998750000000005,0.12437500000000005
26100,2.4383221875000007,0.7550718750000003,0.11963125000000002,0.125296875
26200,2.4386015624999997,0.7551093749999997,0.11923124999999998,0.125659375
26300,2.4403290625000005,0.75610625,0.11824687499999999,0.12564687499999996
26400,2.441095625,0.7565843749999999,0.1174625,0.125953125
26500,2.4431662499999995,0.7572093749999999,0.11562812499999997,0.12716250000000004
26600,2.443791249999999,0.7570999999999999,0.11483125000000001,0.12806874999999998
26700,2.4450087500000004,0.7579000000000002,0.11437499999999995,0.12772500000000003
26800,2.4465553124999997,0.7590749999999997,0.113934375,0.12699062499999997
26900,2.4463799999999996,0.7591718750000004,0.11431250000000001,0.12651562499999996
27000,2.4458750000000005,0.7592812500000001,0.11464374999999997,0.12607500000000002
27100,2.4468818750000016,0.7601156249999999,0.11373437499999992,0.12615
27200,2.4485406249999992,0.7612781249999999,0.113103125,0.12561875
27300,2.4483687499999998,0.7613593750000003,0.11349687500000001,0.12514375
27400,2.4486087500000004,0.7618531250000001,0.11386562500000001,0.12428124999999995
27500,2.44874125,0.7623937499999999,0.11385312500000003,0.12375312499999999
27600,2.4494309374999994,0.7625375000000001,0.11315625,0.12430624999999997
27700,2.4494128124999994,0.7623312500000001,0.11301875000000002,0.12465
27800,2.448930625,0.7621218749999998,0.113609375,0.12426875000000004
27900,2.4486081250000002,0.7618,0.11417187500000006,0.12402812500000006
28000,2.4486653124999997,0.761790625,0.113753125,0.12445624999999998
28100,2.4495828125000005,0.76213125,0.11351875000000002,0.12435
28200,2.449836875,0.7627562499999999,0.11355312499999996,0.123690625
28300,2.4502684374999992,0.7632250000000002,0.11312499999999999,0.12364999999999997
28400,2.4510812500000005,0.7637906250000002,0.11303437500000002,0.12317499999999999
28500,2.450125,0.7630312499999998,0.113246875,0.123721875
28600,2.4478496874999993,0.761753125,0.11460625000000003,0.123640625
28700,2.4471065625000006,0.7604281250000001,0.11451874999999999,0.125053125
28800,2.4468878125,0.76005,0.11418125000000005,0.12576875000000004
28900,2.4485759375,0.7604624999999999,0.11306250000000001,0.126475
29000,2.4486503125000008,0.7602687499999999,0.11325312500000001,0.126478125
29100,2.4497021875000002,0.7606749999999995,0.11260000000000002,0.126725
29200,2.4499137499999986,0.7606406249999998,0.11207812499999999,0.12728124999999998
29300,2.4495871875,0.7607249999999999,0.11269687499999997,0.12657812499999999
29400,2.4487224999999997,0.7605999999999999,0.11359062499999997,0.12580937499999997
29500,2.4487390624999996,0.76088125,0.11359062499999999,0.12552812499999996
29600,2.449973125,0.7607031249999999,0.11247500000000003,0.12682187500000006
29700,2.4494209375,0.7599625000000001,0.11226562500000004,0.127771875
29800,2.4494018749999995,0.7601875000000001,0.11252187500000001,0.127290625
29900,2.448404687500001,0.759534375,0.11305000000000003,0.127415625
30000,2.4485453124999994,0.760265625,0.11327812500000005,0.12645625
30100,2.4479818749999995,0.7601375,0.11455625000000004,0.12530625
30200,2.4471193749999993,0.7606125,0.11560937499999996,0.123778125
30300,2.4453256249999997,0.759575,0.11656875,0.12385625000000001
30400,2.4423293750000004,0.7577593749999999,0.11810624999999995,0.12413437499999995
30500,2.4416431250000006,0.7571468749999999,0.11788125,0.12497187499999998
30600,2.4414259374999996,0.7567593750000001,0.11860624999999995,0.12463437500000005
30700,2.4386628124999996,0.75566875,0.12018437500000001,0.12414687500000005
30800,2.4366459375,0.7540093749999999,0.120871875,0.12511875
30900,2.4350399999999994,0.75315,0.12150937499999998,0.12534062499999998
31000,2.4347856250000004,0.7528718749999997,0.12215000000000001,0.12497812500000001
31100,2.4347028124999994,0.7524406250000001,0.12165312500000003,0.12590625
31200,2.4347037499999997,0.7525906249999998,0.12153125000000002,0.12587812499999998
31300,2.433014062499999,0.7515406250000002,0.12256249999999995,0.125896875
31400,2.4323662500000003,0.7511781249999998,0.12295937500000002,0.12586250000000004
31500,2.432356249999999,0.7509156250000001,0.12244062499999998,0.12664375
31600,2.4314515625000004,0.7502531250000001,0.12297812500000001,0.12676874999999999
31700,2.430463437499999,0.74964375,0.12319374999999999,0.12716249999999996
31800,2.430296875,0.7494875,0.12289062500000002,0.12762187500000002
31900,2.429885937500001,0.749665625,0.12362812499999996,0.12670625000000005
32000,2.430620625,0.7498343749999998,0.12286562499999999,0.1273
32100,2.4313984374999995,0.749890625,0.12246562500000001,0.12764375000000003
32200,2.4315871875000004,0.749865625,0.12246875,0.127665625
32300,2.432098437499999,0.750765625,0.12276249999999998,0.126471875
32400,2.432825625,0.7512531250000003,0.12179999999999998,0.12694687500000001
32500,2.433395625,0.7518999999999999,0.12191562500000003,0.12618437500000002
32600,2.4336046875000004,0.752196875,0.12183437500000002,0.12596875
32700,2.4324993750000004,0.751546875,0.12252187500000003,0.12593125
32800,2.431640312500001,0.7514249999999998,0.12306874999999999,0.12550625
32900,2.4314228124999997,0.7515843749999997,0.12347812499999998,0.12493749999999998
33000,2.4304850000000005,0.7512406250000001,0.12399062500000002,0.12476874999999998
33100,2.4311690624999995,0.7520874999999999,0.123759375,0.12415312499999999
33200,2.4334528124999992,0.7535749999999997,0.12186249999999997,0.12456249999999999
33300,2.43630875,0.7552375,0.11981562499999997,0.12494687499999994
33400,2.438139374999999,0.756428125,0.118825,0.12474687499999998
33500,2.4408990625,0.758190625,0.117128125,0.12468125
33600,2.4442734375000006,0.7604250000000002,0.11548749999999998,0.12408749999999998
33700,2.4450134375,0.7608812499999998,0.11576874999999999,0.12335000000000003
33800,2.4431540624999992,0.760225,0.1171375,0.12263749999999997
33900,2.4405359375,0.7583781250000001,0.11836562499999999,0.12325625000000004
34000,2.4410093749999993,0.7581406250000002,0.11743125,0.124428125
34100,2.439670625,0.7569187500000002,0.11772812499999999,0.12535312499999998
34200,2.438474375000001,0.755909375,0.11869687500000003,0.12539375000000003
34300,2.4396425000000006,0.7567812500000001,0.117475,0.12574375
34400,2.441140624999999,0.7578749999999999,0.11712187499999999,0.125003125
34500,2.442144999999999,0.7585624999999999,0.11686875000000002,0.12456875000000003
34600,2.4429656250000003,0.7595187500000002,0.11642499999999999,0.12405624999999998
34700,2.44302375,0.7599999999999998,0.11714687499999997,0.12285312499999997
34800,2.444058749999999,0.7605531249999997,0.116040625,0.12340625
34900,2.445789062500001,0.76159375,0.11532187500000005,0.123084375
35000,2.4466574999999997,0.762365625,0.11460000000000002,0.12303437500000003
35100,2.4476796875,0.7630624999999998,0.11420625000000001,0.12273124999999999
35200,2.447265625000001,0.7630031249999998,0.11452187499999998,0.122475
35300,2.447870000000001,0.7630937499999999,0.11390625000000001,0.12300000000000003
35400,2.4484603125,0.7633687499999999,0.11389062499999998,0.12274062500000005
35500,2.4484559375000003,0.7635375,0.11420625000000005,0.12225624999999997
35600,2.4442865625,0.7609781250000001,0.11650624999999999,0.12251562499999996
35700,2.441155625,0.7593906249999999,0.11865624999999998,0.12195312499999998
35800,2.4389937500000003,0.75829375,0.11975937499999999,0.12194687499999997
35900,2.4364928125,0.7566750000000001,0.12090625000000005,0.12241874999999998
36000,2.4352521874999984,0.755696875,0.12131874999999998,0.12298437500000003
36100,2.4347509374999996,0.75558125,0.12167812500000004,0.122740625
36200,2.434792812500002,0.755446875,0.12134687499999999,0.12320625
36300,2.43629875,0.7561874999999997,0.12023749999999996,0.12357500000000002
36400,2.4390140624999996,0.7577468749999998,0.11890625000000005,0.12334687500000001
36500,2.440355,0.7585156249999999,0.11845937500000002,0.12302500000000004
36600,2.4419256249999997,0.7594937500000003,0.11772187500000002,0.12278437500000008
36700,2.441839999999999,0.7595999999999999,0.11738437499999999,0.123015625
36800,2.4405306249999996,0.7585531249999999,0.11859062500000002,0.12285625
36900,2.4389234374999997,0.7582500000000003,0.11991562499999998,0.12183437500000004
37000,2.4383496875,0.75745,0.11969687499999997,0.12285312499999998
37100,2.4367359375,0.755809375,0.12043749999999998,0.12375312499999999
37200,2.4371271874999993,0.756040625,0.12029999999999999,0.12365937499999995
37300,2.436594375,0.7561531249999999,0.12078124999999999,0.12306562499999998
37400,2.4361528125,0.75543125,0.120790625,0.12377812500000002
37500,2.4350850000000004,0.7551874999999999,0.12147187499999999,0.123340625
37600,2.436709374999999,0.755359375,0.12027499999999999,0.12436562500000004
37700,2.4377881249999995,0.7556531250000001,0.11909687500000002,0.12524999999999997
37800,2.438223437499999,0.7557437500000002,0.11878437500000003,0.12547187499999998
37900,2.4390756250000005,0.7558437500000001,0.11827187500000003,0.125884375
38000,2.4400196874999995,0.7562437499999994,0.11787812500000003,0.12587812499999995
38100,2.4405312500000003,0.7563437500000002,0.117740625,0.125915625
38200,2.4420484374999996,0.7573031250000001,0.117721875,0.12497500000000002
38300,2.4419890624999994,0.757315625,0.117984375,0.12470000000000002
38400,2.4405928125,0.757078125,0.11850625,0.12441562500000003
38500,2.439879687500001,0.7565343750000001,0.11854687500000001,0.12491875
38600,2.4409799999999997,0.7563812500000001,0.11762500000000002,0.12599375
38700,2.4425593749999996,0.7568562500000002,0.116578125,0.12656562500000001
38800,2.4433337500000003,0.7573625000000002,0.11599687499999996,0.12664062499999995
38900,2.4453299999999993,0.758865625,0.11490312500000005,0.12623125000000002
39000,2.4455265625000004,0.7590218749999997,0.11482500000000005,0.12615312499999995
39100,2.446635625,0.7596937500000001,0.11384999999999998,0.12645625
39200,2.4481218749999996,0.7603937500000001,0.11349999999999999,0.12610625000000003
39300,2.44762625,0.760503125,0.11393749999999997,0.12555937499999997
39400,2.4480324999999996,0.760209375,0.11368125,0.12610937499999997
39500,2.4497465625,0.7611124999999997,0.112525,0.12636249999999996
39600,2.4509846875,0.7616218750000002,0.11129687500000005,0.12708125
39700,2.4531015624999997,0.7625843750000002,0.10999374999999995,0.127421875
39800,2.4522406250000004,0.7623874999999997,0.11090624999999998,0.12670625000000002
39900,2.4517015624999994,0.761884375,0.11099999999999999,0.12711562500000004
40000,2.4520462499999995,0.7624968750000001,0.11145625000000002,0.12604687499999997
40100,2.4524040625,0.7628468749999997,0.11143750000000001,0.12571562499999997
40200,2.4507840625000004,0.7625156250000003,0.11301562500000001,0.12446875000000004
40300,2.4495231249999994,0.761540625,0.11384374999999998,0.12461562500000001
40400,2.4452053124999997,0.7586843750000002,0.11635000000000001,0.12496562500000002
40500,2.4430412500000003,0.7573687499999999,0.11757500000000001,0.12505624999999998
40600,2.440499375,0.755709375,0.1185375,0.125753125
40700,2.4386706250000003,0.7541687499999997,0.119875,0.12595625
40800,2.437420625000001,0.75341875,0.12062500000000001,0.12595625
40900,2.4379521874999996,0.75314375,0.11975312499999999,0.12710312499999998
41000,2.4371403125,0.7532249999999999,0.12039687499999999,0.12637812499999998
41100,2.4348228125000007,0.751771875,0.12182812500000002,0.12639999999999998
41200,2.4328740625,0.7503906249999999,0.12268124999999996,0.12692812500000003
41300,2.4312018749999984,0.7497187499999997,0.12330000000000002,0.12698124999999996
41400,2.4306725,0.7490999999999999,0.12377499999999995,0.12712500000000002
41500,2.4301068750000003,0.7489062500000002,0.12357812499999998,0.12751562500000002
41600,2.429270937499999,0.7478499999999999,0.12417500000000001,0.12797499999999998
41700,2.4286268750000004,0.7474812500000002,0.12501249999999997,0.12750624999999996
41800,2.4283996875000002,0.7478125,0.125621875,0.12656562500000007
41900,2.4290012500000002,0.7482937499999999,0.12486250000000003,0.12684374999999995
42000,2.4303400000000006,0.7493250000000002,0.12423124999999996,0.12644375
42100,2.4300412499999995,0.7492906250000002,0.12439375,0.12631562500000001
42200,2.4296724999999997,0.7491906249999999,0.12442187500000002,0.12638749999999999
42300,2.4291490625,0.7491968749999999,0.12482187500000005,0.12598125
42400,2.4303390624999994,0.7495625,0.12413750000000004,0.1263
42500,2.4318271874999997,0.7506093749999999,0.12281874999999995,0.12657187500000003
42600,2.4343068750000003,0.7523624999999999,0.12142499999999999,0.12621249999999998
42700,2.437504374999999,0.7539000000000001,0.11901562500000001,0.12708437499999997
42800,2.4409665624999994,0.7553718750000002,0.116946875,0.12768124999999997
42900,2.4428715624999993,0.7569343749999998,0.11602187500000001,0.12704375000000004
43000,2.4439015625,0.7575374999999995,0.11519687500000002,0.12726562500000002
43100,2.4447565625,0.7582250000000003,0.114640625,0.12713437499999997
43200,2.4466371875,0.7589031250000001,0.11354375000000003,0.12755312500000004
43300,2.4474115624999992,0.7598625,0.113225,0.12691250000000004
43400,2.4482162499999998,0.7604937500000001,0.1131375,0.12636875000000003
43500,2.449290625,0.761384375,0.11301562500000002,0.12559999999999996
43600,2.449105625,0.7612843749999999,0.11335937500000001,0.12535625
43700,2.4493234375000004,0.7620625,0.113446875,0.12449062499999995
43800,2.4482990625,0.761378125,0.114465625,0.12415624999999998
43900,2.44745375,0.7610593750000001,0.11473750000000002,0.124203125
44000,2.4455065625000008,0.7603093750000001,0.11630312500000003,0.1233875
44100,2.4433999999999996,0.75855625,0.11670937499999999,0.12473437500000004
44200,2.4434459374999995,0.75819375,0.11667499999999999,0.12513125
44300,2.4434103124999997,0.7591000000000002,0.11757499999999999,0.12332500000000002
44400,2.44187375,0.7576750000000002,0.117459375,0.12486562500000001
44500,2.4409324999999997,0.7564375000000001,0.11773437500000003,0.12582812499999999
44600,2.4405346875000005,0.7566093750000001,0.11780312500000004,0.12558749999999994
44700,2.4397406249999993,0.7556937500000002,0.11790312500000003,0.12640312499999998
44800,2.4397309374999994,0.7555281250000001,0.11865000000000006,0.125821875
44900,2.4406853125,0.7566406250000002,0.11843437500000001,0.124925
45000,2.440779375,0.756578125,0.11834062499999998,0.12508125
45100,2.4405231250000003,0.7564875000000001,0.11792812500000005,0.12558437499999997
45200,2.4402065625,0.7566562500000001,0.11794687499999996,0.125396875
45300,2.4394549999999997,0.7561343749999999,0.118475,0.125390625
45400,2.4399274999999996,0.7568281250000001,0.11882187500000001,0.12435000000000002
45500,2.440628750000001,0.7571531249999998,0.11880312500000002,0.12404374999999997
45600,2.4421899999999988,0.7579906249999999,0.117646875,0.12436249999999999
45700,2.4429759375000017,0.758715625,0.11707499999999998,0.12420937499999998
45800,2.445015000000001,0.759575,0.11537812499999998,0.12504687500000003
45900,2.4462862499999996,0.7603468750000003,0.11481875000000001,0.12483437500000001
46000,2.4463390624999994,0.7602781249999999,0.11494687499999998,0.12477499999999998
46100,2.447660625,0.7612874999999997,0.11443749999999997,0.12427500000000002
46200,2.448152812499999,0.7612343750000002,0.11458437499999999,0.12418125
46300,2.447064374999999,0.7605687500000002,0.11495937499999997,0.12447187499999998
46400,2.4459321874999995,0.75955625,0.11538437499999996,0.12505937500000003
46500,2.4447975,0.7586906250000001,0.11578749999999999,0.125521875
46600,2.445863124999999,0.7589156249999999,0.1146875,0.12639687499999996
46700,2.4461828125,0.759671875,0.11506874999999997,0.12525937500000003
46800,2.4459050000000007,0.7591562500000002,0.115325,0.12551875
46900,2.444530624999999,0.7585343750000001,0.115790625,0.125675
47000,2.4452343749999996,0.7588687500000002,0.11504687499999999,0.126084375
47100,2.4446240624999995,0.7587843749999997,0.11566874999999999,0.12554687500000003
47200,2.4439571874999997,0.7582218749999997,0.11633125000000001,0.12544687499999999
47300,2.442245312500001,0.7569281250000003,0.11717500000000003,0.12589687499999996
47400,2.4421496875000006,0.7563968750000001,0.11683437500000002,0.12676875
47500,2.4407884375,0.755265625,0.11784062500000003,0.12689374999999997
47600,2.43767875,0.7537375,0.12025312499999997,0.12600937500000003
47700,2.4340312499999994,0.7521062499999999,0.12282499999999999,0.12506875
47800,2.4302337499999993,0.7492781250000002,0.124859375,0.12586250000000002
47900,2.427510624999999,0.747425,0.12575624999999999,0.12681875
48000,2.4238800000000014,0.7452124999999998,0.12746875,0.12731874999999998
48100,2.4222621875,0.743434375,0.12789687500000005,0.12866875
48200,2.4219146875,0.7429562499999999,0.12758749999999996,0.12945625000000008
48300,2.423697499999999,0.7443187499999999,0.12729062500000005,0.128390625
48400,2.4240915624999992,0.7453250000000001,0.12744687500000002,0.12722812500000005
48500,2.4249778124999994,0.746075,0.12687812499999998,0.12704687500000003
48600,2.4270524999999994,0.7468531249999999,0.12496562500000001,0.12818125000000005
48700,2.429584687500001,0.7484874999999999,0.12344062499999997,0.128071875
48800,2.4322553125,0.7497406249999998,0.122153125,0.12810624999999998
48900,2.435097499999999,0.75174375,0.12009375000000005,0.1281625
49000,2.438063125,0.7538406249999999,0.11940937500000004,0.12675
49100,2.441395000000001,0.7562312499999999,0.11762187500000003,0.12614687500000002
49200,2.4430296875,0.7577718750000003,0.11679687500000001,0.12543124999999997
49300,2.4459471875,0.7596937499999998,0.11557187499999996,0.124734375
49400,2.44675125,0.7603406250000001,0.11538124999999998,0.12427812500000002
49500,2.4473578125,0.7607750000000001,0.11452812500000005,0.12469687500000003
49600,2.449320312500001,0.7609000000000001,0.11269687499999999,0.12640312499999998
49700,2.4499974999999994,0.7612031250000001,0.112259375,0.1265375
49800,2.4503912499999996,0.76123125,0.11216562499999998,0.12660312499999998
49900,2.450386875,0.761209375,0.11220625,0.126584375
50000,2.4504353125000002,0.7613468749999999,0.11242812500000003,0.12622499999999998
50100,2.449626249999999,0.7615437499999999,0.11310312499999997,0.12535312499999998
50200,2.4490906250000006,0.7611156249999999,0.113646875,0.1252375
50300,2.449059375,0.7610562500000002,0.11375312499999998,0.12519062499999997
50400,2.4479965625,0.7601062499999999,0.11408124999999998,0.12581250000000002
50500,2.4477978125,0.7595875,0.113828125,0.12658437499999997
50600,2.4479118750000004,0.7596312500000002,0.11363124999999998,0.1267375
50700,2.449171562500001,0.7604250000000002,0.112715625,0.126859375
50800,2.4501237500000004,0.7613,0.11263750000000003,0.1260625
50900,2.4511390625000007,0.7618093749999997,0.11196874999999999,0.12622187499999998
51000,2.4526515624999994,0.7627937499999998,0.11166562500000002,0.125540625
51100,2.451853437499999,0.7623875000000001,0.11209999999999996,0.12551249999999997
51200,2.450222187499999,0.7613624999999999,0.11321562500000003,0.125421875
51300,2.4492378125,0.759553125,0.11304375,0.12740312499999998
51400,2.4487696875000005,0.759590625,0.11416874999999999,0.126240625
51500,2.447723437499999,0.7591625,0.11434375000000002,0.12649375
51600,2.4481781249999996,0.75925,0.11446249999999997,0.1262875
51700,2.4487696874999996,0.7598906249999999,0.11369999999999998,0.12640937499999996
51800,2.4495234375000003,0.7601093750000003,0.11281562499999999,0.127075
51900,2.4500434375,0.7605812500000001,0.11327499999999996,0.12614374999999997
52000,2.4499953125,0.7602249999999998,0.11384375,0.12593125
52100,2.4490221874999993,0.7604781249999999,0.11500937499999997,0.12451249999999996
52200,2.4477949999999997,0.7598999999999998,0.11530625,0.12479374999999998
52300,2.446338125000001,0.7588812499999997,0.11589375000000002,0.12522499999999995
52400,2.4453578125000006,0.7585218750000001,0.11647812500000002,0.125
52500,2.4435546875000003,0.7573750000000001,0.11738125000000003,0.12524375000000001
52600,2.4434515624999995,0.7569281250000001,0.11706562500000006,0.12600625000000001
52700,2.4428906249999995,0.7562875,0.11732187499999999,0.12639062499999998
52800,2.4424990625,0.7557874999999997,0.11726874999999999,0.12694374999999997
52900,2.4414315625,0.7548062500000001,0.11738437500000001,0.127809375
53000,2.4412434375000003,0.7542968750000002,0.11761875,0.12808437499999997
53100,2.4398150000000003,0.7530218750000002,0.1185125,0.128465625
53200,2.440114062500001,0.7534249999999999,0.11869375000000001,0.12788124999999997
53300,2.4390953125000006,0.7533718749999999,0.119271875,0.12735625
53400,2.43777625,0.752796875,0.120128125,0.12707500000000002
53500,2.4367959375,0.75201875,0.12049062499999998,0.12749062499999997
53600,2.4350718749999993,0.7509343749999999,0.12151562499999996,0.12755000000000002
53700,2.4340993749999997,0.7503562500000002,0.122309375,0.12733437499999997
