step,mean_aspect_ratio,fraction_elongated,fraction_round,fraction_binary
100,1.0,0.0,1.0,0.0
200,1.9673118749999996,0.265590625,0.08826250000000001,0.6461468749999999
300,2.1805381249999995,0.49218125,0.1383125,0.3695062499999999
400,2.2319790625,0.570153125,0.15914062499999998,0.27070625000000004
500,2.2375612499999997,0.5926375000000002,0.17217500000000005,0.23518749999999997
600,2.2314743750000003,0.5999249999999998,0.18391874999999996,0.21615625
700,2.22530625,0.6002031250000001,0.19173125,0.208065625
800,2.2193821875,0.6008562499999999,0.19825937499999996,0.20088437499999998
900,2.2155212500000006,0.600634375,0.20269375000000003,0.19667187500000008
1000,2.2121718750000006,0.6008812499999999,0.20739687499999995,0.19172187499999999
1100,2.2105356249999994,0.6015624999999998,0.20978437499999994,0.18865312500000003
1200,2.2111828124999997,0.603096875,0.21075937500000003,0.18614375000000002
1300,2.212826250000001,0.6050343749999999,0.2102937500000001,0.184671875
1400,2.2152415625000006,0.6070687499999997,0.209821875,0.18310937500000007
1500,2.2169118750000005,0.6084093750000001,0.21068750000000003,0.180903125
1600,2.215970312500001,0.6087843750000003,0.21224999999999997,0.17896562500000004
1700,2.2130165625000005,0.6079656250000001,0.21539375000000002,0.17664062500000002
1800,2.2095984374999995,0.6064187499999999,0.218040625,0.17554062500000012
1900,2.2086534375,0.6067718749999997,0.22011562500000004,0.17311249999999997
2000,2.2094968749999992,0.606621875,0.21987812500000004,0.17350000000000002
2100,2.2088596874999995,0.607184375,0.22104687500000003,0.17176875
2200,2.20820625,0.608278125,0.22250000000000003,0.16922187499999997
2300,2.206792187499999,0.6076875,0.22496562499999997,0.16734687499999998
2400,2.203725,0.60631875,0.22656875000000004,0.16711250000000002
2500,2.2020593749999997,0.6061624999999999,0.22896875000000005,0.16486874999999998
2600,2.2018109375,0.6053499999999999,0.2284593749999999,0.16619062500000004
2700,2.2012340624999998,0.60555,0.22899375000000002,0.16545624999999994
2800,2.2040190625,0.6071281249999999,0.2277875,0.165084375
2900,2.2047624999999997,0.6080562500000003,0.22865625,0.16328750000000003
3000,2.2067815625000007,0.608615625,0.2271031249999999,0.16428125000000007
3100,2.208165,0.6095999999999999,0.22797812499999998,0.16242187500000002
3200,2.207294062499999,0.610078125,0.22954375000000007,0.160378125
3300,2.2055834375,0.60915,0.23090312499999993,0.15994687499999996
3400,2.2047125000000007,0.6084312500000002,0.23129687500000007,0.16027187499999995
3500,2.2053178125000006,0.6088562499999999,0.23031249999999992,0.16083124999999995
3600,2.206446562500001,0.6099562499999999,0.23099062499999998,0.159053125
3700,2.2086956249999994,0.6116031250000001,0.22969374999999997,0.15870312500000003
3800,2.2108306250000003,0.6130937500000003,0.2293,0.15760625
3900,2.2116471875,0.6138125000000001,0.228678125,0.157509375
4000,2.2131353125000004,0.614865625,0.22784062499999996,0.15729375000000004
4100,2.2140271875,0.6148343749999999,0.2276656250000001,0.15749999999999997
4200,2.2177700000000007,0.6170125,0.22588437499999997,0.15710312499999998
4300,2.2202821875,0.6185749999999997,0.22402812499999997,0.15739687500000002
4400,2.2221665625,0.6194468750000004,0.223496875,0.15705624999999993
4500,2.2245640625000003,0.6200812500000001,0.22274687499999998,0.157171875
4600,2.224416562500001,0.619471875,0.22278125,0.157746875
4700,2.2266181250000003,0.6213625000000004,0.22209062499999999,0.15654687499999997
4800,2.2287790624999997,0.62278125,0.22098125,0.15623750000000003
4900,2.2311012499999996,0.6240625000000002,0.21970937500000007,0.15622812500000008
5000,2.2320287500000004,0.6248718749999999,0.21962500000000001,0.155503125
5100,2.2343990625000005,0.6264437500000001,0.21863125,0.15492499999999998
5200,2.2363399999999998,0.627828125,0.217971875,0.15420000000000003
5300,2.2386765625000002,0.6294374999999997,0.21570937499999998,0.15485312499999998
5400,2.2412443749999995,0.6303562500000001,0.214584375,0.15505937500000003
5500,2.2445103125,0.6321999999999999,0.213684375,0.15411562499999995
5600,2.245302187500001,0.632590625,0.2136812500000001,0.15372812499999997
5700,2.245285312500001,0.6332031250000003,0.21502812499999993,0.15176874999999992
5800,2.2439384375,0.6330593749999999,0.21566874999999996,0.15127187499999997
5900,2.2451975000000006,0.6336812500000002,0.21527812500000001,0.15104062499999996
6000,2.245925624999999,0.6340843750000003,0.215234375,0.15068125000000002
6100,2.2459803125,0.6347781249999997,0.21584687500000005,0.149375
6200,2.245346250000001,0.6343093749999998,0.21675937500000003,0.14893125
6300,2.2449687499999995,0.63455,0.217584375,0.14786562499999997
6400,2.243806875,0.6334249999999999,0.21844999999999998,0.14812500000000003
6500,2.243738125000001,0.6337531249999998,0.21843749999999998,0.147809375
6600,2.2424606249999997,0.6329062500000002,0.21898125,0.1481125
6700,2.24354,0.634103125,0.21860625000000009,0.147290625
6800,2.2454815625,0.634775,0.217778125,0.14744687499999992
6900,2.2471550000000002,0.6363,0.21652187499999997,0.14717812500000002
7000,2.25155375,0.6384750000000001,0.21454375000000003,0.14698124999999998
7100,2.2531550000000005,0.6389250000000001,0.21330000000000005,0.147775
7200,2.2555781249999995,0.64010625,0.21151874999999995,0.14837499999999998
7300,2.2576415625000004,0.6406781250000003,0.20933750000000004,0.14998437499999998
7400,2.2603990624999994,0.6420875000000001,0.20755624999999997,0.15035625000000002
7500,2.2631803124999994,0.6428312500000001,0.2058125,0.15135625000000005
7600,2.2642915625000004,0.6429124999999998,0.20545937499999997,0.151628125
7700,2.2650506249999998,0.6428406250000002,0.20498750000000002,0.152171875
7800,2.2670393750000004,0.6428781249999999,0.20329062499999997,0.15383124999999995
7900,2.2695568749999993,0.645096875,0.20258125000000013,0.15232187499999997
8000,2.270936875,0.64603125,0.20247812499999993,0.15149062499999996
8100,2.2715053124999995,0.6463718750000002,0.20279062499999997,0.15083750000000004
8200,2.2718634374999995,0.647659375,0.20398437500000002,0.14835624999999997
8300,2.2711762499999995,0.647459375,0.20332187500000004,0.14921874999999998
8400,2.27000125,0.64624375,0.20414374999999998,0.14961249999999998
8500,2.2670628124999994,0.6455437500000003,0.206859375,0.14759687500000004
8600,2.2658328125000007,0.6442656250000001,0.20764062499999997,0.14809374999999997
8700,2.2642240625,0.6434093750000001,0.20846250000000005,0.14812812500000003
8800,2.2635346874999995,0.6430750000000001,0.2096812500000001,0.14724374999999992
8900,2.261948125,0.6423968750000001,0.210503125,0.14710000000000006
9000,2.2614509374999994,0.6415125000000002,0.21045937500000003,0.14802812499999998
9100,2.261713124999999,0.641621875,0.210178125,0.14819999999999994
9200,2.2613006250000005,0.6414625,0.21035625000000002,0.14818125000000007
9300,2.2598000000000003,0.6409124999999999,0.21099374999999998,0.14809375000000002
9400,2.2604428124999996,0.6409031249999998,0.21052499999999996,0.14857187500000008
9500,2.2599350000000005,0.6401781249999998,0.21022500000000002,0.149596875
9600,2.260275312500001,0.6406562500000001,0.210525,0.14881875000000006
9700,2.2627459374999996,0.6422374999999999,0.20968125000000004,0.14808125000000003
9800,2.2646996875000003,0.6439312500000002,0.20913750000000006,0.14693124999999996
9900,2.2663256249999995,0.6447812500000001,0.2077,0.14751875000000003
10000,2.267953125,0.6457093750000003,0.20645312499999996,0.14783750000000004
10100,2.270604375,0.6471875,0.20484687499999998,0.14796562500000002
10200,2.2735587499999994,0.6487125000000002,0.20290624999999995,0.14838124999999996
10300,2.2754865624999994,0.6493156250000002,0.20140625000000004,0.14927812499999998
10400,2.274394062500001,0.6487624999999998,0.20218125000000003,0.14905624999999992
10500,2.2749984375,0.6488781249999998,0.2019625,0.14915937499999998
10600,2.2763334375000017,0.6493843749999999,0.20126875,0.149346875
10700,2.276026875,0.649409375,0.201825,0.148765625
10800,2.2772003125,0.6499937500000003,0.20075625,0.14925000000000005
10900,2.27850875,0.6498468749999999,0.19925312500000003,0.15089999999999992
11000,2.2797931250000003,0.6503531250000001,0.198125,0.15152187499999997
11100,2.2807562500000005,0.6507000000000001,0.1983625,0.15093749999999997
11200,2.2817940624999995,0.6510968749999998,0.19719374999999997,0.15170937499999995
11300,2.2839034375000002,0.6525125000000002,0.19625937499999996,0.15122812499999996
11400,2.2846078125000004,0.6533000000000001,0.19631874999999996,0.15038124999999997
11500,2.2862796874999995,0.65431875,0.19516875000000003,0.1505125
11600,2.286989375,0.6546875000000003,0.19480937499999995,0.150503125
11700,2.2869450000000007,0.6542062499999997,0.1952875,0.15050625
11800,2.2860940625,0.6542468749999999,0.195771875,0.14998124999999995
11900,2.28646375,0.6544968750000002,0.19568437499999997,0.14981875
12000,2.285216875,0.6537906249999998,0.19667187499999994,0.14953750000000002
12100,2.2847715625,0.6535437500000002,0.19653125000000007,0.149925
12200,2.2845725000000003,0.653434375,0.19638124999999998,0.150184375
12300,2.2859081249999993,0.6534062500000002,0.19574375000000002,0.15085
12400,2.2866215625,0.654046875,0.19649374999999997,0.14945937499999998
12500,2.287234375,0.6548437500000002,0.1968468750000001,0.14830937500000002
12600,2.2864653125000007,0.6550468750000001,0.198196875,0.14675624999999998
12700,2.2847809375000003,0.6540781250000001,0.19840937499999997,0.14751249999999996
12800,2.2850578125,0.6536750000000001,0.1975125,0.1488125
12900,2.2844628125000006,0.652725,0.19766875000000006,0.14960624999999997
13000,2.2836212500000004,0.6523906249999999,0.19796874999999997,0.14964062500000003
13100,2.2840193750000006,0.6520468749999999,0.19723125,0.150721875
13200,2.2842253125000003,0.6520718750000001,0.19665625,0.151271875
13300,2.2863409375,0.6527093750000003,0.19515625000000006,0.152134375
13400,2.2870931249999997,0.653428125,0.19490937500000002,0.15166249999999998
13500,2.2891471875,0.6536437499999999,0.192928125,0.153428125
13600,2.2905740624999997,0.6547874999999999,0.192384375,0.152828125
13700,2.2923471875,0.6560468749999996,0.191128125,0.152825
13800,2.2942340625000006,0.6569749999999999,0.19028125,0.15274374999999998
13900,2.2959334375,0.6583218750000002,0.19026562500000005,0.1514125
14000,2.2977715624999995,0.6589218750000001,0.18866249999999996,0.152415625
14100,2.2983549999999995,0.659140625,0.18864062499999995,0.15221874999999999
14200,2.2992490625000004,0.6601843750000002,0.18834062499999993,0.15147499999999997
14300,2.299106249999999,0.66089375,0.18850000000000006,0.15060624999999997
14400,2.2986621875,0.6602281249999998,0.18957187499999995,0.1502
14500,2.2982640625,0.659803125,0.18978437500000003,0.1504125
14600,2.2976818750000008,0.659696875,0.18992812499999995,0.15037499999999998
14700,2.296535,0.6592374999999999,0.19153750000000005,0.14922500000000002
14800,2.2964509375,0.6589375000000001,0.19116875000000003,0.14989374999999996
14900,2.2949521875,0.6593187500000001,0.19327499999999997,0.14740625
15000,2.2919928125,0.6582250000000001,0.19473125,0.14704374999999997
15100,2.291224062499999,0.6577312499999999,0.19566562500000004,0.14660312499999995
15200,2.290096562499999,0.6563312500000001,0.19598437500000002,0.14768437500000003
15300,2.2862168750000005,0.6538500000000002,0.19803125000000005,0.14811875000000002
15400,2.283583437499999,0.6525906250000001,0.19990625,0.147503125
15500,2.281558125000001,0.6517312499999998,0.201240625,0.14702812500000004
15600,2.281194374999999,0.6517781249999998,0.20134999999999997,0.146871875
15700,2.2792834374999997,0.651275,0.202925,0.14579999999999999
15800,2.2785075000000004,0.65023125,0.20212187499999998,0.14764687499999998
15900,2.2797425000000002,0.650528125,0.20035,0.14912187500000001
16000,2.2822581249999994,0.6512531250000001,0.19855937499999998,0.15018749999999997
16100,2.2857646875,0.6534874999999998,0.19709375,0.14941874999999993
16200,2.2867996875000003,0.6542593750000002,0.19671875,0.14902187499999997
16300,2.2880112500000007,0.6546968749999998,0.195459375,0.14984374999999997
16400,2.29073875,0.656021875,0.19359375000000004,0.15038437500000001
16500,2.292848437499999,0.6573750000000002,0.19290624999999997,0.14971875000000007
16600,2.2941518750000007,0.6582374999999999,0.19195937500000002,0.149803125
16700,2.2942209375,0.6586750000000001,0.19274374999999996,0.14858124999999997
16800,2.2928546875,0.6576812499999998,0.19299999999999995,0.14931875
16900,2.2942859375000006,0.658375,0.19178749999999997,0.14983749999999998
17000,2.2974228125000002,0.6603500000000002,0.18906250000000002,0.1505875
17100,2.3001790625,0.6618124999999998,0.18861250000000007,0.149575
17200,2.301036875,0.6620625,0.18853125000000004,0.14940625000000002
17300,2.3014875,0.663371875,0.18802187500000003,0.14860625
17400,2.3023125,0.6630937500000001,0.187121875,0.14978437500000003
17500,2.3030900000000005,0.6631343749999999,0.18685000000000002,0.150015625
17600,2.303280000000001,0.6632906249999998,0.18792500000000004,0.148784375
17700,2.3027946874999996,0.662925,0.18855937499999997,0.148515625
17800,2.3011853124999995,0.6618937500000001,0.1897875,0.14831874999999997
17900,2.2984615624999996,0.6599750000000004,0.19103749999999997,0.1489875
18000,2.29562125,0.6578312500000001,0.19249375,0.14967500000000003
18100,2.2943796875,0.6570968749999999,0.19327499999999997,0.14962812500000003
18200,2.293990625,0.6567125000000001,0.192728125,0.15055937500000002
18300,2.2931040625,0.6555812500000001,0.193453125,0.15096562499999994
18400,2.2939446875000002,0.6567187499999998,0.19358124999999995,0.14969999999999997
18500,2.2938328125000003,0.6571000000000001,0.1943875,0.14851250000000008
18600,2.2922215624999995,0.6569062500000001,0.19576249999999995,0.14733125
18700,2.2921940625,0.6566781250000001,0.195859375,0.1474625
18800,2.2931406250000013,0.6570875000000003,0.19395000000000004,0.14896249999999997
18900,2.2945371875000005,0.6575093750000001,0.193378125,0.14911249999999998
19000,2.295848125,0.6578031250000003,0.19249062499999997,0.14970625000000004
19100,2.296104374999999,0.65809375,0.19275625000000002,0.14914999999999995
19200,2.294437500000001,0.6578375,0.19370625,0.14845624999999998
19300,2.2931725,0.6570906250000003,0.19409375000000006,0.14881562499999995
19400,2.2914353125000004,0.6555781249999999,0.19443124999999997,0.149990625
19500,2.290746875,0.6550468749999997,0.19484374999999998,0.150109375
19600,2.2900368749999997,0.6544906250000001,0.1951875000000001,0.15032187500000002
19700,2.28929625,0.6537437500000001,0.19646875000000003,0.14978750000000005
19800,2.2885125,0.6534781250000001,0.19729999999999995,0.14922187500000006
19900,2.2867756249999998,0.652759375,0.19896874999999997,0.14827187500000005
20000,2.283514687499999,0.6512249999999999,0.20067812499999998,0.148096875
20100,2.2808562500000003,0.6500937500000001,0.20176875000000008,0.14813749999999998
20200,2.2818693750000008,0.650253125,0.2004468749999999,0.14930000000000002
20300,2.28290875,0.6501562500000001,0.19914687500000006,0.15069687499999998
20400,2.284371250000001,0.6520749999999997,0.19850312500000006,0.149421875
20500,2.2846306249999992,0.6526125000000002,0.19863437499999992,0.14875312499999999
20600,2.2868134375000007,0.6536031250000001,0.19735312499999996,0.14904375000000003
20700,2.2882096875000006,0.654990625,0.19714062499999996,0.14786875000000008
20800,2.290095312499999,0.6558281250000001,0.19588749999999996,0.14828437500000005
20900,2.292204375,0.65718125,0.194621875,0.148196875
21000,2.2935815625000004,0.6578031249999999,0.19443125000000003,0.147765625
21100,2.2953390625,0.6590718750000002,0.19344374999999997,0.14748437500000006
21200,2.2969803124999992,0.6603968750000001,0.192209375,0.14739375000000002
21300,2.297936874999999,0.6611250000000001,0.19195000000000004,0.146925
21400,2.299766875,0.6622374999999998,0.191028125,0.14673437499999997
21500,2.3011931250000006,0.6626062500000002,0.18985312499999998,0.14754062499999998
21600,2.3031040624999997,0.66359375,0.18869062499999995,0.147715625
21700,2.3034974999999998,0.663478125,0.18814062499999995,0.14838125000000002
21800,2.3038668749999993,0.6633062500000002,0.18770937500000007,0.14898437499999997
21900,2.303585625,0.6634906249999999,0.18795937499999993,0.14855
22000,2.3032099999999995,0.662971875,0.188621875,0.14840625000000002
22100,2.3032131249999996,0.66316875,0.18905937499999997,0.14777187500000002
22200,2.3033246875000004,0.66356875,0.18858437500000005,0.14784687499999996
22300,2.3039875,0.6636312499999999,0.18789375000000005,0.148475
22400,2.3032050000000006,0.6635562500000001,0.18801874999999998,0.14842499999999997
22500,2.303205625,0.6633156250000001,0.188375,0.14830937500000002
22600,2.306082187500001,0.664634375,0.18608437500000002,0.14928125000000003
22700,2.3084978125,0.6661218750000002,0.18471249999999995,0.14916562500000002
22800,2.3114534375,0.6681625000000002,0.18331562499999995,0.14852187499999997
22900,2.312639375,0.669190625,0.18281874999999997,0.147990625
23000,2.3133703125000005,0.6690937499999999,0.1822875,0.14861875000000002
23100,2.312824375000001,0.66848125,0.182646875,0.14887187499999996
23200,2.312093124999999,0.668409375,0.18330625000000003,0.1482843749999999
23300,2.3110137499999994,0.6677687499999999,0.18392812499999997,0.14830312500000006
23400,2.3119100000000006,0.668271875,0.18373750000000003,0.14799062499999993
23500,2.3116606249999996,0.6685437500000001,0.18375000000000005,0.14770624999999996
23600,2.31057625,0.6674312499999999,0.1849875,0.14758125000000002
23700,2.3097196875,0.6671374999999998,0.18579374999999998,0.14706874999999997
23800,2.307243125,0.66630625,0.18768749999999998,0.14600625
23900,2.3066884375,0.6657281250000001,0.18730937500000003,0.14696250000000002
24000,2.307137187500001,0.666996875,0.18751562499999994,0.1454875
24100,2.3077143749999998,0.6672406250000001,0.186896875,0.14586249999999995
24200,2.3087178125,0.6676093750000001,0.18596250000000003,0.1464281249999999
24300,2.3105431250000006,0.6681687500000001,0.18519687499999998,0.14663437499999998
24400,2.3097653125,0.6675843749999999,0.18582812499999996,0.14658750000000004
24500,2.3099790625000005,0.6677624999999999,0.185209375,0.147028125
24600,2.310265624999998,0.6673374999999999,0.184690625,0.14797187500000003
24700,2.3121815624999997,0.6691093750000003,0.18324375000000004,0.14764687499999998
24800,2.3143178125,0.6696749999999998,0.18158125,0.14874374999999998
24900,2.3173587500000004,0.6712968749999999,0.17993750000000003,0.148765625
25000,2.3195675,0.6724156250000003,0.17851562499999998,0.14906874999999997
25100,2.321314687500001,0.6738,0.17830312499999998,0.14789687499999996
25200,2.322885937500001,0.674353125,0.17788124999999994,0.147765625
25300,2.3236309375,0.6750562499999998,0.17778750000000013,0.14715625
25400,2.3237343750000004,0.6748468749999998,0.17782499999999998,0.147328125
25500,2.3230996874999996,0.6748843750000001,0.17804374999999997,0.147071875
25600,2.31988875,0.672565625,0.18022499999999997,0.14720937500000003
25700,2.318008125,0.6711406249999999,0.18177812499999998,0.14708125000000002
25800,2.3165662499999993,0.6703375000000003,0.18259999999999993,0.14706249999999998
25900,2.3159868749999992,0.66930625,0.18207812500000004,0.14861562499999997
26000,2.3168965624999998,0.6691968749999999,0.181134375,0.14966874999999996
26100,2.3162243750000004,0.6688406250000002,0.18137187500000002,0.14978749999999996
26200,2.3155874999999995,0.6685374999999998,0.18144062500000002,0.150021875
26300,2.3154678124999997,0.6691968750000002,0.18234374999999997,0.14845937500000003
26400,2.3148599999999995,0.6691781249999998,0.18268125000000002,0.14814062500000003
26500,2.3153093750000004,0.6700093749999998,0.18254999999999996,0.14744062500000002
26600,2.3148634375000006,0.6699718749999999,0.18339375000000002,0.14663437500000004
26700,2.315011562499999,0.6700062499999999,0.18309374999999997,0.1469
26800,2.3139837500000002,0.6690375000000002,0.18375937500000003,0.14720312500000005
26900,2.3127443750000003,0.667953125,0.18443437499999996,0.14761250000000004
27000,2.3115340625,0.6668687499999998,0.1847,0.14843125000000004
27100,2.3093587499999986,0.665646875,0.18593437499999999,0.14841875000000002
27200,2.3088515625,0.6653406249999999,0.18541250000000006,0.149246875
27300,2.3097121874999997,0.6656906249999999,0.18500625,0.149303125
27400,2.3112643749999995,0.6664781249999998,0.18433437500000002,0.14918750000000003
27500,2.3135118749999997,0.668240625,0.18304062500000004,0.14871875
27600,2.3157625000000004,0.669425,0.18175312499999996,0.14882187500000002
27700,2.3167393749999996,0.6709093749999999,0.18198125,0.147109375
27800,2.316256875,0.6708406250000002,0.18228750000000002,0.146871875
27900,2.3154971874999997,0.6703843749999999,0.18208437500000002,0.14753124999999997
28000,2.315230625,0.6695343749999999,0.18189999999999995,0.14856562499999998
28100,2.3163834374999994,0.67064375,0.18135937499999996,0.14799687500000006
28200,2.317888749999999,0.6710374999999997,0.18026250000000002,0.1487
28300,2.3183965625000003,0.671309375,0.17918437499999995,0.14950624999999995
28400,2.3191249999999997,0.672290625,0.17926874999999995,0.14844062500000002
28500,2.3205834375,0.672940625,0.17904375000000006,0.14801562499999998
28600,2.319730312499999,0.6726968750000002,0.179984375,0.14731875000000003
28700,2.317903124999999,0.6720312499999999,0.18123750000000005,0.14673124999999998
28800,2.316065,0.6707250000000002,0.18222187499999998,0.14705312500000003
28900,2.3140724999999995,0.6701906249999999,0.184009375,0.1458
29000,2.3126115625000008,0.66921875,0.18505000000000005,0.14573125
29100,2.3118475000000003,0.6678968749999998,0.18453125,0.14757187500000002
29200,2.3105959375000005,0.6665062500000002,0.18438749999999995,0.14910625000000005
29300,2.3115346875000005,0.6663749999999999,0.1830375,0.15058749999999993
29400,2.311573749999999,0.6659312499999999,0.18278124999999992,0.15128749999999996
29500,2.3121028125,0.667140625,0.18328124999999995,0.14957812499999998
29600,2.3126559375,0.6673468750000001,0.18346875000000004,0.14918437499999998
29700,2.3119899999999993,0.6674375000000001,0.1844125,0.14815
29800,2.3112206250000003,0.6673812499999999,0.18514687499999996,0.147471875
29900,2.3118987500000006,0.6675625,0.18453125000000004,0.14790625000000002
30000,2.3134196875000006,0.6690656250000002,0.18419375000000002,0.14674062499999996
30100,2.3139506250000004,0.6692656249999995,0.18445937499999998,0.14627499999999996
30200,2.313204375,0.6695312500000001,0.18498124999999996,0.1454875
30300,2.3128915625,0.66906875,0.18463125000000002,0.14629999999999999
30400,2.3139915625000005,0.6694593749999999,0.18368125000000002,0.14685937500000001
30500,2.314758125000001,0.6699218749999998,0.18323125000000004,0.14684687499999996
30600,2.3155062500000003,0.6701281249999999,0.18241875000000002,0.14745312499999996
30700,2.3153825,0.6702031249999999,0.18260625,0.147190625
30800,2.3159715625,0.6713124999999999,0.18163125000000002,0.14705625
30900,2.31655125,0.6712906249999999,0.18129062499999998,0.14741875
31000,2.3164990625000015,0.6712156250000002,0.18109062499999998,0.14769375
31100,2.317749687499999,0.671759375,0.18045625000000004,0.1477843750000001
31200,2.3196374999999994,0.6728937499999998,0.179315625,0.14779062500000004
31300,2.3201112500000005,0.6725249999999999,0.17889687499999998,0.14857812500000012
31400,2.3214159375,0.6738375,0.17888124999999996,0.14728125
31500,2.3214996875,0.6744843750000001,0.178978125,0.14653750000000004
31600,2.3226749999999985,0.6751249999999999,0.17867500000000003,0.14620000000000002
31700,2.3212009375,0.6739625000000002,0.17916875000000002,0.14686874999999996
31800,2.3208212500000003,0.6732218749999999,0.17905937500000008,0.14771875
31900,2.3206453125,0.672646875,0.17972187499999998,0.14763125
32000,2.3206265624999993,0.6728312500000001,0.17970312499999994,0.14746562500000002
32100,2.3200299999999996,0.672721875,0.18027499999999994,0.14700312499999996
32200,2.3195665625,0.672303125,0.18014375,0.14755312499999995
32300,2.3192803125000006,0.6723093749999999,0.17978125000000003,0.147909375
32400,2.3197081250000005,0.6724437499999999,0.17981875000000003,0.14773750000000002
32500,2.3203928124999997,0.6722906250000001,0.17964062499999997,0.14806874999999997
32600,2.320405,0.6724468749999999,0.17995625,0.14759687500000002
32700,2.32158875,0.6726093749999997,0.1791812500000001,0.14820937499999998
32800,2.3208490625000002,0.6721093749999999,0.17938125000000002,0.14850937499999994
32900,2.3190521874999996,0.6707718749999998,0.18026874999999998,0.14895937500000006
33000,2.3170146874999995,0.6699343750000001,0.18180625,0.14825937500000003
33100,2.3169328125000006,0.6696937500000002,0.181884375,0.14842187499999995
33200,2.3159359374999995,0.66911875,0.18183125000000003,0.14905000000000002
33300,2.3161796875000005,0.669125,0.18230937500000005,0.148565625
33400,2.3162037500000006,0.66940625,0.18159062500000003,0.14900312500000001
33500,2.318667500000001,0.6710031250000001,0.18040625,0.14859062500000003
33600,2.3192465624999996,0.6710937499999999,0.18069687500000006,0.14820937499999998
33700,2.3186950000000004,0.6706062500000002,0.1801499999999999,0.14924375
33800,2.3186606250000006,0.6707062500000003,0.18087812499999995,0.148415625
33900,2.3164693750000005,0.6697250000000003,0.181940625,0.148334375
34000,2.3149475,0.6683906250000001,0.18313749999999995,0.14847187500000003
34100,2.314235,0.6675156250000001,0.18321250000000003,0.14927187499999997
34200,2.3151050000000004,0.6679468749999999,0.1824625,0.14959062500000003
34300,2.3165815624999997,0.6686749999999999,0.18143437499999995,0.14989062499999997
34400,2.3157937500000005,0.6681562500000001,0.1813375,0.15050625000000004
34500,2.3160509375,0.6681093749999999,0.18109062499999995,0.1508
34600,2.3154353124999987,0.6677593750000002,0.1818031249999999,0.1504375
34700,2.3136328125000003,0.6665750000000003,0.18259999999999996,0.150825
34800,2.3136687499999997,0.6662031249999999,0.18261249999999998,0.15118437499999998
34900,2.3139940625,0.6662812499999997,0.181703125,0.152015625
35000,2.313993125000001,0.6667437499999999,0.1821875,0.15106875
35100,2.3149503125000006,0.6677218750000001,0.18155000000000002,0.15072812500000002
35200,2.3157934375000004,0.66751875,0.18105624999999997,0.15142499999999998
35300,2.315357500000001,0.6675624999999997,0.18169062499999997,0.15074687499999995
35400,2.3153725000000005,0.6676968749999997,0.1814125,0.15089062500000003
35500,2.3162568750000005,0.6680343749999998,0.18107500000000004,0.150890625
35600,2.3166181249999998,0.6680124999999999,0.18028124999999998,0.15170624999999993
35700,2.316806875,0.6673781250000002,0.180171875,0.15244999999999997
35800,2.3163724999999995,0.6671718750000001,0.1805625,0.15226562500000007
35900,2.3144778125,0.6665593749999997,0.18227500000000002,0.15116562500000003
36000,2.3126396875,0.6657656249999999,0.18351562499999996,0.15071875000000004
36100,2.3122875000000014,0.6652468750000001,0.18325,0.15150312500000002
36200,2.3119490625000005,0.6653375000000001,0.18358125,0.15108125
36300,2.313728125,0.6669093750000002,0.1827,0.15039062499999997
36400,2.3155303125000004,0.6676156250000003,0.18197499999999997,0.15040937499999996
36500,2.3152796874999995,0.6675437500000001,0.18263125000000002,0.14982499999999993
36600,2.3143271875,0.6675875000000001,0.18278437500000003,0.14962812499999997
36700,2.3131993749999995,0.667059375,0.18366875000000002,0.14927187500000003
36800,2.3121225,0.6661406250000002,0.18431875000000006,0.14954062499999998
36900,2.310330937500001,0.6656093750000004,0.18569375000000005,0.148696875
37000,2.3079590625,0.6643749999999999,0.18750624999999996,0.14811875
37100,2.3052359375000018,0.6634093750000002,0.18922187500000004,0.14736875000000002
37200,2.3030537500000006,0.66193125,0.19030312499999996,0.14776562500000007
37300,2.3024184375000005,0.661165625,0.19004062500000002,0.14879375000000003
37400,2.3017056250000008,0.6607718749999999,0.18967187499999996,0.14955625
37500,2.302010000000001,0.6609437499999998,0.18968124999999997,0.149375
37600,2.3024596875,0.6609343749999997,0.18922187500000007,0.14984374999999997
37700,2.303264062499999,0.6612718750000002,0.188321875,0.15040625
37800,2.304242187499999,0.6618437500000003,0.18755312500000004,0.15060312499999998
37900,2.306719375000001,0.663475,0.18551250000000005,0.15101250000000002
38000,2.3103840625000007,0.6654968750000001,0.18376562500000004,0.15073750000000002
38100,2.3137803125000014,0.6677812500000001,0.18199999999999997,0.15021875
38200,2.3162756250000003,0.6687187499999999,0.17989062499999997,0.15139062499999997
38300,2.3193481250000003,0.669978125,0.17758749999999995,0.15243437500000004
38400,2.3216206250000004,0.6707875,0.17581249999999995,0.1534
38500,2.3255496875000006,0.6734843750000001,0.17476874999999992,0.15174687499999995
38600,2.3264056250000005,0.674703125,0.17457812499999997,0.15071874999999998
38700,2.3260178125,0.67405,0.1746875,0.1512625
38800,2.3244093749999997,0.6735249999999999,0.176246875,0.150228125
38900,2.3218756249999997,0.6719562499999998,0.177596875,0.150446875
39000,2.320837187500001,0.671828125,0.17915937499999998,0.14901250000000002
39100,2.3182081249999995,0.6701812499999998,0.18077187499999997,0.14904687500000002
39200,2.3164743750000003,0.6691593749999999,0.18121249999999997,0.14962812499999997
39300,2.3138478124999997,0.6676156250000002,0.1827,0.14968437499999998
39400,2.3119903124999994,0.6668593750000001,0.18420624999999996,0.148934375
39500,2.3109312500000003,0.6655687499999999,0.184475,0.14995625000000004
39600,2.3099615625000003,0.665521875,0.18520624999999993,0.14927187499999997
39700,2.308600625,0.6649125000000001,0.186303125,0.14878437500000005
39800,2.3066921875000004,0.663734375,0.18726250000000003,0.14900312499999996
39900,2.3065559374999998,0.6634031249999999,0.18670625000000002,0.14989062499999997
40000,2.3056240624999993,0.6631249999999997,0.187403125,0.14947187499999998
40100,2.3067631250000002,0.662859375,0.18645937499999996,0.15068125000000002
40200,2.3083715624999988,0.6642031249999998,0.185821875,0.149975
40300,2.3102799999999997,0.6653593749999999,0.18494687499999998,0.14969375000000001
40400,2.3108634375000006,0.6662093749999998,0.18454374999999992,0.14924687500000003
40500,2.3122246875000005,0.6677656250000001,0.18385000000000004,0.148384375
40600,2.3147121875,0.66915,0.18311562499999995,0.14773437500000003
40700,2.3160050000000005,0.6701156249999998,0.18127812499999996,0.14860625000000002
40800,2.3177700000000003,0.6708343749999999,0.18107187499999997,0.14809375
40900,2.31623375,0.6700281249999999,0.18118749999999995,0.14878437499999994
41000,2.3156631250000004,0.669865625,0.18171562499999996,0.14841875000000002
41100,2.315317812499999,0.6697031250000001,0.182109375,0.1481875
41200,2.315502187500001,0.6693499999999997,0.18180000000000004,0.14885000000000004
41300,2.315531875,0.6701468750000003,0.1823625,0.14749062500000001
41400,2.3162862499999997,0.6698781250000001,0.18142812499999997,0.14869375000000004
41500,2.3182118750000003,0.6707250000000001,0.180446875,0.148828125
41600,2.3187975000000005,0.6710312499999999,0.180171875,0.148796875
41700,2.3174146875000003,0.6707437500000001,0.18137187499999996,0.147884375
41800,2.315753125,0.6694062500000001,0.18184374999999992,0.14875000000000002
41900,2.3140462499999996,0.6684218750000002,0.18280312499999998,0.14877499999999996
42000,2.3147112499999998,0.6689625000000001,0.18224374999999995,0.14879375
42100,2.317277812499999,0.6703906250000002,0.18121249999999994,0.14839687499999998
42200,2.3193590625000007,0.6712187499999999,0.180046875,0.148734375
42300,2.3184571875000004,0.6708062500000002,0.180159375,0.14903437499999997
42400,2.3191443749999996,0.670709375,0.17959687500000004,0.14969375000000001
42500,2.3194106249999993,0.6709999999999997,0.17957187500000002,0.14942812500000002
42600,2.320060937499999,0.6716406250000002,0.179765625,0.14859374999999994
42700,2.320437812500001,0.6715906249999999,0.179340625,0.14906875000000003
42800,2.3199912499999997,0.6714093750000001,0.17924687499999997,0.14934375
42900,2.319044062500001,0.6703593749999998,0.18014687500000004,0.14949375000000004
43000,2.3186662500000006,0.6704875000000001,0.17998750000000005,0.14952500000000002
43100,2.3173543750000007,0.6696749999999998,0.18088749999999998,0.14943750000000003
43200,2.3170003125,0.6700031250000001,0.18082812500000003,0.14916875
43300,2.3183550000000004,0.6708500000000001,0.18013124999999997,0.14901875000000006
43400,2.3177596874999997,0.6708593749999998,0.18058125,0.14855937499999997
43500,2.3177371875,0.6712187499999999,0.18029999999999996,0.14848125000000006
43600,2.3188896874999996,0.6719843749999999,0.179878125,0.14813750000000003
43700,2.3192115625,0.6725875,0.18039687500000004,0.14701562499999996
43800,2.3174393749999997,0.6711593750000003,0.18148749999999997,0.14735312499999997
43900,2.3161315625000003,0.670665625,0.18171875000000007,0.14761562500000003
44000,2.3154603124999995,0.67005625,0.182809375,0.14713437500000004
44100,2.3163784375,0.67038125,0.18120624999999999,0.1484125
44200,2.3170746875,0.670790625,0.18102499999999996,0.14818437499999998
44300,2.31705375,0.6707249999999999,0.181028125,0.14824687499999992
44400,2.3170140625,0.6699625000000001,0.18117187499999993,0.148865625
44500,2.3155434375000006,0.6689937500000003,0.18260624999999997,0.14839999999999995
44600,2.3150003125,0.6685281250000003,0.183440625,0.14803125
44700,2.313710937499999,0.6675249999999998,0.18395312500000005,0.148521875
44800,2.3115759375000002,0.6667625,0.185440625,0.14779687499999994
44900,2.308646562499999,0.6650093750000001,0.18730625000000006,0.14768437499999998
45000,2.3043428125000003,0.6619687500000001,0.189634375,0.1483968750000001
45100,2.3007418750000004,0.6597062499999998,0.19058749999999994,0.14970625000000007
45200,2.29864375,0.6575156249999999,0.19073750000000003,0.151746875
45300,2.2983340624999995,0.6571406250000001,0.19109687500000003,0.15176250000000008
45400,2.2961031249999997,0.6563593749999999,0.1931875,0.15045312500000008
45500,2.294786562500001,0.6558531249999999,0.193578125,0.15056875
45600,2.2921887499999993,0.6544593750000001,0.19552499999999992,0.15001562499999999
45700,2.291335625,0.6548812499999999,0.19649687500000004,0.148621875
45800,2.2882118750000005,0.6532968750000001,0.19841249999999996,0.14829062499999998
45900,2.2868853125,0.6522437499999997,0.19890000000000005,0.14885625000000005
46000,2.2869181249999997,0.6516249999999999,0.19780000000000003,0.15057500000000001
46100,2.2871375,0.6525125000000002,0.19772187500000005,0.14976562499999999
46200,2.288970625,0.6531875,0.19607187500000006,0.1507406249999999
46300,2.2898896875,0.65395625,0.19488437500000003,0.15115937499999993
46400,2.2931493750000005,0.6554406250000002,0.19240312499999998,0.15215624999999994
46500,2.2942712500000004,0.6563562500000001,0.19310624999999992,0.15053749999999996
46600,2.294919687499999,0.6573187500000001,0.19278125000000002,0.14990000000000003
46700,2.2965093749999994,0.658071875,0.19181250000000002,0.15011562499999995
46800,2.2970400000000004,0.6579874999999998,0.19153125,0.15048125000000004
46900,2.2975187500000005,0.658253125,0.19065624999999994,0.15109062499999998
47000,2.2969781250000008,0.6582749999999999,0.19149687499999998,0.15022812500000005
47100,2.2973999999999997,0.6580218749999998,0.19075937500000006,0.15121874999999996
47200,2.297144375,0.6581781250000002,0.19083437500000003,0.15098750000000005
47300,2.298443125,0.659765625,0.19049687500000007,0.1497375
47400,2.2992390625,0.6594249999999999,0.189596875,0.15097812499999996
47500,2.2987146875,0.6598593749999998,0.19138437500000002,0.14875625
47600,2.297602187499999,0.6589906250000002,0.19246875,0.14854062499999998
47700,2.29530125,0.65840625,0.194521875,0.14707187499999994
47800,2.2928228125000003,0.656790625,0.19530312500000002,0.14790625000000004
47900,2.2908753125,0.6549718750000002,0.19613750000000005,0.14889062499999997
48000,2.289768125,0.65414375,0.19602187499999996,0.14983437500000002
48100,2.2891709375000002,0.6537281249999999,0.196321875,0.14995000000000003
48200,2.2883037500000003,0.6531937500000001,0.19734062499999994,0.149465625
48300,2.288985625,0.6528343750000001,0.19657187500000006,0.15059375000000003
48400,2.2885921875,0.6522531249999999,0.19633124999999996,0.151415625
48500,2.2899746875000004,0.6530062499999998,0.194928125,0.152065625
48600,2.2912615625,0.653203125,0.19360312500000001,0.15319374999999996
48700,2.29365375,0.6550843749999999,0.19246874999999997,0.152446875
48800,2.29441625,0.6555218749999998,0.19205,0.15242812500000003
48900,2.2946781249999995,0.656378125,0.19252499999999995,0.15109687500000002
49000,2.295443125,0.6568906250000003,0.19180312499999994,0.15130625000000006
49100,2.2961921875,0.6576562499999997,0.19199999999999995,0.15034375000000005
49200,2.29674,0.6575781250000002,0.19146874999999994,0.150953125
49300,2.2974278125000005,0.6577062499999997,0.1912656249999999,0.15102812500000004
49400,2.297401875,0.6573656250000001,0.19111875,0.15151562499999996
49500,2.2944859375,0.65644375,0.1937625000000001,0.14979374999999995
49600,2.2930550000000003,0.6560343749999998,0.19429374999999996,0.14967187500000007
49700,2.2916218749999997,0.6550249999999999,0.19538750000000002,0.14958749999999996
49800,2.2887615625000004,0.6535874999999999,0.19693437500000002,0.149478125
49900,2.289099375,0.6541906249999999,0.19711874999999995,0.14869062500000008
50000,2.288375,0.653628125,0.19667499999999993,0.14969687500000003
50100,2.2873781250000005,0.6528687500000001,0.1972625000000001,0.14986875
50200,2.2881224999999996,0.653521875,0.19617812499999998,0.1503
50300,2.288935625,0.6527843750000001,0.19437499999999994,0.15284062499999998
50400,2.28985625,0.6533500000000002,0.19321874999999997,0.15343125
50500,2.29240625,0.6542281250000002,0.19190624999999992,0.15386562499999998
50600,2.2948971875,0.65585,0.1908875,0.1532625
50700,2.2955521874999993,0.6566343749999998,0.19080937499999992,0.15255625000000003
50800,2.2964962499999997,0.6578874999999998,0.19078749999999994,0.15132500000000004
50900,2.2977993750000003,0.6584437499999999,0.18959062499999998,0.15196562500000008
51000,2.3002709374999997,0.659775,0.187809375,0.15241562500000005
51100,2.3023190625000005,0.661075,0.18668125000000002,0.15224374999999998
51200,2.303875,0.6626687500000001,0.18672500000000006,0.15060624999999997
51300,2.3053509375,0.6636125000000002,0.18645937500000007,0.14992812500000005
51400,2.3068396875000006,0.6646593749999999,0.1860375,0.149303125
51500,2.3096481250000003,0.6656374999999998,0.18377812500000004,0.15058437499999994
51600,2.3101849999999993,0.6658125,0.18303750000000002,0.15114999999999995
51700,2.3107312500000012,0.6665062499999997,0.183290625,0.15020312500000002
51800,2.3085703124999997,0.6653250000000003,0.18467812499999997,0.149996875
51900,2.306861875,0.6645999999999996,0.18673750000000003,0.14866250000000003
52000,2.3030687500000004,0.6620531249999998,0.18910625,0.14884062500000003
52100,2.299718437500001,0.6606125000000003,0.19054062499999996,0.14884687500000002
52200,2.2971909375000004,0.658996875,0.19171874999999997,0.14928437499999997
52300,2.2954412499999997,0.6578718750000001,0.19263437500000002,0.14949374999999998
52400,2.293598125,0.6569687500000001,0.19355312500000005,0.149478125
52500,2.2939178124999997,0.6561781250000002,0.19269687499999993,0.151125
52600,2.2936859375000003,0.6561500000000002,0.193321875,0.150528125
52700,2.293102500000001,0.656465625,0.19355312499999996,0.14998124999999998
52800,2.2931890624999998,0.6565124999999997,0.19304999999999997,0.1504375
52900,2.296359375,0.658128125,0.19078750000000005,0.15108437500000002
53000,2.2981684375,0.6595125000000002,0.19017812500000006,0.150309375
53100,2.300498125,0.6612406250000001,0.18954999999999997,0.14920937499999998
53200,2.3007396874999992,0.6610374999999998,0.18911249999999993,0.14985000000000004
53300,2.301052812499999,0.661740625,0.189646875,0.14861249999999998
53400,2.299445625,0.6611718750000002,0.19105312499999996,0.14777500000000002
53500,2.2986887499999997,0.6605718750000001,0.19105624999999996,0.14837187500000004
53600,2.29833375,0.6601312500000003,0.19138437500000002,0.148484375
