step,mean_aspect_ratio,fraction_elongated,fraction_round,fraction_binary
100,1.0,0.0,1.0,0.0
200,1.0335615624999999,0.0016156250000000005,0.8995218749999999,0.09886249999999999
300,1.0261262500000001,0.0019625000000000003,0.9176625000000002,0.08037500000000003
400,1.0228043749999998,0.0021624999999999995,0.92545625,0.07238125000000002
500,1.0209799999999998,0.0022124999999999996,0.930534375,0.067253125
600,1.0198968750000001,0.00225625,0.934771875,0.062971875
700,1.0194924999999997,0.0022781250000000006,0.9354968750000003,0.062224999999999996
800,1.018819375,0.002409375000000002,0.9383218749999997,0.05926874999999999
900,1.0188046874999999,0.0025812499999999998,0.9400343749999998,0.05738437499999999
1000,1.01854,0.00268125,0.941259375,0.056059374999999995
1100,1.0187040625,0.0028468750000000004,0.9417406250000001,0.055412499999999996
1200,1.0186950000000001,0.00294375,0.9424406250000001,0.054615625000000015
1300,1.018921875,0.003243750000000001,0.9428968750000002,0.053859374999999994
1400,1.01944625,0.0034531249999999996,0.9430406249999999,0.05350625
1500,1.019946875,0.0035187499999999997,0.94300625,0.05347500000000001
1600,1.0201962500000001,0.0037062499999999995,0.9433156250000001,0.05297812500000002
1700,1.020611875,0.004046874999999999,0.9435999999999998,0.052353125000000014
1800,1.0211993750000004,0.004340625,0.9440968750000004,0.0515625
1900,1.021405,0.004628125,0.9443437500000001,0.05102812500000002
2000,1.0224306249999997,0.004984375000000001,0.9431593750000001,0.05185624999999999
2100,1.0229334375,0.005175,0.9431687499999999,0.05165625000000001
2200,1.0232868749999997,0.005356249999999999,0.9435562499999998,0.0510875
2300,1.0240337499999999,0.00570625,0.9426062500000001,0.05168749999999998
2400,1.0246453125000001,0.006018749999999999,0.9428093749999998,0.05117187499999999
2500,1.0254709375000002,0.006409374999999999,0.9419812500000002,0.051609375
2600,1.0267128124999998,0.006850000000000003,0.9410156249999998,0.05213437499999998
2700,1.0277137500000004,0.0072250000000000005,0.9405281249999998,0.052246874999999984
2800,1.0285250000000004,0.007474999999999999,0.9395562500000001,0.05296875
2900,1.0292875,0.007834375,0.9399656250000002,0.0522
3000,1.0306875,0.00838125,0.93860625,0.0530125
3100,1.0317896875,0.0088875,0.9381499999999999,0.05296249999999999
3200,1.0333371874999995,0.009574999999999998,0.9369781249999998,0.053446875000000005
3300,1.0346334375000004,0.010134375,0.9364187500000004,0.05344687500000001
3400,1.0361006250000002,0.010703124999999999,0.9353968750000001,0.05390000000000002
3500,1.0377371874999999,0.011462500000000002,0.93476875,0.05376874999999999
3600,1.0395734374999999,0.012359374999999995,0.934090625,0.05355000000000003
3700,1.0415621874999998,0.013018749999999996,0.9325781250000001,0.05440312499999999
3800,1.0433790625,0.013615624999999994,0.93146875,0.05491562499999999
3900,1.0451734375000001,0.014534374999999995,0.93000625,0.055459375
4000,1.0467040625000001,0.015337499999999997,0.92981875,0.05484375000000001
4100,1.0484034375000002,0.016134374999999996,0.9280124999999998,0.05585312500000002
4200,1.0497056249999999,0.016728125,0.927334375,0.055937500000000015
4300,1.0514815625,0.0174875,0.926321875,0.05619062500000001
4400,1.0531475,0.018206249999999993,0.9253718749999997,0.05642187499999999
4500,1.0548193750000001,0.018825,0.9241999999999999,0.056975
4600,1.0565546875,0.019740624999999994,0.9230499999999999,0.057209375
4700,1.0581984375000002,0.020609374999999996,0.9228468750000001,0.056543750000000004
4800,1.0601481250000002,0.021381249999999997,0.921453125,0.05716562500000002
4900,1.0619343750000003,0.022134375000000005,0.9203156249999999,0.057549999999999976
5000,1.0636321875,0.022884375,0.920028125,0.05708749999999999
5100,1.0653471875,0.023690625000000003,0.9194343750000002,0.05687500000000001
5200,1.067113125,0.02480625,0.9179062499999998,0.057287500000000005
5300,1.0690400000000004,0.025650000000000006,0.91720625,0.05714374999999999
5400,1.0709462500000004,0.026715625,0.9162937499999998,0.05699062500000002
5500,1.0731175000000002,0.027693749999999996,0.9152375000000004,0.05706874999999999
5600,1.0751890624999998,0.028437500000000004,0.9135624999999995,0.05800000000000001
5700,1.0774175000000001,0.029315624999999994,0.9121249999999999,0.058559375000000004
5800,1.0797318750000005,0.029943749999999998,0.9100624999999999,0.05999374999999999
5900,1.0826168749999998,0.03106249999999999,0.9080906249999999,0.06084687499999999
6000,1.0852528125000005,0.032396875,0.9062281250000002,0.06137500000000002
6100,1.087258125,0.033259375,0.9053156250000001,0.06142500000000001
6200,1.0888996874999997,0.033928124999999996,0.9043937499999998,0.061678125
6300,1.0910087499999999,0.03492500000000001,0.903128125,0.06194687499999999
6400,1.0927687499999996,0.035656249999999994,0.9028093750000002,0.06153437500000001
6500,1.0955196875,0.036628125000000004,0.8999718750000002,0.06340000000000003
6600,1.09714875,0.0373625,0.899965625,0.06267187500000002
6700,1.0987718749999995,0.038299999999999994,0.8988812500000002,0.06281874999999999
6800,1.1006037499999997,0.03915625,0.8971687499999998,0.063675
6900,1.1032453125,0.04004062499999998,0.8945937500000002,0.06536562499999998
7000,1.1055878124999998,0.041003125,0.8933312500000002,0.065665625
7100,1.1087237499999998,0.04220937499999999,0.8911781249999999,0.06661249999999999
7200,1.1112125000000002,0.04309687500000001,0.8896718750000001,0.06723125000000005
7300,1.1137756250000002,0.04401875000000001,0.8874187500000004,0.0685625
7400,1.11508625,0.044840625,0.8882281249999997,0.06693124999999998
7500,1.1163487500000002,0.045528125,0.8873156250000002,0.06715625
7600,1.1172587500000006,0.046284375,0.8872312499999999,0.066484375
7700,1.1190212499999999,0.04705312499999999,0.8861687500000001,0.06677812500000001
7800,1.1209475,0.048115625,0.8844625,0.06742187500000002
7900,1.1229475,0.049184375000000016,0.8830968749999998,0.06771875000000001
8000,1.1241878124999998,0.049615625,0.8826374999999997,0.06774687499999998
8100,1.1262687499999997,0.050596875,0.8808749999999999,0.06852812500000001
8200,1.1287071875,0.051884374999999996,0.8794687500000002,0.06864687500000002
8300,1.1303346875000004,0.05233749999999999,0.8786781249999998,0.06898437499999999
8400,1.1319796874999999,0.05304374999999999,0.8773781250000003,0.06957812499999999
8500,1.134931875,0.054359374999999995,0.87555625,0.07008437499999999
8600,1.1362868749999997,0.05472499999999998,0.8740750000000002,0.07120000000000003
8700,1.1379425,0.05560937499999999,0.8736124999999996,0.07077812500000001
8800,1.1401968749999996,0.0563875,0.87104375,0.07256874999999999
8900,1.1419609374999997,0.056771875000000006,0.8694343749999998,0.07379374999999998
9000,1.1445378125000003,0.057675000000000004,0.8681750000000003,0.07415
9100,1.1471193750000002,0.058934375000000004,0.866134375,0.07493124999999999
9200,1.149449375,0.060156249999999994,0.8650625000000002,0.07478125
9300,1.1518768750000004,0.061862499999999994,0.8647812499999998,0.07335624999999998
9400,1.1538546875,0.06301562499999999,0.8636906250000004,0.07329375
9500,1.1552578125,0.063625,0.863021875,0.07335312500000002
9600,1.1566159375,0.06424687500000001,0.8618656250000001,0.0738875
9700,1.15869375,0.06533125000000002,0.8610937500000004,0.073575
9800,1.1598762500000002,0.065609375,0.8602968749999998,0.07409375
9900,1.161024375,0.06595625,0.8594687500000001,0.07457499999999999
10000,1.1623215625,0.06659374999999997,0.8592375000000001,0.07416874999999999
10100,1.1636871874999997,0.06725624999999999,0.8582812500000002,0.0744625
10200,1.1653031249999999,0.06809062500000002,0.8572812499999999,0.07462812499999996
10300,1.1665124999999996,0.0685875,0.85585,0.07556249999999998
10400,1.1679221875000003,0.069621875,0.8559031249999999,0.074475
10500,1.1697256249999997,0.0703,0.85371875,0.07598124999999999
10600,1.1722759374999996,0.07128437500000001,0.8516093749999997,0.07710625
10700,1.1759559375000004,0.072515625,0.8489531249999999,0.07853124999999998
10800,1.1782240625000002,0.0737,0.84808125,0.07821874999999999
10900,1.181143125,0.07552812499999997,0.8464093750000001,0.07806249999999997
11000,1.1836446875,0.0765625,0.8449875,0.07845000000000002
11100,1.1860653124999998,0.07768437500000001,0.8439156250000001,0.07839999999999997
11200,1.188198125,0.07859375,0.8424187499999998,0.07898749999999997
11300,1.190886875,0.07990000000000001,0.8405656249999999,0.07953437499999999
11400,1.1927765625000002,0.08100937500000001,0.8393406249999998,0.07965
11500,1.1936271875000002,0.08136875,0.8397906249999999,0.078840625
11600,1.1956415625,0.08257500000000001,0.8391156250000003,0.07830937500000001
11700,1.1976843749999995,0.08340312500000001,0.8371249999999998,0.07947187499999998
11800,1.1985475000000003,0.08350937500000001,0.8369312499999999,0.07955937500000003
11900,1.1992859374999998,0.08380937499999998,0.8368625000000002,0.079328125
12000,1.199925625,0.08425937499999998,0.8364312499999998,0.07930937500000002
12100,1.2002034375000001,0.084415625,0.8364406250000003,0.07914374999999998
12200,1.2009799999999997,0.08494374999999998,0.8362499999999999,0.07880624999999998
12300,1.2012684375000005,0.08520937499999999,0.8360156249999999,0.07877500000000001
12400,1.2024209375000001,0.085509375,0.835340625,0.07915000000000001
12500,1.202606875,0.08589375000000002,0.835159375,0.07894687500000003
12600,1.2025821875000002,0.08614062499999998,0.8351499999999996,0.07870937500000001
12700,1.2039587500000002,0.086403125,0.8341187500000002,0.079478125
12800,1.2047440625000003,0.08660000000000001,0.8334843749999998,0.07991562499999998
12900,1.2053668750000002,0.08671250000000001,0.833396875,0.07989062499999998
13000,1.205565,0.08657812500000002,0.8332812500000002,0.08014062500000003
13100,1.2056934375,0.08672812500000002,0.8333281250000001,0.07994375000000002
13200,1.2058737500000003,0.08686875000000001,0.8332499999999997,0.07988124999999996
13300,1.2054815625000002,0.086753125,0.833946875,0.07930000000000004
13400,1.2052084374999998,0.08654375000000002,0.83339375,0.08006250000000002
13500,1.2059203125000006,0.086809375,0.83279375,0.08039687499999999
13600,1.2060271875000002,0.08683125,0.8328593750000001,0.080309375
13700,1.2066006249999999,0.086665625,0.83151875,0.081815625
13800,1.2064025000000003,0.08637187500000001,0.831253125,0.08237499999999999
13900,1.2063553124999993,0.086646875,0.8315937500000002,0.081759375
14000,1.2059628124999997,0.08624062500000002,0.8319500000000002,0.081809375
14100,1.2057275,0.08598124999999998,0.8317437500000001,0.08227499999999999
14200,1.2055899999999997,0.085934375,0.8321968750000002,0.08186875
14300,1.2053109374999997,0.085903125,0.8331031249999998,0.08099374999999998
14400,1.2050337499999997,0.085821875,0.8327874999999998,0.08139062499999998
14500,1.2039068749999993,0.08554374999999999,0.8340187499999999,0.0804375
14600,1.2037315625000002,0.08578125,0.8343375000000002,0.07988125000000001
14700,1.2029056249999999,0.08563125,0.8352906249999998,0.07907812499999999
14800,1.2024771874999998,0.0856125,0.8351749999999999,0.0792125
14900,1.2028084375,0.08594375,0.835084375,0.07897187500000001
15000,1.2039559375000002,0.08633125,0.8342937499999998,0.079375
15100,1.2052143750000002,0.086590625,0.83331875,0.080090625
15200,1.2059990624999999,0.08696875000000001,0.8329687500000001,0.0800625
15300,1.2050762499999996,0.087,0.8340406250000002,0.07895937499999998
15400,1.2051281249999999,0.086896875,0.8341031250000003,0.07899999999999999
15500,1.205781875,0.08724999999999998,0.8330437499999999,0.07970624999999998
15600,1.2057081250000001,0.08722187499999999,0.8331468749999997,0.07963124999999999
15700,1.2078243750000002,0.08809062499999998,0.8310749999999996,0.08083437500000001
15800,1.2094078125000003,0.08889374999999998,0.830428125,0.080678125
15900,1.2115565625,0.08993749999999998,0.8292499999999998,0.0808125
16000,1.2121524999999997,0.08977187499999999,0.828684375,0.08154375000000001
16100,1.2123696875000005,0.08975937500000002,0.8285968749999999,0.08164375
16200,1.2118124999999997,0.08960000000000001,0.8294249999999999,0.080975
16300,1.2125134374999997,0.089925,0.8288000000000002,0.08127499999999999
16400,1.2131962500000004,0.09031875,0.8292250000000001,0.08045624999999997
16500,1.21427,0.0914,0.82823125,0.08036875000000002
16600,1.2152168750000003,0.09178437500000003,0.8274999999999998,0.080715625
16700,1.2168540624999995,0.09263750000000001,0.8275656250000001,0.07979687499999999
16800,1.2185021875,0.093375,0.8260343749999999,0.08059062499999997
16900,1.2197746875,0.09398125000000002,0.8258468749999999,0.08017187500000002
17000,1.22099,0.09433750000000002,0.8247437500000002,0.08091875000000004
17100,1.2223034375,0.094875,0.8237625,0.08136249999999999
17200,1.2222387499999994,0.09561250000000002,0.8251812500000001,0.07920625
17300,1.2218693749999998,0.09561875000000003,0.8256593749999999,0.07872187499999997
17400,1.22221375,0.09537187500000002,0.8248218749999999,0.07980624999999998
17500,1.2214084375000003,0.095090625,0.8248468749999996,0.08006250000000001
17600,1.2203224999999998,0.09466875000000004,0.8253968750000004,0.079934375
17700,1.2196184375,0.09397499999999999,0.8254375,0.08058749999999999
17800,1.220366875,0.094278125,0.8245812499999999,0.08114062500000001
17900,1.2210378125000003,0.094359375,0.823703125,0.08193749999999998
18000,1.2221940624999998,0.09453750000000002,0.823178125,0.08228437499999998
18100,1.2225506249999998,0.094890625,0.8233281250000002,0.08178125000000001
18200,1.2218853125,0.09466562499999998,0.8237249999999995,0.08160937499999998
18300,1.2219803124999997,0.09493125,0.8238125000000003,0.08125625
18400,1.2216587500000002,0.09459687500000001,0.823275,0.08212812500000002
18500,1.2222653125000003,0.09481562500000003,0.82223125,0.08295312499999999
18600,1.2223771874999994,0.09504062499999999,0.8220250000000003,0.08293437500000002
18700,1.2226306249999999,0.095071875,0.8218625000000002,0.083065625
18800,1.2241734375000002,0.09576562500000002,0.8207125,0.083521875
18900,1.2266234374999996,0.09675312499999998,0.8190593749999999,0.08418749999999998
19000,1.2276271875,0.09709687499999999,0.8188062500000003,0.08409687499999999
19100,1.2276856250000001,0.09750312500000001,0.8190781250000001,0.08341875000000001
19200,1.2290087499999998,0.09816875000000003,0.81798125,0.08385000000000001
19300,1.2312724999999998,0.09898437500000001,0.815875,0.08514062500000003
19400,1.2328099999999995,0.099584375,0.8155687499999997,0.084846875
19500,1.2335618750000004,0.099915625,0.815853125,0.08423125000000001
19600,1.2340784374999996,0.09990625,0.8162093750000001,0.083884375
19700,1.2350359375,0.10027812500000001,0.8162062500000001,0.08351562500000002
19800,1.23548375,0.1005375,0.8150718749999999,0.08439062499999998
19900,1.2352278125000002,0.10051249999999999,0.8149781250000002,0.08450937500000003
20000,1.2360181250000004,0.10075312500000001,0.8143625000000002,0.084884375
20100,1.23634,0.10106562499999999,0.8151999999999997,0.08373437499999999
20200,1.2358693749999996,0.10083125,0.8149000000000001,0.08426875
20300,1.2348053124999996,0.09998125000000001,0.81545625,0.08456250000000001
20400,1.2348171875000005,0.09995312500000002,0.81553125,0.08451562500000001
20500,1.2349574999999997,0.100315625,0.8161156249999999,0.08356875
20600,1.2356812500000003,0.10043124999999999,0.8150749999999999,0.08449375
20700,1.2357443750000006,0.100884375,0.8160000000000002,0.08311562499999998
20800,1.2348312499999996,0.10063750000000002,0.8164812500000004,0.08288124999999999
20900,1.2341531250000002,0.10008125000000002,0.8176406249999999,0.08227812500000002
21000,1.2338234375,0.09973125000000002,0.8169281249999999,0.08334062500000002
21100,1.23354,0.09917812499999998,0.816953125,0.08386874999999999
21200,1.2334065624999997,0.09910937499999997,0.8168687499999999,0.084021875
21300,1.2339659375000003,0.09923125,0.8162906250000002,0.08447812500000002
21400,1.2329299999999999,0.09890000000000003,0.8168156249999999,0.08428437500000001
21500,1.2330571874999998,0.09887187500000003,0.8164281250000002,0.08469999999999997
21600,1.2338840624999998,0.09875312500000001,0.81554375,0.085703125
21700,1.2343515625000003,0.09914375000000003,0.8154968749999997,0.08535937500000002
21800,1.2341490625,0.09897187500000003,0.8159281250000001,0.08509999999999998
21900,1.233605625,0.09846875000000001,0.8161437499999996,0.08538750000000002
22000,1.2328521875,0.098471875,0.8173187500000001,0.08420937499999998
22100,1.2322065624999998,0.098003125,0.8171124999999997,0.08488437499999998
22200,1.2326643750000001,0.09810312499999999,0.8165812500000001,0.08531562499999999
22300,1.2314662500000002,0.09800937500000004,0.8179937500000001,0.08399687499999998
22400,1.23114375,0.09764687499999998,0.8186656249999998,0.08368750000000001
22500,1.2311984375000002,0.09799375000000002,0.8183343750000001,0.08367187499999999
22600,1.230935,0.09766250000000001,0.8175968749999999,0.08474062499999997
22700,1.2293843750000002,0.09733749999999998,0.8196249999999999,0.0830375
22800,1.229296875,0.09706250000000002,0.8192343750000002,0.08370312499999999
22900,1.2290309375000006,0.09686250000000002,0.8189531249999998,0.08418437500000002
23000,1.2288915624999996,0.096184375,0.8182843749999998,0.08553124999999998
23100,1.2290124999999998,0.09600625000000002,0.8178906250000002,0.08610312500000002
23200,1.2280371875000002,0.09583437500000003,0.8180343750000002,0.08613124999999999
23300,1.2284934374999998,0.09575625000000001,0.8179625,0.08628125
23400,1.2287934374999996,0.095865625,0.8179062499999998,0.08622812499999997
23500,1.2280859375000002,0.09569687500000003,0.819159375,0.08514375
23600,1.2270562499999997,0.095434375,0.8200156249999997,0.08455
23700,1.2277700000000003,0.09627500000000004,0.8194062500000003,0.08431874999999998
23800,1.2284746875000003,0.09659062500000001,0.8184249999999998,0.08498437499999999
23900,1.2290156249999995,0.09690937500000002,0.8185437499999998,0.084546875
24000,1.2293212499999997,0.09681875000000005,0.8175250000000001,0.08565624999999999
24100,1.2300662500000004,0.097125,0.8175156250000001,0.08535937499999996
24200,1.231171875,0.09739062500000004,0.8155312499999998,0.087078125
24300,1.2317343749999998,0.09718750000000004,0.8156281249999997,0.08718437500000001
24400,1.2331709374999997,0.097578125,0.8141249999999999,0.08829687499999998
24500,1.2345184375,0.09805000000000001,0.8130937500000001,0.08885625000000004
24600,1.2356299999999998,0.098665625,0.8125406249999999,0.08879374999999999
24700,1.2363059375,0.09874999999999999,0.8115874999999999,0.08966249999999998
24800,1.2367334375000003,0.09882500000000004,0.8116031250000002,0.08957187500000001
24900,1.2362687500000002,0.09820624999999998,0.8113906249999998,0.09040312500000003
25000,1.2355371875,0.09764062500000002,0.8116281249999996,0.09073125
25100,1.2349021874999997,0.09761250000000002,0.8123281250000003,0.09005937500000004
25200,1.2349612499999996,0.09752812500000001,0.8123250000000003,0.09014687499999999
25300,1.2350562500000002,0.09784687500000001,0.8123375000000003,0.08981562499999998
25400,1.2351525,0.09818750000000005,0.812703125,0.08910937500000002
25500,1.2364509375000003,0.09874062500000003,0.8121875,0.089071875
25600,1.236755,0.09912187500000001,0.8126218749999998,0.08825624999999997
25700,1.2376075,0.09995625000000002,0.8124812500000002,0.0875625
25800,1.2387906249999996,0.10028125000000003,0.8112406249999999,0.08847812499999999
25900,1.2394593750000003,0.10064062500000003,0.811053125,0.08830624999999998
26000,1.23997125,0.100771875,0.8106437499999999,0.08858437500000002
26100,1.2403134375000007,0.10117187500000001,0.8106781249999998,0.08815000000000003
26200,1.2407406250000002,0.10160937500000002,0.81015625,0.08823437500000002
26300,1.2416778124999999,0.10170625000000003,0.8095593750000002,0.08873437500000003
26400,1.241844375,0.1018625,0.8096562500000002,0.08848125000000001
26500,1.242364375,0.10206875000000001,0.8097,0.08823124999999997
26600,1.2427115624999998,0.1027,0.810475,0.08682500000000003
26700,1.2426981250000002,0.10308125,0.8113499999999998,0.08556875
26800,1.2427559375000004,0.10349687499999999,0.8111999999999999,0.08530312500000001
26900,1.2434365625000003,0.10393125000000006,0.8108718749999999,0.085196875
27000,1.2451743750000004,0.10432187500000001,0.80991875,0.085759375
27100,1.2452546875,0.10468125000000003,0.8092593750000002,0.08605937500000001
27200,1.2455637499999999,0.10466875000000002,0.8094750000000001,0.08585625
27300,1.2448143749999996,0.10409062499999998,0.8101749999999998,0.08573437500000002
27400,1.2441371875000005,0.103771875,0.8099812499999999,0.086246875
27500,1.2439278125,0.103784375,0.8098874999999995,0.08632812499999999
27600,1.2439359375000003,0.10360000000000001,0.8097593750000002,0.08664062500000003
27700,1.244418125,0.10405000000000002,0.8092843750000003,0.08666562500000002
27800,1.2452243749999996,0.10435624999999998,0.8084437500000002,0.08719999999999999
27900,1.2447753125,0.10380625,0.8082156250000002,0.08797812499999999
28000,1.2450146874999999,0.10399687500000003,0.8081437500000002,0.087859375
28100,1.2459071875,0.10409375000000005,0.8076281249999996,0.08827812499999997
28200,1.2469984374999996,0.10454375,0.806571875,0.08888437500000002
28300,1.2476396874999995,0.10504999999999999,0.8061843750000002,0.08876562500000003
28400,1.2480784375,0.10515312500000001,0.8054156250000001,0.08943124999999998
28500,1.2488740624999999,0.10542812500000003,0.8050687499999999,0.08950312499999999
28600,1.2491515625,0.105778125,0.8056093749999998,0.08861250000000002
28700,1.2507703124999998,0.10635625000000003,0.8042281249999998,0.08941562499999998
28800,1.2525534374999998,0.10721249999999999,0.8028156250000001,0.089971875
28900,1.2539984375,0.10809374999999999,0.8021093749999999,0.08979687500000004
29000,1.2542684375000002,0.10844062500000001,0.8021750000000001,0.089384375
29100,1.2555337499999997,0.10890000000000004,0.8018593749999999,0.08924062499999999
29200,1.2564537499999997,0.10915000000000005,0.8015562499999999,0.08929374999999999
29300,1.2557775000000002,0.1089125,0.8018656249999999,0.08922187499999999
29400,1.2557940624999995,0.10886874999999999,0.8021687500000001,0.08896249999999997
29500,1.2558281249999999,0.10917187500000002,0.8019062499999997,0.08892187500000004
29600,1.25640125,0.109259375,0.8018593750000002,0.08888125
29700,1.2558325000000006,0.10905,0.8020750000000001,0.088875
29800,1.255374375,0.10884062499999997,0.8035718750000002,0.0875875
29900,1.255129375,0.10872812499999998,0.8030156250000001,0.08825625
30000,1.2534893749999996,0.107609375,0.8038062500000002,0.08858437499999999
30100,1.2513818750000005,0.10709375000000002,0.8061312500000001,0.08677500000000005
30200,1.2494803125000002,0.10637812500000002,0.8073156249999996,0.08630625000000003
30300,1.2496834375000003,0.10647187500000001,0.8072593750000003,0.08626875
30400,1.2484500000000003,0.10613437500000002,0.8085000000000001,0.08536562500000001
30500,1.2477596874999997,0.10560937500000002,0.8086906250000002,0.08570000000000003
30600,1.2466359374999998,0.10496562500000005,0.8088375000000002,0.086196875
30700,1.2463428124999998,0.10473437500000002,0.808521875,0.08674375
30800,1.2472403125,0.10474687500000003,0.8074375,0.087815625
30900,1.2469943750000005,0.104859375,0.8077124999999998,0.08742812500000001
31000,1.2456050000000003,0.10440937499999998,0.80885625,0.08673437499999999
31100,1.2449518750000006,0.1040125,0.8092593749999999,0.086728125
31200,1.2443828125000005,0.103865625,0.8096531250000001,0.08648125
31300,1.2445028124999997,0.10380937500000001,0.8086874999999999,0.08750312499999999
31400,1.2445584374999998,0.10375937499999999,0.8088843750000001,0.08735625
31500,1.2451515624999998,0.1037375,0.8083843749999999,0.08787812500000003
31600,1.2462946875000003,0.10375625,0.8065625000000001,0.08968125000000002
31700,1.2467193750000003,0.103628125,0.8060625000000001,0.09030937499999998
31800,1.24682625,0.10360937500000002,0.8055812499999998,0.090809375
31900,1.2465871875,0.10313750000000001,0.8049531250000003,0.09190937499999999
32000,1.245745625,0.10262812500000001,0.8044093749999998,0.0929625
32100,1.2440362499999997,0.101721875,0.8063250000000001,0.09195312500000004
32200,1.2439943749999995,0.10154062499999997,0.806771875,0.09168749999999998
32300,1.2428846874999997,0.10109999999999998,0.807190625,0.09170937500000001
32400,1.2420287499999996,0.10118125000000001,0.80853125,0.09028750000000002
32500,1.2416556250000002,0.100915625,0.8091343750000002,0.08995000000000003
32600,1.2406806249999998,0.1011,0.8104406249999996,0.08845937499999999
32700,1.2398756249999998,0.1014375,0.812065625,0.08649687499999997
32800,1.23886625,0.10130937500000001,0.813071875,0.08561875000000001
32900,1.2381475000000004,0.10060000000000002,0.8134468749999999,0.08595312499999999
33000,1.237905,0.10075312500000001,0.81375,0.08549687500000001
33100,1.23876,0.10098125000000004,0.8132937499999998,0.08572500000000001
33200,1.2399690625,0.10187500000000002,0.8127500000000001,0.08537499999999996
33300,1.2408765625,0.10200625000000003,0.811825,0.08616874999999999
33400,1.2409846875000003,0.10185937500000002,0.8114906249999999,0.08665
33500,1.2415296875,0.1018875,0.81070625,0.08740624999999998
33600,1.2421456249999998,0.10209062499999999,0.8099749999999999,0.08793437499999998
33700,1.2428634374999996,0.1021625,0.8082437500000004,0.08959375000000003
33800,1.2437096874999998,0.10230312500000004,0.8067531250000002,0.09094374999999999
33900,1.245206875,0.10249375,0.8060624999999998,0.09144375000000005
34000,1.2460053125000006,0.10342812500000001,0.8061468749999998,0.09042499999999998
34100,1.2475221875,0.104159375,0.8057218749999997,0.09011875000000001
34200,1.2488574999999995,0.10454375000000002,0.8047375,0.09071875
34300,1.2496081250000002,0.1048875,0.8041406249999997,0.09097187500000001
34400,1.2491250000000003,0.104571875,0.804953125,0.090475
34500,1.2481562499999999,0.10444687499999995,0.8057000000000001,0.08985312499999998
34600,1.2478003125000001,0.10489375,0.8061343750000001,0.08897187499999999
34700,1.24871,0.10519374999999999,0.8056906249999999,0.08911562499999998
34800,1.2486981249999998,0.10503125000000002,0.8056218749999997,0.089346875
34900,1.2490418750000003,0.10528750000000003,0.8058031249999998,0.088909375
35000,1.2485424999999999,0.105384375,0.8072062500000001,0.08740937500000004
35100,1.2481553125000004,0.10523750000000003,0.8069749999999998,0.0877875
35200,1.2475446875,0.10530625000000005,0.808390625,0.08630312500000001
35300,1.2473496875000003,0.1052125,0.808859375,0.08592812500000002
35400,1.24707,0.10529687499999998,0.80838125,0.08632187499999999
35500,1.2474925,0.105490625,0.8079500000000005,0.08655937500000001
35600,1.2476218749999997,0.10573750000000001,0.8082968749999999,0.08596562499999998
35700,1.2477949999999998,0.10579062499999999,0.8081281250000001,0.08608125
35800,1.2474612499999997,0.105346875,0.8081437499999996,0.08650937499999997
35900,1.2481821875,0.10523125000000003,0.807625,0.08714374999999999
36000,1.248251875,0.10528750000000002,0.8067218749999999,0.08799062500000003
36100,1.2485024999999998,0.10578750000000002,0.806940625,0.08727187500000001
36200,1.2493971875,0.10630312499999998,0.8056812500000001,0.08801562499999999
36300,1.2501740625000004,0.10615000000000001,0.8047718750000001,0.08907812499999998
36400,1.2507596875,0.10614375000000004,0.8037312499999999,0.09012499999999997
36500,1.25140625,0.106834375,0.8039437499999997,0.08922187500000002
36600,1.2526296875,0.10743125000000002,0.8028781250000001,0.08969062499999998
36700,1.2541684375,0.10786875000000001,0.8013218749999997,0.09080937500000001
36800,1.2545128125,0.10819374999999999,0.8014812499999998,0.09032499999999999
36900,1.2552434375000001,0.10863750000000003,0.80115,0.09021250000000001
37000,1.2555225,0.10903125,0.8015625,0.08940624999999998
37100,1.2571368749999996,0.11004375000000004,0.8008812499999999,0.08907499999999997
37200,1.2583671874999998,0.11074375000000003,0.8005406250000001,0.08871562500000002
37300,1.2594674999999997,0.11127187500000002,0.7999031250000004,0.088825
37400,1.2595878125000004,0.11107187500000001,0.7995812500000001,0.08934687499999999
37500,1.2604359375,0.11144062499999999,0.7990718750000001,0.08948749999999998
37600,1.260745,0.11176562500000002,0.7994031250000003,0.08883124999999997
37700,1.2617843750000002,0.11240000000000001,0.7986812499999999,0.08891874999999999
37800,1.2614831249999996,0.11211874999999999,0.7986750000000006,0.08920624999999999
37900,1.261970625,0.11217500000000001,0.7980687500000001,0.08975625000000001
38000,1.2631684375,0.11286562500000002,0.7972124999999997,0.08992187500000003
38100,1.2654815625000002,0.11353125000000003,0.7954687499999996,0.09100000000000003
38200,1.2662190625,0.11390937500000002,0.7954656250000003,0.09062500000000007
38300,1.2665646875000003,0.11380625000000004,0.795540625,0.090653125
38400,1.2666343749999995,0.11390937500000001,0.7954250000000003,0.09066562499999997
38500,1.2666221875000003,0.11370000000000002,0.7949062500000001,0.09139374999999998
38600,1.2662162499999998,0.11347500000000002,0.7957562500000003,0.09076875
38700,1.2663640625,0.11330937500000002,0.795515625,0.09117499999999998
38800,1.2648021875,0.112725,0.7963343749999998,0.09094062500000001
38900,1.2650615625,0.1127625,0.7964906249999999,0.09074687499999999
39000,1.265456875,0.11332500000000004,0.7969875000000002,0.08968750000000003
39100,1.264763125,0.11299062500000001,0.7977062499999997,0.08930312500000004
39200,1.2642325,0.113409375,0.7978468749999998,0.08874375
39300,1.2642596874999996,0.113546875,0.798046875,0.08840624999999998
39400,1.2638946875000006,0.11305000000000001,0.798121875,0.08882812500000002
39500,1.2642981249999998,0.11293750000000002,0.7980625000000005,0.08900000000000002
39600,1.2640856250000003,0.11348124999999998,0.79875625,0.08776250000000001
39700,1.26334,0.11298437499999998,0.799540625,0.087475
39800,1.2622034374999997,0.11245000000000001,0.8000781249999999,0.08747187500000003
39900,1.2616909375,0.112421875,0.8002750000000002,0.08730312500000004
40000,1.2618843750000002,0.11224062499999998,0.799803125,0.08795624999999999
40100,1.26157125,0.11217812499999999,0.7999000000000002,0.08792187500000002
40200,1.2605934375000003,0.11195624999999998,0.8014999999999998,0.08654374999999999
40300,1.2596140624999999,0.11170000000000001,0.8019656249999998,0.08633437499999999
40400,1.2599653124999994,0.111696875,0.8010124999999999,0.08729062500000004
40500,1.2616453125,0.11218437500000004,0.8002468750000002,0.08756874999999999
40600,1.2623003125000003,0.11241562499999999,0.7999218750000001,0.08766250000000003
40700,1.2639603125000005,0.11349062499999998,0.7983249999999997,0.08818437499999998
40800,1.2652437500000002,0.113971875,0.7975000000000002,0.088528125
40900,1.266595625,0.11467812499999999,0.7965562499999997,0.08876562500000001
41000,1.2687025000000003,0.11541875,0.794303125,0.09027812499999997
41100,1.2689053125,0.11514687500000001,0.7935249999999999,0.09132812500000001
41200,1.2705368750000001,0.115459375,0.7924562499999999,0.092084375
41300,1.27267375,0.11628750000000002,0.7901593749999999,0.09355312500000001
41400,1.2737378124999998,0.11684062500000003,0.7900968750000003,0.0930625
41500,1.2755387499999995,0.117578125,0.7891187500000001,0.09330312499999999
41600,1.2761534375,0.118509375,0.7899375,0.09155312500000003
41700,1.276605,0.11878125,0.7893343749999999,0.09188437499999999
41800,1.2774315624999997,0.11872187500000002,0.788575,0.092703125
41900,1.2779943749999996,0.11917812500000002,0.7891656249999996,0.09165625000000002
42000,1.2786737500000003,0.11952499999999996,0.7883812500000003,0.09209374999999997
42100,1.2793965625,0.120103125,0.7883937500000002,0.09150312499999999
42200,1.27945375,0.120165625,0.7883031249999998,0.09153125
42300,1.2795443750000004,0.12005312500000004,0.7879218749999998,0.09202500000000001
42400,1.2797362499999998,0.12018124999999999,0.787959375,0.09185937500000002
42500,1.2799421875000003,0.11985312499999999,0.787659375,0.09248749999999999
42600,1.2790293749999997,0.11925312500000002,0.7881843749999999,0.09256249999999998
42700,1.2780331250000003,0.11944375000000002,0.7886593750000005,0.09189687500000003
42800,1.27756125,0.11901875000000003,0.788765625,0.092215625
42900,1.2771690625,0.11895312500000002,0.78938125,0.091665625
43000,1.2773803125000003,0.11905625,0.7896437500000002,0.09130000000000002
43100,1.2775915624999996,0.11867812500000001,0.7897531250000002,0.09156875000000003
43200,1.2774396875000003,0.119209375,0.7895250000000001,0.09126562499999999
43300,1.2770456249999997,0.11890000000000002,0.789275,0.09182500000000002
43400,1.2763724999999997,0.11848750000000004,0.7895062500000001,0.09200625000000001
43500,1.2755781250000002,0.11766562499999998,0.7898687499999999,0.092465625
43600,1.2754718749999996,0.11727812500000002,0.789278125,0.09344374999999996
43700,1.2747871875,0.11701874999999998,0.7902468750000001,0.092734375
43800,1.2742146875000004,0.11672812500000003,0.7911718750000002,0.0921
43900,1.2753384375,0.11747500000000002,0.7905718749999999,0.09195312499999996
44000,1.2752868749999995,0.1180125,0.7913843749999999,0.090603125
44100,1.2749599999999996,0.11790312500000001,0.7912374999999998,0.09085937499999996
44200,1.2746909375,0.11782187500000003,0.7912468750000001,0.09093124999999998
44300,1.2740643749999998,0.11775625000000005,0.7918875,0.09035624999999999
44400,1.2736003125000004,0.1170625,0.7920312499999999,0.09090625000000001
44500,1.2739900000000004,0.11711562500000001,0.7911781250000002,0.09170624999999998
44600,1.2744031250000005,0.11731875,0.790753125,0.09192812499999999
44700,1.2740356250000002,0.11725625000000003,0.7912125,0.09153125
44800,1.2729309374999997,0.11676562500000001,0.7923624999999997,0.09087187499999999
44900,1.2718521874999997,0.11655625000000001,0.7932562499999998,0.09018749999999999
45000,1.2713921875000003,0.11619062500000002,0.7930156249999998,0.09079374999999996
45100,1.2707265625000006,0.11609687499999997,0.793921875,0.08998124999999997
45200,1.2695175000000003,0.11565000000000003,0.7948187499999999,0.08953125000000006
45300,1.2698028125000003,0.115609375,0.794540625,0.08984999999999999
45400,1.2693984374999998,0.11547812500000001,0.7947968750000002,0.089725
45500,1.2691493749999998,0.11572187500000003,0.7953593749999998,0.08891875
45600,1.2691940625000004,0.11541875,0.7951625,0.08941875
45700,1.2686431249999994,0.11545000000000002,0.7956937500000002,0.08885625000000003
45800,1.2681381250000001,0.114940625,0.7960718749999995,0.08898749999999998
45900,1.2681853125,0.115296875,0.7958687499999999,0.08883437499999998
46000,1.267717187499999,0.11497187500000003,0.7959124999999997,0.08911562499999999
46100,1.2694912500000002,0.11493125,0.793453125,0.09161562499999999
46200,1.2709112500000002,0.11603125,0.7931468749999999,0.09082187500000002
46300,1.2711800000000002,0.11618437499999999,0.7935875000000001,0.09022812499999999
46400,1.2711899999999996,0.11602187499999998,0.793121875,0.09085625000000001
46500,1.2711181249999994,0.11572187500000002,0.7926468749999999,0.09163125
46600,1.2722453125000002,0.11621875000000002,0.7920249999999999,0.09175624999999998
46700,1.2734968749999998,0.11653750000000002,0.7905562499999998,0.09290625000000001
46800,1.2749718749999996,0.11712187500000003,0.78934375,0.09353437499999999
46900,1.2765671875000004,0.11756874999999997,0.7878406249999999,0.094590625
47000,1.2792696874999998,0.11802187500000001,0.7848718749999999,0.09710625
47100,1.2796646875000002,0.11833749999999998,0.7852,0.09646249999999999
47200,1.2806031249999998,0.118584375,0.7848093749999999,0.09660624999999998
47300,1.2810118749999995,0.11911250000000002,0.784928125,0.09595937500000003
47400,1.28177125,0.11950312499999999,0.7841812500000002,0.096315625
47500,1.2829034375000006,0.120246875,0.7838593749999998,0.09589375000000004
47600,1.283508125,0.12041250000000005,0.7838156250000001,0.09577187500000003
47700,1.2847443750000003,0.12116875000000002,0.7835874999999999,0.09524375
47800,1.2844746875,0.12112812499999999,0.7844656249999999,0.09440624999999998
47900,1.2834553125000001,0.12144687500000004,0.7870124999999999,0.09154062500000001
48000,1.2823346875000003,0.12145625000000004,0.7872749999999998,0.09126875000000002
48100,1.2809803125000003,0.12081250000000002,0.7883562499999999,0.09083125
48200,1.2811203125000006,0.12096250000000001,0.7880500000000003,0.09098750000000001
48300,1.280945,0.12078125,0.7880625000000002,0.09115625
48400,1.2816503125000003,0.12132500000000002,0.7877656249999998,0.09090937499999999
48500,1.2826784374999993,0.12178125000000002,0.7875343749999999,0.09068437499999998
48600,1.2836028124999999,0.12211249999999998,0.7856937500000001,0.09219375000000002
48700,1.284750625,0.12288750000000002,0.7856312499999998,0.09148124999999999
48800,1.2847725000000003,0.12280937500000003,0.78636875,0.090821875
48900,1.2859234374999997,0.123590625,0.7858312500000002,0.09057812499999998
49000,1.2882015625,0.124709375,0.7838843750000002,0.09140625000000001
49100,1.289976875,0.12559375,0.7824031249999999,0.092003125
49200,1.2910425,0.12582500000000002,0.7813906250000002,0.09278437500000002
49300,1.2913140625000001,0.125828125,0.7803562500000004,0.09381562500000001
49400,1.2919225,0.12552499999999997,0.7801937499999999,0.09428125000000002
49500,1.29152625,0.12508437500000003,0.7804156249999997,0.0945
49600,1.2916240625000002,0.12501250000000005,0.779803125,0.095184375
49700,1.2917187500000002,0.12456875000000002,0.7791843749999999,0.096246875
49800,1.2912078125000006,0.12433124999999999,0.779334375,0.09633437499999997
49900,1.2913971874999999,0.12483437500000004,0.7799375000000003,0.095228125
50000,1.29241625,0.125434375,0.77940625,0.09515937499999998
50100,1.2935318750000004,0.1257375,0.7785874999999999,0.09567499999999998
50200,1.2946840625,0.12635937500000002,0.7776312499999999,0.096009375
50300,1.2957512500000001,0.12701874999999999,0.7775374999999999,0.09544375
50400,1.2963240625,0.12741562499999998,0.777096875,0.0954875
50500,1.2968562499999998,0.12808125000000004,0.7775156250000002,0.09440312500000002
50600,1.2958037500000001,0.127675,0.7786406250000002,0.09368437500000001
50700,1.2943618749999999,0.126859375,0.7800562500000002,0.09308437499999998
50800,1.2932084374999995,0.12676249999999997,0.7811374999999998,0.09210000000000002
50900,1.2924321875000004,0.12624999999999997,0.7815218750000001,0.09222812499999997
51000,1.2923484374999998,0.12616562500000003,0.781334375,0.09250000000000001
51100,1.2929209375000004,0.126409375,0.7804593749999998,0.09313124999999997
51200,1.2931418750000006,0.12613437499999997,0.7796187500000005,0.094246875
51300,1.2929562500000003,0.126221875,0.7800093750000002,0.09376874999999997
51400,1.2941678125000007,0.12634374999999998,0.7790843750000003,0.09457187500000001
51500,1.2952493749999998,0.12712500000000002,0.7780000000000002,0.094875
51600,1.2963650000000002,0.12705624999999995,0.776625,0.09631875000000002
51700,1.2977868750000003,0.12769687500000002,0.776496875,0.09580625000000002
51800,1.2992921874999996,0.12809062499999999,0.7751656249999997,0.09674375000000003
51900,1.3011281250000004,0.12894687500000002,0.7741843750000001,0.09686875000000002
52000,1.3013468750000003,0.12899687499999998,0.77448125,0.096521875
52100,1.3011831250000003,0.1292,0.7752,0.09560000000000002
52200,1.3006515625,0.128853125,0.775653125,0.09549375
52300,1.3003178124999997,0.1289625,0.77535625,0.09568125000000002
52400,1.298972187499999,0.12886562499999998,0.77655,0.09458437500000001
52500,1.2968603124999998,0.127946875,0.778040625,0.0940125
52600,1.2948746875,0.12755937499999997,0.7795000000000001,0.09294062499999997
52700,1.295206875,0.12762500000000002,0.778975,0.09339999999999997
52800,1.2947549999999999,0.127425,0.7789937499999999,0.09358125000000002
52900,1.2961624999999994,0.127596875,0.776990625,0.09541250000000001
53000,1.2951109374999996,0.127240625,0.7774718749999998,0.0952875
53100,1.2946796875,0.12727187500000003,0.7784781250000002,0.09425000000000001
53200,1.2954256250000005,0.12759062499999999,0.7777937500000003,0.09461562499999998
53300,1.2957721875,0.12745937500000004,0.7769687499999998,0.09557187499999997
53400,1.2964396875000004,0.12789687500000002,0.7763468749999999,0.09575624999999999
53500,1.2974328125,0.128121875,0.7756749999999999,0.096203125
