step,mean_aspect_ratio,fraction_elongated,fraction_round,fraction_binary
100,1.0,0.0,1.0,0.0
200,1.0292665624999997,0.0012906250000000005,0.9105250000000003,0.08818437500000001
300,1.0219184374999997,0.0015437500000000002,0.9293718750000001,0.06908437499999999
400,1.0185559375000002,0.0015531250000000007,0.9378781249999998,0.060568749999999984
500,1.0168409375,0.0015343750000000006,0.9424250000000002,0.056040625000000004
600,1.0155734375000005,0.0015562500000000001,0.9458093750000002,0.05263437499999999
700,1.0147175,0.0015218750000000002,0.94831875,0.050159375000000006
800,1.0145140625,0.0015656250000000002,0.9490656249999999,0.04936874999999999
900,1.014208125,0.0015468749999999999,0.95076875,0.047684375
1000,1.0137087500000002,0.0015312500000000003,0.9526312499999999,0.045837499999999996
1100,1.0133221875000002,0.0016406250000000002,0.9537906249999998,0.044568750000000004
1200,1.0135962499999998,0.0017781250000000002,0.9541375000000003,0.044084374999999995
1300,1.0135674999999997,0.0018062500000000003,0.9550031250000001,0.04319062500000002
1400,1.013471875,0.0019000000000000002,0.9558937499999997,0.04220625
1500,1.0134696875,0.0019093750000000003,0.9565874999999999,0.041503125000000016
1600,1.0134268750000002,0.001996875000000001,0.9568125000000001,0.041190625000000015
1700,1.0135249999999996,0.002087500000000001,0.9573125,0.04059999999999998
1800,1.01379625,0.0021750000000000003,0.95699375,0.04083125000000001
1900,1.013773125,0.0022062500000000007,0.9573718749999997,0.04042187500000001
2000,1.013811875,0.002318750000000001,0.958028125,0.039653125
2100,1.0137718750000002,0.002406250000000001,0.958440625,0.039153125000000004
2200,1.0140628125000002,0.002565625000000001,0.9586656250000003,0.038768749999999984
2300,1.014539375,0.0027625000000000006,0.9580875000000002,0.03914999999999999
2400,1.0151159375000003,0.0029343750000000012,0.9579000000000001,0.039165625
2500,1.0152850000000004,0.0030500000000000006,0.9584593749999999,0.038490624999999994
2600,1.0156065625000001,0.003237500000000001,0.9579281250000005,0.038834374999999983
2700,1.0160637500000003,0.0034406250000000005,0.9584312499999997,0.038128125000000006
2800,1.0164490625000002,0.003634375,0.9578624999999998,0.038503125
2900,1.0169378125,0.003803125,0.95755,0.038646875
3000,1.0169675,0.0039125,0.9577437499999996,0.03834375000000001
3100,1.0172537500000003,0.004025000000000001,0.9578749999999999,0.03810000000000001
3200,1.0182146875000002,0.0042656249999999995,0.95661875,0.039115625
3300,1.0184984375,0.004584375,0.9573249999999999,0.038090624999999996
3400,1.0192562499999993,0.004900000000000002,0.9569562499999997,0.038143750000000004
3500,1.0202281250000003,0.0051781250000000004,0.9561406249999996,0.03868124999999998
3600,1.0208471875,0.005628125,0.955759375,0.038612499999999994
3700,1.0219990624999997,0.005846875,0.9543718750000002,0.039781250000000004
3800,1.0223493749999994,0.006071875,0.9546124999999999,0.03931562499999999
3900,1.0228181249999997,0.0063625,0.9542031249999999,0.039434374999999994
4000,1.0231462499999995,0.006603125,0.9544437500000003,0.038953125
4100,1.023920625,0.006790624999999998,0.9537156249999998,0.03949375000000001
4200,1.0244034374999997,0.00699375,0.95359375,0.0394125
4300,1.0249315625000002,0.0071312500000000004,0.9532062500000001,0.03966250000000002
4400,1.0249475,0.007240625,0.9533937500000003,0.039365624999999994
4500,1.0255015625000001,0.007496874999999999,0.9532781250000001,0.039225
4600,1.0263925,0.0077218750000000004,0.9521500000000002,0.040128124999999994
4700,1.0267665625000004,0.00803125,0.9526875,0.039281250000000004
4800,1.0273603125000002,0.008221875,0.951790625,0.039987500000000016
4900,1.0279793750000001,0.008528125,0.9516562499999998,0.039815625000000014
5000,1.0285109375,0.008884374999999998,0.9509812499999999,0.040134375
5100,1.0294771875,0.009340625,0.9513125,0.039346875
5200,1.0304437500000003,0.009737499999999998,0.9499406249999998,0.040321875000000014
5300,1.0313837499999998,0.010096874999999998,0.9499031250000003,0.039999999999999994
5400,1.0323553125000002,0.010431249999999998,0.9487093750000002,0.04085937499999999
5500,1.03355,0.01085625,0.9477062499999999,0.04143749999999999
5600,1.0347125,0.011290624999999999,0.9473249999999999,0.041384374999999994
5700,1.0360184375000003,0.011959374999999998,0.9465843749999997,0.041456249999999986
5800,1.0369696874999998,0.012434374999999998,0.946059375,0.04150625
5900,1.0384246875,0.013096875,0.9449562499999996,0.041946874999999995
6000,1.03943125,0.013762499999999999,0.9446312499999995,0.04160624999999999
6100,1.0405896874999998,0.0142875,0.9439093749999998,0.04180312499999998
6200,1.0419171875,0.014971875,0.9432499999999998,0.04177812499999999
6300,1.0432428125,0.015315624999999998,0.9418281249999997,0.042856250000000005
6400,1.0446974999999998,0.015928125,0.9408468750000001,0.043225
6500,1.0461340625,0.01639375,0.9399343749999999,0.04367187500000001
6600,1.0478940624999995,0.017209375000000002,0.9387843750000001,0.04400624999999999
6700,1.0498593750000003,0.018228125000000005,0.9374593750000002,0.04431249999999999
6800,1.0517387500000002,0.018871875,0.9360031249999997,0.045125000000000005
6900,1.05336625,0.019571875,0.93466875,0.045759374999999984
7000,1.0551946875,0.020221875000000007,0.9327656250000002,0.04701249999999999
7100,1.05609125,0.020646875000000002,0.9332968750000001,0.046056249999999986
7200,1.0573418750000003,0.021300000000000003,0.932834375,0.045865624999999986
7300,1.0587778125000002,0.021996875,0.9320374999999999,0.045965624999999996
7400,1.0601934374999997,0.022556250000000003,0.9313250000000001,0.046118749999999986
7500,1.0614384375,0.023003125,0.93014375,0.046853125000000016
7600,1.0622671874999998,0.023240625,0.929953125,0.046806250000000015
7700,1.0637953125,0.023915624999999996,0.9287718749999998,0.04731250000000001
7800,1.0650634374999999,0.0244125,0.9277812499999999,0.04780625
7900,1.0664459375,0.024846874999999997,0.926571875,0.04858125
8000,1.0670831249999997,0.025171874999999996,0.9262750000000002,0.048553125
8100,1.0678659375000001,0.025553124999999996,0.926203125,0.04824374999999999
8200,1.0684062499999998,0.025646875000000006,0.9258531249999998,0.0485
8300,1.0693771874999995,0.026112499999999997,0.9248249999999998,0.049062499999999995
8400,1.0698668750000002,0.026153125,0.9248125,0.049034375000000005
8500,1.0700228124999998,0.026125000000000002,0.924628125,0.049246875
8600,1.0704362499999998,0.02616875,0.9244687499999997,0.04936249999999999
8700,1.0708928125,0.026503124999999992,0.92368125,0.04981562500000001
8800,1.0716487499999998,0.027212499999999994,0.9239781249999999,0.04880937500000001
8900,1.0722606250000002,0.02731875,0.9235531250000003,0.049128125
9000,1.0734290625000003,0.027965625,0.9224968749999997,0.0495375
9100,1.0744753124999995,0.028131249999999997,0.9208375,0.05103125
9200,1.074935,0.028478124999999993,0.920715625,0.05080624999999999
9300,1.075654375,0.02883125,0.9211437499999999,0.050024999999999986
9400,1.0764125000000002,0.029378125,0.9204843749999995,0.05013749999999999
9500,1.0770678125000002,0.029678124999999996,0.9203874999999999,0.049934374999999996
9600,1.0773343750000004,0.02997187499999999,0.9206156250000003,0.049412500000000005
9700,1.0770993749999997,0.029899999999999996,0.9207093749999998,0.04939062500000001
9800,1.0769571875,0.029781250000000002,0.9207750000000002,0.04944374999999999
9900,1.077075625,0.029825,0.9209718749999999,0.04920312500000001
10000,1.0773924999999998,0.030125,0.9204375000000001,0.04943749999999998
10100,1.0782762500000003,0.030446874999999998,0.91950625,0.050046875000000005
10200,1.0783868750000003,0.03053125,0.919321875,0.050146874999999994
10300,1.078584375,0.030471875,0.9198843750000004,0.049643750000000014
10400,1.0787409374999997,0.030621875000000003,0.9191999999999999,0.05017812500000002
10500,1.0797346874999998,0.030921874999999998,0.9185499999999998,0.050528125000000014
10600,1.0807749999999998,0.031415625,0.9180781250000003,0.05050625000000001
10700,1.0809890625,0.03158125,0.9177499999999998,0.05066874999999998
10800,1.0810071875,0.03162499999999999,0.9176281249999998,0.05074687499999999
10900,1.0819428125000001,0.032021875000000005,0.9174624999999998,0.050515625
11000,1.0833809374999999,0.032471875,0.9160750000000002,0.051453124999999995
11100,1.0844231249999998,0.03280625,0.9163781249999999,0.05081562499999998
11200,1.0848875,0.03324687500000001,0.9159656250000003,0.050787500000000006
11300,1.0854284374999996,0.033265625,0.9156781249999999,0.05105625000000001
11400,1.08602,0.033712500000000006,0.9152843749999999,0.051003124999999976
11500,1.08726875,0.034271875,0.9143156249999999,0.051412500000000014
11600,1.0886546875,0.034768749999999994,0.9134125000000001,0.05181875000000002
11700,1.0890975000000007,0.03515625,0.91339375,0.05144999999999999
11800,1.0902015624999997,0.035521874999999994,0.9128,0.051678125000000005
11900,1.0914300000000003,0.036278125,0.9111656249999998,0.052556249999999985
12000,1.0927675000000001,0.036809375,0.9102781249999998,0.052912499999999994
12100,1.0943925,0.03732812499999999,0.9088625000000002,0.053809375
12200,1.0956306249999999,0.038000000000000006,0.9089843749999998,0.053015625000000004
12300,1.0964796875,0.03834062499999999,0.9084531249999999,0.053206250000000004
12400,1.0977909375,0.039053124999999994,0.9074812500000001,0.053465625
12500,1.0991915625,0.039553125,0.9061874999999996,0.05425937499999999
12600,1.1001428124999995,0.039715625000000004,0.905803125,0.05448124999999998
12700,1.0998209375000003,0.039671875,0.905728125,0.054599999999999996
12800,1.0996103125000003,0.039890625,0.9059437500000003,0.05416562500000001
12900,1.1005290625000002,0.040178125,0.9055656250000002,0.05425625
13000,1.1012396875,0.04065624999999999,0.9053093750000001,0.054034374999999975
13100,1.1024343749999996,0.04125625,0.904315625,0.054428124999999994
13200,1.10308625,0.04138125,0.9039124999999998,0.05470624999999998
13300,1.1037846875,0.041853125,0.903915625,0.05423125000000001
13400,1.1039974999999997,0.04213437499999999,0.9045250000000001,0.053340625
13500,1.1041862499999997,0.04222187499999999,0.9042093749999999,0.05356875000000001
13600,1.103623125,0.04184062499999999,0.9044937499999998,0.05366562499999999
13700,1.1031250000000001,0.04154374999999999,0.9049937499999998,0.053462500000000024
13800,1.1029565625,0.04168749999999999,0.9050843750000002,0.05322812499999999
13900,1.1035071875000002,0.041646875,0.9044499999999999,0.053903124999999996
14000,1.1033659374999998,0.041540625000000005,0.9043250000000002,0.05413437499999998
14100,1.1029862500000005,0.04155625,0.904703125,0.05374062500000001
14200,1.1033571875000001,0.0415125,0.9040437499999998,0.05444375
14300,1.1038387499999995,0.041678124999999996,0.9034125,0.054909375
14400,1.1046618750000001,0.0419625,0.9028374999999998,0.05519999999999999
14500,1.1056081250000003,0.042143749999999994,0.902021875,0.05583437499999999
14600,1.1068628125,0.0426,0.9008781250000001,0.056521874999999985
14700,1.1073071875000005,0.043184375,0.9010437500000001,0.05577187499999997
14800,1.1077706250000003,0.04346875000000001,0.90114375,0.055387500000000006
14900,1.108233125,0.043853125,0.9014500000000001,0.054696875
15000,1.1084940625,0.04409375,0.9016781249999999,0.054228124999999995
15100,1.1088790624999998,0.04445625,0.9012781250000003,0.05426562499999999
15200,1.1094659375,0.044828124999999996,0.900571875,0.05459999999999998
15300,1.1105096875000002,0.044990625,0.8995062499999997,0.05550312499999999
15400,1.11189125,0.04539687499999999,0.8980281249999997,0.05657500000000003
15500,1.1126715625000003,0.0457875,0.8976093749999999,0.05660312500000002
15600,1.1139053125,0.046140625000000005,0.8967468749999998,0.057112500000000004
15700,1.1148203125,0.046190625000000006,0.8955000000000001,0.05830937499999999
15800,1.1149775000000006,0.046178125,0.895759375,0.0580625
15900,1.114471875,0.046231249999999995,0.8960250000000001,0.05774374999999999
16000,1.1143965624999999,0.04587812499999999,0.896496875,0.057624999999999996
16100,1.1138571874999996,0.045778125,0.896940625,0.057281249999999985
16200,1.1131003124999999,0.04568125,0.89779375,0.056525
16300,1.1131771874999998,0.04571875000000001,0.897434375,0.05684687500000001
16400,1.1138940624999996,0.04584375,0.8967374999999999,0.05741875000000001
16500,1.1150637500000002,0.04593749999999999,0.8955781249999999,0.058484375000000005
16600,1.1157640625000003,0.0461375,0.89529375,0.05856875
16700,1.1155546875,0.04636875,0.8956500000000005,0.05798124999999999
16800,1.1159553125000001,0.046656249999999996,0.8953281250000004,0.05801562500000001
16900,1.1165334374999998,0.04655000000000001,0.8944093749999996,0.059040625
17000,1.1172753125000001,0.0473,0.8942968749999998,0.058403125000000014
17100,1.1181009375000002,0.047378125000000014,0.8941406250000002,0.05848124999999999
17200,1.1180696875,0.047675,0.8946625,0.05766249999999999
17300,1.1187690625,0.04828749999999999,0.8943906249999999,0.05732187499999998
17400,1.1194031249999998,0.0483,0.893521875,0.05817812499999998
17500,1.1198137499999996,0.04852187499999999,0.8932718749999996,0.058206249999999994
17600,1.1195146875000002,0.04809062500000001,0.8934031250000002,0.05850624999999999
17700,1.1195437499999998,0.047984374999999996,0.8929718750000002,0.059043750000000006
17800,1.1192853125,0.047834375000000005,0.8934218749999997,0.058743749999999983
17900,1.1193156249999998,0.047878124999999994,0.89354375,0.05857812500000002
18000,1.1188371875,0.047678125,0.8931125000000001,0.05920937499999999
18100,1.1198006249999997,0.048193749999999994,0.8925781250000001,0.059228125
18200,1.1201293750000003,0.047981249999999996,0.8922125,0.05980625
18300,1.1200865625,0.048246875,0.892434375,0.05931874999999999
18400,1.1208771874999999,0.04864062499999999,0.89203125,0.059328124999999995
18500,1.12058125,0.048549999999999996,0.8918781249999996,0.059571875
18600,1.1209178124999999,0.04854375,0.8926531249999999,0.058803125
18700,1.1210243749999997,0.04875625,0.892315625,0.05892812499999999
18800,1.1207778124999996,0.04862812500000001,0.8923062499999997,0.05906562499999999
18900,1.1201696875000002,0.0482,0.8932781249999996,0.05852187499999999
19000,1.1188253124999998,0.04797812499999999,0.894871875,0.05715
19100,1.1184265624999998,0.047871875,0.8947687500000002,0.05735937500000001
19200,1.118175625,0.04769375,0.894925,0.05738125
19300,1.1177084374999997,0.04790625,0.8951125000000002,0.05698124999999999
19400,1.1175071875000004,0.04786875,0.8952562500000002,0.05687499999999998
19500,1.1172681249999998,0.04781875000000001,0.895821875,0.05635937499999998
19600,1.1169753125,0.04786875,0.8961156249999999,0.056015624999999986
19700,1.1170290624999997,0.048003124999999994,0.8954781249999997,0.05651875
19800,1.1175181250000004,0.04824375,0.8954656249999998,0.056290624999999976
19900,1.1169062499999998,0.047903125,0.8959124999999997,0.056184375000000016
20000,1.1164971874999998,0.04777499999999999,0.8965968750000003,0.055628125
20100,1.1158124999999997,0.04756874999999999,0.8966093749999999,0.055821875
20200,1.1155893749999999,0.0475875,0.8974031250000001,0.055009375000000006
20300,1.1158690624999998,0.0477625,0.8967281250000005,0.05550937500000003
20400,1.116494375,0.047868749999999995,0.8961812499999999,0.05595000000000001
20500,1.1169053125000004,0.048003125,0.8963187499999998,0.055678125000000016
20600,1.1183046875000002,0.048428125,0.8947468749999999,0.05682500000000002
20700,1.1194275,0.048775,0.8939718750000004,0.05725312500000001
20800,1.1202031250000004,0.048924999999999996,0.893028125,0.05804687500000002
20900,1.1206028125000003,0.049309375,0.8926999999999998,0.05799062500000001
21000,1.1212518750000002,0.04980937499999999,0.892371875,0.05781875
21100,1.1217428125,0.04983125,0.8919468750000004,0.058221874999999985
21200,1.1229609374999996,0.05026874999999999,0.8906624999999999,0.05906874999999998
21300,1.1235915624999997,0.05026875,0.8898749999999999,0.05985624999999999
21400,1.1240762500000003,0.050675,0.889725,0.059599999999999986
21500,1.1248259375000003,0.05095312500000001,0.8895187500000001,0.05952812500000001
21600,1.1245618750000002,0.050634374999999995,0.889871875,0.059493749999999984
21700,1.1247156250000003,0.05057187499999999,0.8898093750000003,0.059618750000000005
21800,1.1250731249999995,0.05071562500000001,0.88965625,0.059628125
21900,1.1249528125,0.050940624999999996,0.8903531250000002,0.058706250000000015
22000,1.1250781250000002,0.050987500000000005,0.8900062500000002,0.05900624999999998
22100,1.1254062500000002,0.05100000000000001,0.889503125,0.059496875
22200,1.1248684375,0.05065,0.8895374999999998,0.05981249999999998
22300,1.1244865625000002,0.050871875,0.8902312499999998,0.058896874999999994
22400,1.1245621875000005,0.05068749999999999,0.8898000000000001,0.059512499999999996
22500,1.125030625,0.05091875,0.889859375,0.059221874999999986
22600,1.12567625,0.051212499999999994,0.8897406249999997,0.05904687499999999
22700,1.1256093749999996,0.05157187499999999,0.8900718750000001,0.058356250000000005
22800,1.126919375,0.052140624999999996,0.8884968750000001,0.059362500000000006
22900,1.1266093750000006,0.051959375000000016,0.8892218750000002,0.05881875000000001
23000,1.1264996875,0.052296875,0.88961875,0.058084374999999994
23100,1.1273075000000001,0.052768749999999996,0.88928125,0.057949999999999995
23200,1.1274571875000001,0.05301562500000001,0.8892906250000002,0.05769374999999999
23300,1.1277359374999998,0.052993750000000006,0.8896499999999998,0.057356250000000004
23400,1.1281578125000002,0.053531249999999996,0.8896593749999999,0.05680937500000001
23500,1.1287037499999997,0.0538,0.889459375,0.05674062499999999
23600,1.1291475000000002,0.05420937499999999,0.889465625,0.056325
23700,1.1292928125000004,0.054103124999999995,0.8887187499999999,0.057178125
23800,1.129325625,0.054109375,0.8890187499999999,0.056871874999999995
23900,1.1291059375,0.053765625000000004,0.8885625,0.05767187500000001
24000,1.1289271875000004,0.053399999999999996,0.8884687499999999,0.05813125
24100,1.1287653125,0.053621875,0.889046875,0.057331249999999986
24200,1.1291403124999997,0.053653125,0.889071875,0.05727500000000002
24300,1.1285946875000001,0.05348437500000001,0.8885875000000004,0.057928125000000004
24400,1.1284440625000003,0.053184375,0.8887687500000001,0.058046875000000005
24500,1.1286940625,0.053559375000000006,0.8886468750000003,0.05779375
24600,1.1292403125000001,0.053528125,0.8887406250000003,0.05773124999999999
24700,1.1300890625,0.054137500000000005,0.8881312499999999,0.057731249999999984
24800,1.1308746875000002,0.05467812499999999,0.8875062499999998,0.057815625
24900,1.1317340625,0.055271875,0.8871249999999999,0.057603125
25000,1.1323643750000005,0.055615625,0.8867312500000001,0.05765312500000002
25100,1.133735,0.056028125000000005,0.8859562499999998,0.05801562500000001
25200,1.1354787499999999,0.056546874999999996,0.8844218749999997,0.059031249999999987
25300,1.1363412500000005,0.05701875000000001,0.88430625,0.058675
25400,1.1375240625,0.057068750000000015,0.8832468749999999,0.059684375
25500,1.1381671875,0.057425000000000004,0.8830687500000001,0.05950624999999999
25600,1.1391003124999997,0.05754687499999999,0.8820093750000002,0.06044374999999999
25700,1.1390978125000002,0.057600000000000005,0.881646875,0.060753125000000026
25800,1.1398246875,0.05802500000000001,0.881390625,0.060584375
25900,1.1403121875,0.058103125,0.8813218749999998,0.06057500000000001
26000,1.1404165624999996,0.058271875,0.8809375000000004,0.060790624999999994
26100,1.1399862500000002,0.058103125,0.8816781249999998,0.06021874999999999
26200,1.1391656250000002,0.05761562499999999,0.8819937499999999,0.060390625
26300,1.1383246875000002,0.05762499999999999,0.8833687499999999,0.05900624999999999
26400,1.1380443750000002,0.057434374999999996,0.88268125,0.059884375000000004
26500,1.1370659375000003,0.057275000000000006,0.8838562499999999,0.05886875
26600,1.1370481250000002,0.057234375000000004,0.8843,0.05846562499999999
26700,1.13680125,0.05718124999999999,0.8847656250000001,0.058053125
26800,1.136541875,0.05704374999999999,0.884859375,0.058096875000000006
26900,1.1360196875,0.05674375,0.8858531249999998,0.05740312499999999
27000,1.1357912500000003,0.056843749999999985,0.8852624999999997,0.057893749999999994
27100,1.1353796875000004,0.056684374999999995,0.8849687500000001,0.058346875
27200,1.1353950000000004,0.05632499999999999,0.8852000000000003,0.05847500000000001
27300,1.1350184375,0.056368749999999995,0.88511875,0.05851250000000001
27400,1.1348365624999996,0.05604375,0.885153125,0.05880312500000001
27500,1.1343065624999995,0.055709375,0.8855093750000003,0.05878125
27600,1.1336240624999998,0.055118749999999994,0.8859781250000001,0.05890312500000001
27700,1.134105,0.05530312500000001,0.8852687500000003,0.05942812499999999
27800,1.1344150000000002,0.055281250000000004,0.8851687500000002,0.05954999999999998
27900,1.1343381250000002,0.0554125,0.88591875,0.058668750000000006
28000,1.1341778125000002,0.05556874999999999,0.88571875,0.058712499999999994
28100,1.1341728125000003,0.05563749999999999,0.8862187499999997,0.05814374999999998
28200,1.1339678125000001,0.055612499999999995,0.8861312500000003,0.058256249999999996
28300,1.13384375,0.05560625000000002,0.8863718750000001,0.058021874999999994
28400,1.1338362499999999,0.055615625,0.8862312499999999,0.058153124999999986
28500,1.1340853125,0.0556,0.88593125,0.058468749999999986
28600,1.1332718749999997,0.055509375,0.8862000000000002,0.05829062499999999
28700,1.1340628125,0.05588125000000001,0.8861093750000001,0.05800937500000001
28800,1.1352112499999998,0.0563375,0.8853156249999999,0.058346875000000006
28900,1.1348128124999997,0.056112499999999996,0.885490625,0.058396874999999994
29000,1.1346040625,0.05614687499999999,0.8858781250000001,0.05797499999999999
29100,1.1337862500000004,0.05574375,0.8864875,0.057768750000000015
29200,1.1335396875000003,0.055471875,0.8859875,0.058540625
29300,1.1330815624999997,0.0552875,0.886340625,0.058371875000000004
29400,1.1333018749999995,0.055278125,0.886221875,0.058499999999999996
29500,1.1336959375000002,0.05513125000000001,0.8853374999999999,0.05953125
29600,1.1323803124999994,0.054424999999999994,0.8859374999999997,0.059637499999999996
29700,1.1325040625,0.054474999999999996,0.8854468750000003,0.06007812500000001
29800,1.1327418749999998,0.05417187500000001,0.8850500000000003,0.06077812499999999
29900,1.1320393749999997,0.05395,0.8854624999999998,0.060587500000000016
30000,1.1325946874999997,0.054384375000000006,0.88569375,0.059921874999999986
30100,1.1324568750000006,0.05454375,0.88568125,0.059774999999999995
30200,1.1326043749999997,0.054724999999999996,0.8858249999999999,0.05944999999999999
30300,1.1331550000000001,0.054896875,0.8851968749999997,0.05990625
30400,1.1337637499999995,0.05493437500000001,0.8849062499999999,0.06015937499999999
30500,1.1339465624999996,0.054928125,0.884909375,0.060162499999999994
30600,1.1343087500000002,0.05483125,0.8839343750000003,0.061234374999999994
30700,1.1337034375000004,0.054728125,0.8850968749999999,0.060174999999999985
30800,1.1336000000000002,0.054856249999999995,0.8855718749999999,0.05957187500000001
30900,1.1342171875,0.05524375000000001,0.8853499999999996,0.05940625
31000,1.1334465625,0.054984374999999995,0.8868999999999999,0.05811562499999998
31100,1.1326362499999998,0.055,0.8879687500000001,0.05703124999999999
31200,1.1316621875000001,0.05465625,0.887803125,0.05754062500000001
31300,1.1316824999999997,0.05470625,0.8877375,0.057556249999999996
31400,1.1312512499999998,0.054740625,0.8880843749999998,0.05717499999999999
31500,1.1305881249999998,0.054296875,0.8886499999999999,0.057053125
31600,1.1301159375,0.05401875,0.8887187499999997,0.05726249999999999
31700,1.1294053125,0.05401875,0.889246875,0.05673437500000001
31800,1.1290334375,0.053765625,0.8896562500000003,0.05657812500000001
31900,1.1292271875,0.05351875,0.88945625,0.05702500000000001
32000,1.1289853125000002,0.05373749999999999,0.8900124999999998,0.056249999999999994
32100,1.129280625,0.053753125,0.8890000000000001,0.057246874999999996
32200,1.1298659375,0.053893750000000004,0.8883218749999999,0.057784375
32300,1.1301356249999999,0.05371875,0.8887437500000002,0.057537500000000005
32400,1.1302618750000002,0.05382187499999999,0.8881468749999999,0.058031249999999986
32500,1.130583125,0.0539625,0.8884499999999997,0.05758750000000001
32600,1.1306209375,0.053746875,0.8877031249999998,0.05854999999999999
32700,1.1303890625,0.05402812500000001,0.8884031250000002,0.05756875
32800,1.1312424999999995,0.054334375,0.887396875,0.058268749999999994
32900,1.1312984375000001,0.054209375000000004,0.8867499999999998,0.059040625
33000,1.1310103124999995,0.053978124999999995,0.886621875,0.05940000000000001
33100,1.1306290624999997,0.05353125000000001,0.886903125,0.059565625
33200,1.1296968749999998,0.05346874999999999,0.8875062499999999,0.059024999999999994
33300,1.1288871874999995,0.05301875,0.88815625,0.058824999999999995
33400,1.1284821875000002,0.052571875000000004,0.8878875,0.05954062500000001
33500,1.1282109375,0.05240937500000001,0.8882,0.05939062499999999
33600,1.1280706249999999,0.05256875,0.88889375,0.05853749999999999
33700,1.1280587499999992,0.05289375,0.8888000000000003,0.058306250000000004
33800,1.1276396874999999,0.0527875,0.889078125,0.05813437500000001
33900,1.1279296875,0.05260624999999999,0.8892249999999999,0.05816875000000001
34000,1.1286475000000005,0.053156249999999995,0.8883468749999998,0.058496875000000004
34100,1.1295853124999997,0.05361562500000001,0.8882437499999998,0.05814062499999999
34200,1.1303643749999996,0.053840625,0.887159375,0.059000000000000004
34300,1.1302343750000006,0.053593749999999996,0.8882031250000003,0.05820312499999999
34400,1.129653125,0.053409374999999995,0.8887875000000001,0.057803125000000004
34500,1.1300015625000004,0.053709375000000004,0.888175,0.058115624999999976
34600,1.1301121875,0.053471875,0.8880343749999998,0.05849375
34700,1.1303274999999997,0.05366249999999999,0.8878281249999996,0.05850937499999998
34800,1.1308871875000004,0.05388749999999999,0.886965625,0.059146875
34900,1.1313712500000002,0.05394062500000001,0.8871625,0.058896874999999994
35000,1.1310915625,0.053715625,0.8871812500000004,0.059103125
35100,1.1318490624999997,0.05373125000000001,0.88628125,0.05998750000000001
35200,1.1320443750000002,0.053815625,0.886009375,0.06017499999999999
35300,1.1323356249999996,0.0539,0.8855500000000001,0.060550000000000014
35400,1.1324359375000004,0.05397187499999999,0.8855062499999999,0.060521874999999996
35500,1.1322068750000003,0.05428749999999999,0.8856968749999999,0.060015625
35600,1.1317528125000003,0.054053125,0.8860000000000001,0.05994687499999998
35700,1.1317584375,0.05341874999999999,0.885575,0.06100625000000001
35800,1.1310190625,0.053262500000000004,0.8871843750000002,0.05955312500000002
35900,1.1310756249999996,0.05318125,0.8864687499999999,0.060350000000000015
36000,1.1312337500000003,0.05328124999999999,0.886040625,0.060678125000000006
36100,1.1311715625000005,0.05344062500000001,0.8863187500000005,0.06024062499999998
36200,1.1319962499999998,0.05378437500000001,0.8853625,0.06085312499999998
36300,1.13178125,0.054040625,0.8864749999999999,0.05948437499999999
36400,1.1321509375,0.054303125,0.8868656249999999,0.05883125000000002
36500,1.132344375,0.054278125,0.8868437499999997,0.05887812500000001
36600,1.1326953124999997,0.05468437499999999,0.8864,0.05891562499999998
36700,1.1317065625,0.05437187500000001,0.8881968750000002,0.05743124999999999
36800,1.1312687499999998,0.054128125,0.8882062499999999,0.05766562499999997
36900,1.1303909374999999,0.053562500000000006,0.8888781249999999,0.057559374999999996
37000,1.1302515624999996,0.05360625,0.8883125000000002,0.05808125
37100,1.1295415624999998,0.053387500000000004,0.8885468750000001,0.05806562499999998
37200,1.129284375,0.05332187499999999,0.8890343750000004,0.05764375
37300,1.1294790625000002,0.053546875,0.88925,0.05720312499999997
37400,1.1291934375000003,0.053375,0.8887125000000002,0.0579125
37500,1.1298487499999998,0.053543749999999994,0.8877281249999999,0.05872812500000001
37600,1.13020625,0.05368124999999999,0.8875750000000004,0.058743749999999983
37700,1.1301171875,0.05378125,0.8876437500000001,0.058574999999999953
37800,1.1299128124999995,0.053643750000000004,0.8880750000000002,0.05828124999999997
37900,1.129855,0.05339375,0.8881499999999999,0.05845624999999998
38000,1.1297050000000002,0.053646875,0.8887093749999998,0.05764375
38100,1.1303174999999996,0.053903124999999996,0.8882906249999999,0.05780624999999999
38200,1.1300225000000002,0.05376875,0.8886343750000001,0.057596875000000006
38300,1.1295256249999999,0.053684375,0.8890937499999997,0.057221875
38400,1.1285178125000002,0.0531625,0.88930625,0.057531249999999985
38500,1.1279699999999993,0.05290625,0.8895312500000003,0.05756249999999998
38600,1.1275765625,0.05260312500000001,0.889546875,0.057849999999999985
38700,1.1280712499999999,0.05258437500000001,0.8893812500000003,0.058034374999999985
38800,1.1279956250000003,0.052496875,0.8894281249999998,0.058074999999999995
38900,1.1275024999999999,0.05218125,0.8900781249999998,0.057740625000000004
39000,1.12656625,0.051971875,0.8910312499999999,0.056996875
39100,1.12544,0.051725000000000014,0.8917281250000002,0.05654687500000002
39200,1.1239806250000004,0.051109375000000005,0.893021875,0.055868750000000016
39300,1.1228706250000002,0.050431250000000004,0.893890625,0.05567812499999998
39400,1.1230300000000002,0.050159375,0.8928968749999997,0.05694375
39500,1.1224099999999997,0.05009374999999999,0.8933125000000001,0.05659374999999999
39600,1.1218059375000005,0.049428124999999996,0.8931343749999997,0.05743749999999998
39700,1.1213565625000004,0.04956875000000001,0.893446875,0.056984375
39800,1.1203131250000005,0.049053124999999996,0.8939375000000002,0.05700937500000002
39900,1.1192690625000001,0.048871875,0.8956625,0.05546562499999998
40000,1.1190328124999998,0.04888750000000001,0.895865625,0.05524687500000001
40100,1.1183587499999998,0.048434374999999995,0.8956656250000001,0.0559
40200,1.118119375,0.04817187499999999,0.8948156250000001,0.05701250000000002
40300,1.1174175000000002,0.04756875000000001,0.8948999999999998,0.057531249999999985
40400,1.1165053124999997,0.047206249999999984,0.8958750000000001,0.056918750000000004
40500,1.1162625000000002,0.04695,0.8958843750000004,0.05716562499999997
40600,1.1161415625000002,0.04704375000000001,0.896121875,0.056834374999999986
40700,1.1153115625,0.046871875,0.89709375,0.056034375000000004
40800,1.1154421875,0.04674375,0.8969687499999996,0.05628749999999999
40900,1.1153337500000002,0.046640625000000005,0.8966531249999998,0.056706249999999986
41000,1.1151378124999998,0.046846875,0.8973406249999997,0.05581249999999999
41100,1.1143859374999998,0.046615624999999994,0.8979718750000003,0.055412499999999996
41200,1.1143321874999998,0.046624999999999986,0.898065625,0.055309374999999994
41300,1.1148574999999998,0.047009375,0.8983312500000001,0.054659374999999996
41400,1.1158728125000004,0.04738124999999999,0.8974875000000002,0.055131250000000014
41500,1.1169700000000002,0.048028125,0.8966937499999997,0.055278124999999984
41600,1.1175821874999998,0.048403125,0.8961624999999995,0.05543437499999998
41700,1.118055,0.048528125000000005,0.8964593749999997,0.055012500000000006
41800,1.1186909375,0.04870312500000001,0.8957656249999999,0.055531250000000004
41900,1.1191046875000001,0.0489875,0.8960312499999998,0.05498125
42000,1.119345,0.049128125,0.8954468750000002,0.055424999999999995
42100,1.1197815625000003,0.049290625,0.8951406249999996,0.05556875
42200,1.1203290624999998,0.049668750000000005,0.89528125,0.05505000000000001
42300,1.1211150000000005,0.04994062500000001,0.89425625,0.055803125
42400,1.1221090624999999,0.05030625,0.89354375,0.05614999999999999
42500,1.1230746875000004,0.050659375,0.8925906249999997,0.05674999999999999
42600,1.1237493749999998,0.05105312500000001,0.8920812499999999,0.05686562500000002
42700,1.1238737499999998,0.05081250000000001,0.892309375,0.056878124999999995
42800,1.124100625,0.051062500000000004,0.8921999999999995,0.0567375
42900,1.1239409374999998,0.05071875,0.8924062500000002,0.05687500000000002
43000,1.1229524999999996,0.05021874999999999,0.8926468750000002,0.05713437499999999
43100,1.1217212500000002,0.049740625,0.893709375,0.05654999999999999
43200,1.1206612499999997,0.04916875,0.894434375,0.056396875
43300,1.1202425000000003,0.04875,0.89449375,0.056756249999999994
43400,1.1197918750000004,0.04858125,0.8948906249999998,0.056528124999999985
43500,1.1199624999999997,0.049025,0.8944562499999997,0.056518749999999986
43600,1.1195731250000003,0.048740624999999996,0.89450625,0.056753125
43700,1.1196915625,0.0485875,0.8946093749999998,0.056803124999999996
43800,1.1197734375,0.048709375000000006,0.8947875,0.056503125
43900,1.119758125,0.048931249999999996,0.8949468749999997,0.056121874999999995
44000,1.1200262499999998,0.048775000000000006,0.89435625,0.056868749999999996
44100,1.1204799999999997,0.04915312499999999,0.8936437500000002,0.05720312500000002
44200,1.1216175000000002,0.049459374999999986,0.89324375,0.057296875000000004
44300,1.1219796875000003,0.049887499999999994,0.8931750000000004,0.05693749999999999
44400,1.122135,0.05002812499999999,0.8931124999999998,0.05685937499999999
44500,1.1222146875,0.049737500000000004,0.893221875,0.05704062500000001
44600,1.122278125,0.049850000000000005,0.8931,0.05704999999999998
44700,1.122200625,0.050199999999999995,0.8936999999999998,0.056099999999999976
44800,1.1226068749999998,0.050365625000000004,0.893578125,0.056056249999999995
44900,1.1221015625000001,0.05033125,0.8938250000000002,0.055843750000000025
45000,1.1217537499999999,0.05001874999999999,0.8940499999999998,0.055931249999999974
45100,1.1212528124999999,0.049365624999999996,0.8936375000000001,0.05699687499999999
45200,1.1198565625,0.04926250000000001,0.8955093749999999,0.05522812499999999
45300,1.1198675000000002,0.049228124999999984,0.8952718749999999,0.05550000000000001
45400,1.1196665624999997,0.049253124999999995,0.8951374999999998,0.05560937499999999
45500,1.1190090625,0.049028125,0.8961906250000001,0.054781250000000004
45600,1.1198340624999998,0.04933125,0.8949468749999996,0.05572187499999999
45700,1.1197521874999996,0.04954375000000001,0.8947968750000005,0.055659375
45800,1.1188353125000001,0.04921874999999998,0.8956031250000002,0.05517812500000001
45900,1.118613125,0.04896249999999999,0.8961437499999997,0.054893749999999984
46000,1.118471875,0.04864375,0.89551875,0.055837500000000005
46100,1.1189203125,0.048749999999999995,0.8951437500000002,0.05610624999999999
46200,1.1189015625,0.04855937500000001,0.8950124999999998,0.05642812499999999
46300,1.1191731249999999,0.048678124999999996,0.8950937499999997,0.05622812499999999
46400,1.1192193750000003,0.048918750000000004,0.8952500000000001,0.05583124999999999
46500,1.1192821875,0.049012499999999994,0.89529375,0.05569374999999997
46600,1.1189490625000005,0.048928125,0.8953562499999997,0.055715625
46700,1.1187771875000003,0.04888125,0.89575,0.055368749999999994
46800,1.11796375,0.048721875,0.896765625,0.054512499999999985
46900,1.1171131250000004,0.0487625,0.8972187499999998,0.05401874999999999
47000,1.1170656250000002,0.048753125,0.8979156250000003,0.05333124999999998
47100,1.1165165625,0.048446875,0.8985250000000002,0.053028125
47200,1.1162025,0.04822812500000001,0.8984062500000001,0.053365624999999986
47300,1.1153468749999997,0.04780000000000001,0.8988249999999999,0.053375000000000006
47400,1.1150640625000001,0.047753125,0.8993156249999998,0.05293124999999999
47500,1.115416875,0.047865625,0.89863125,0.05350312499999999
47600,1.1155218750000002,0.047971875,0.8982281249999997,0.05379999999999999
47700,1.1156978124999999,0.047737499999999995,0.8981468749999999,0.05411562499999999
47800,1.115749375,0.04761875,0.8973062499999997,0.055075
47900,1.1154687499999998,0.047646875,0.8980312500000001,0.05432187499999999
48000,1.1163484375000003,0.048015624999999985,0.89710625,0.054878124999999986
48100,1.1174265625,0.0483625,0.8962718749999999,0.05536562500000001
48200,1.1179484374999997,0.0484625,0.8965281249999999,0.05500937499999999
48300,1.1186459375000002,0.04893437499999999,0.8960000000000001,0.055065624999999986
48400,1.1182956249999998,0.04878125,0.8959968750000001,0.055221875
48500,1.11779875,0.048396875,0.8966250000000002,0.054978125
48600,1.11783875,0.0486125,0.8966000000000001,0.05478749999999999
48700,1.1175462500000002,0.048337500000000005,0.8959687500000001,0.05569374999999999
48800,1.1166665625,0.04807499999999999,0.8972062500000001,0.05471875000000001
48900,1.1163496875,0.048065625,0.8979874999999998,0.053946875
49000,1.1162562500000002,0.048034375,0.8976281249999999,0.05433750000000002
49100,1.1158156249999993,0.04781874999999999,0.898025,0.05415625000000001
49200,1.1164909375000003,0.048234375,0.8979843749999998,0.05378125000000001
49300,1.1175059375000003,0.0483875,0.8967249999999998,0.0548875
49400,1.1177671875,0.04855625000000001,0.8964624999999999,0.054981249999999995
49500,1.1175493749999998,0.048396875000000006,0.89661875,0.05498437499999999
49600,1.1166709375000003,0.048162500000000004,0.8978156249999999,0.05402187499999998
49700,1.1164721874999999,0.048190625,0.897975,0.05383437499999999
49800,1.1174546875000002,0.048546875,0.8970687499999996,0.05438437499999999
49900,1.1175190625,0.048553125,0.8965437500000001,0.05490312500000002
50000,1.1183953125000001,0.048900000000000006,0.8959249999999999,0.055174999999999995
50100,1.1186018750000002,0.048859375000000003,0.895659375,0.05548125000000001
50200,1.1185403125000002,0.048721875,0.8957124999999997,0.055565624999999993
50300,1.1182637500000001,0.048740624999999996,0.8957125,0.05554687500000001
50400,1.1186853125000003,0.048659375000000005,0.8951718750000002,0.056168749999999996
50500,1.1187503125,0.048600000000000004,0.8954281249999999,0.05597187500000002
50600,1.1187493749999997,0.04889999999999999,0.8959687499999999,0.05513125
50700,1.1191871875,0.048874999999999995,0.8958687500000002,0.05525625
50800,1.1191659375,0.049162499999999984,0.8961937499999998,0.054643750000000005
50900,1.1189368749999997,0.049225,0.8964593749999997,0.054315624999999985
51000,1.1182353125000002,0.048990625,0.8966124999999999,0.054396875
51100,1.1176459375000003,0.04849999999999999,0.896328125,0.05517187500000002
51200,1.118551875,0.048684375,0.895303125,0.05601249999999999
51300,1.1191821875,0.048921875000000004,0.8951218750000003,0.05595625000000003
51400,1.1201975000000006,0.04938125000000001,0.8943406249999993,0.056278125
51500,1.1195934375000003,0.049415625,0.8955875,0.05499687499999999
51600,1.1206224999999999,0.04973125,0.89455625,0.055712500000000026
51700,1.1210840625000003,0.049690625,0.8936937499999998,0.056615624999999996
51800,1.1222906250000004,0.0503125,0.8929687500000002,0.05671875
51900,1.1238303125000004,0.050875000000000004,0.8918687499999999,0.05725625000000001
52000,1.1255406249999997,0.051774999999999995,0.8903531250000003,0.057871875000000024
52100,1.1268106249999996,0.052268749999999996,0.8898375,0.057893750000000015
52200,1.1283812500000001,0.052818750000000005,0.888971875,0.058209375
52300,1.1294081249999999,0.05339374999999998,0.8881437499999998,0.05846249999999998
52400,1.130333125,0.05346562499999999,0.8873937500000002,0.059140624999999995
52500,1.13116,0.053621875000000006,0.8862562499999999,0.060121874999999984
52600,1.131304375,0.05395624999999999,0.8867218750000001,0.059321874999999996
52700,1.1324909374999996,0.054559375,0.8861593750000001,0.059281249999999994
52800,1.1329512500000003,0.05455625,0.886084375,0.05935937499999999
52900,1.1331146875,0.0546,0.8858593750000004,0.059540624999999986
53000,1.1334468750000002,0.0547625,0.8850187500000001,0.060218749999999995
53100,1.1333081249999997,0.054715625,0.88563125,0.05965312499999998
53200,1.134400625,0.054965625000000004,0.8840281249999999,0.061006250000000005
53300,1.134574375,0.055246875,0.8847843749999996,0.05996875
53400,1.1345128125000001,0.05540624999999999,0.884803125,0.05979062500000001
53500,1.1345075000000002,0.05536875,0.8844312500000001,0.060199999999999976
53600,1.1352096875000002,0.055490624999999995,0.8843812499999998,0.06012812499999999
