step,mean_aspect_ratio,fraction_elongated,fraction_round,fraction_binary
100,1.0,0.0,1.0,0.0
200,2.4692231250000005,0.674815625,0.019131250000000002,0.3060531250000001
300,2.5638812499999997,0.8293625,0.028943750000000008,0.14169374999999998
400,2.566176875,0.8497656250000002,0.036046875,0.11418749999999998
500,2.5628037500000005,0.8527218749999999,0.04031875000000001,0.10695937500000001
600,2.5551428124999997,0.8494031249999999,0.045487499999999986,0.10510937499999999
700,2.5470643750000015,0.8446656249999999,0.04991562500000001,0.10541875
800,2.542003750000001,0.8412968749999998,0.05304687499999997,0.10565625
900,2.5380612500000006,0.8390937500000001,0.05550937500000001,0.10539687500000001
1000,2.5338934374999993,0.8369156249999998,0.05875312499999999,0.10433125
1100,2.5313415625,0.83563125,0.060553125,0.103815625
1200,2.5309496875,0.8351875000000001,0.06099374999999999,0.10381875000000003
1300,2.5305665625,0.8350843750000002,0.06139374999999999,0.10352187499999999
1400,2.5292721874999993,0.8344187499999998,0.0629625,0.10261875
1500,2.5272971875000003,0.8332499999999998,0.064603125,0.10214687499999996
1600,2.5240303125000008,0.8308,0.066440625,0.10275937500000001
1700,2.5207834375000004,0.8288937500000001,0.06882812499999999,0.10227812500000003
1800,2.5150971875,0.82551875,0.072315625,0.10216562499999998
1900,2.5146728125,0.8258499999999999,0.07276249999999998,0.10138750000000003
2000,2.5163703124999994,0.8264531249999999,0.07207812500000002,0.10146874999999997
2100,2.5170153125,0.8271500000000004,0.071553125,0.10129687499999997
2200,2.5163771875,0.8265406250000003,0.07262812500000002,0.10083125000000001
2300,2.514601874999999,0.8261375000000001,0.07390000000000001,0.09996250000000002
2400,2.513611874999999,0.8259093750000002,0.0753,0.09879062500000002
2500,2.5121190624999996,0.8249312500000001,0.07586875000000001,0.0992
2600,2.5096665625000014,0.8231906250000001,0.077271875,0.0995375
2700,2.5065490625,0.8212500000000003,0.078996875,0.09975312499999997
2800,2.5069346875000003,0.8207875000000001,0.078371875,0.10084062499999999
2900,2.5083653125,0.82265,0.07828125000000001,0.09906875000000004
3000,2.5100740624999998,0.8233343750000001,0.077771875,0.09889375000000002
3100,2.5104824999999997,0.8235875,0.07715312500000003,0.09925937500000002
3200,2.5109734375000006,0.8232499999999999,0.07695624999999999,0.09979375
3300,2.5124659374999996,0.8244843750000003,0.07707812500000001,0.09843749999999998
3400,2.5122484374999994,0.82438125,0.07740625000000002,0.09821249999999998
3500,2.5104659375000007,0.8232437499999998,0.07854999999999998,0.09820624999999997
3600,2.5094528125,0.8218906249999999,0.078934375,0.099175
3700,2.508692812499999,0.8213249999999999,0.07971875000000002,0.09895624999999998
3800,2.5090518750000004,0.8220749999999999,0.079940625,0.09798437499999997
3900,2.5087246875,0.8211062500000001,0.0799,0.09899375
4000,2.507048750000001,0.8205999999999999,0.08183125000000002,0.09756875
4100,2.5059709374999994,0.8200124999999998,0.08216874999999997,0.09781875000000002
4200,2.5046765625,0.8192750000000001,0.08317812500000002,0.09754687499999999
4300,2.5035512499999997,0.8178656250000002,0.08319374999999998,0.098940625
4400,2.5040168750000005,0.8181375,0.082715625,0.09914687500000001
4500,2.5062037499999987,0.8194093750000001,0.081803125,0.09878750000000001
4600,2.508429999999999,0.8213656249999999,0.08135312499999998,0.09728125000000001
4700,2.5082899999999992,0.82115,0.08151875000000003,0.09733124999999998
4800,2.506456875,0.8202562500000001,0.08264062500000001,0.09710312500000003
4900,2.5043765625,0.8193375,0.08405000000000001,0.09661249999999999
5000,2.504631249999999,0.8195843749999999,0.08363437500000002,0.09678125000000003
5100,2.504739375,0.8193750000000003,0.08358750000000002,0.0970375
5200,2.504577500000001,0.8186000000000001,0.08370312499999999,0.09769687499999996
5300,2.505489062500001,0.8195125000000002,0.083740625,0.09674687500000002
5400,2.5063418749999995,0.8200031249999997,0.08324687499999998,0.09674999999999997
5500,2.5074084374999996,0.8209312499999994,0.08346875000000001,0.09560000000000002
5600,2.5087115625,0.8215562500000001,0.08270312499999999,0.09574062500000001
5700,2.509541249999999,0.8217656249999998,0.08259062499999997,0.09564374999999997
5800,2.507835312500001,0.8208562499999998,0.08350625000000002,0.09563750000000003
5900,2.5053887500000003,0.8190718749999998,0.08509687500000004,0.09583124999999999
6000,2.5043303125,0.8181843750000001,0.08541875000000002,0.09639687499999999
6100,2.5037706250000005,0.817178125,0.08541562500000001,0.09740625000000004
6200,2.5039865624999997,0.8175093750000001,0.0851,0.09739062499999997
6300,2.505646562500001,0.8189625000000003,0.085084375,0.09595312499999999
6400,2.5064418749999997,0.81931875,0.08433124999999998,0.09634999999999998
6500,2.5074268749999997,0.8203874999999999,0.08418125000000001,0.09543125000000004
6600,2.5084274999999994,0.8203531249999998,0.08348437499999999,0.0961625
6700,2.5086784374999995,0.8202343750000001,0.08305625,0.096709375
6800,2.5113084375,0.8221281249999999,0.08159062500000001,0.09628125000000001
6900,2.5147950000000012,0.824103125,0.07995312500000001,0.09594375000000002
7000,2.516269375,0.825165625,0.07909687500000001,0.0957375
7100,2.5168534375,0.8251156250000002,0.07875937499999998,0.09612500000000003
7200,2.5158362499999996,0.8246375,0.07987187499999997,0.095490625
7300,2.5142115625000003,0.8240156249999999,0.08106562499999997,0.09491875
7400,2.511949062499999,0.8223750000000002,0.082046875,0.09557812499999997
7500,2.509408125,0.8207437499999999,0.08385000000000001,0.09540624999999998
7600,2.5091321875000006,0.8203999999999997,0.08421875,0.09538125
7700,2.5076743750000006,0.819090625,0.08483125000000002,0.09607812499999996
7800,2.5055284375,0.8170218749999998,0.08589062500000004,0.09708749999999994
7900,2.503639375000001,0.81586875,0.086828125,0.09730312500000003
8000,2.502573125000001,0.8150937500000002,0.08758437499999999,0.09732187499999995
8100,2.501662187499999,0.8143625,0.08765937500000003,0.097978125
8200,2.5015184374999997,0.8141187500000002,0.0880375,0.09784375000000001
8300,2.501675625,0.8137312499999998,0.087928125,0.098340625
8400,2.5018759375000004,0.8137093750000001,0.08782812499999997,0.09846249999999998
8500,2.5021224999999996,0.81400625,0.08763437500000004,0.09835937500000001
8600,2.5029771874999995,0.8136187499999998,0.08687499999999998,0.09950625000000002
8700,2.5046034374999997,0.8145749999999999,0.08557812500000002,0.09984687499999999
8800,2.5058356250000005,0.815575,0.08543125000000001,0.09899375000000003
8900,2.5066346875,0.8167093749999998,0.08422500000000004,0.09906562499999999
9000,2.5098596875,0.8180531249999999,0.08296875,0.09897812500000001
9100,2.5114418749999996,0.8192156249999998,0.08214062500000001,0.09864375000000002
9200,2.5123518750000002,0.8194656249999999,0.08170625000000001,0.09882812500000003
9300,2.5131743749999997,0.8200374999999999,0.08162187499999997,0.09834062500000007
9400,2.514126875,0.8205000000000002,0.080865625,0.09863437500000004
9500,2.5138090625000005,0.8199593749999998,0.0814375,0.09860312499999996
9600,2.5128284375000005,0.8195468749999997,0.08275312500000002,0.09770000000000001
9700,2.5104146875000004,0.8181593750000004,0.08373125,0.09810937499999998
9800,2.508139999999999,0.816646875,0.08516562500000004,0.09818749999999997
9900,2.5077137499999993,0.8167031250000001,0.0857375,0.097559375
10000,2.5047762499999995,0.8151281250000001,0.08661562499999999,0.09825625
10100,2.506181250000001,0.815321875,0.08540624999999999,0.09927187499999998
10200,2.5073212500000004,0.8159499999999998,0.084653125,0.09939687500000001
10300,2.5091093749999986,0.8175687499999998,0.08399687499999998,0.09843437500000003
10400,2.5104306249999992,0.81880625,0.0837625,0.09743125
10500,2.5110125,0.8201093750000004,0.08345312499999999,0.09643749999999998
10600,2.5122659374999996,0.8208031249999997,0.08323125000000002,0.095965625
10700,2.5146425,0.8219499999999998,0.08145937499999999,0.09659062500000001
10800,2.5162165624999995,0.8227218749999999,0.08039687500000002,0.09688124999999999
10900,2.5184543749999997,0.8235624999999998,0.07896875,0.09746875
11000,2.5196075000000007,0.8245250000000001,0.07850312499999998,0.096971875
11100,2.5219434374999996,0.8262562500000001,0.078140625,0.09560312500000001
11200,2.5218578125,0.8257437500000003,0.07780000000000002,0.09645625000000001
11300,2.523229062499999,0.8262156249999998,0.07620624999999999,0.09757812500000003
11400,2.523216250000001,0.8261031249999996,0.07639374999999998,0.097503125
11500,2.5240396875000006,0.8271812499999999,0.07604999999999998,0.09676874999999996
11600,2.5246168750000013,0.8265156249999996,0.07537500000000001,0.09810937499999997
11700,2.5235481249999996,0.8255343750000002,0.075971875,0.09849375
11800,2.5227440625,0.825378125,0.07653124999999997,0.09809062499999999
11900,2.5244237499999995,0.8252812500000001,0.075303125,0.09941562499999998
12000,2.5237690625,0.8252812500000004,0.07581875,0.09890000000000002
12100,2.523091875,0.8250031250000001,0.07667500000000002,0.098321875
12200,2.5247859375000004,0.82609375,0.07610624999999999,0.09780000000000003
12300,2.5252784374999986,0.82700625,0.0762125,0.09678124999999997
12400,2.527089374999999,0.827928125,0.07480625000000002,0.09726562499999998
12500,2.5277628125,0.8281218749999998,0.07454374999999999,0.09733437499999996
12600,2.5284587499999995,0.82888125,0.07469062500000002,0.09642812500000002
12700,2.5267196875,0.828365625,0.07610624999999999,0.09552812499999999
12800,2.5244784374999996,0.827284375,0.07706562499999997,0.09564999999999997
12900,2.5229456249999997,0.8262624999999998,0.07803125,0.09570624999999999
13000,2.5215578124999998,0.8251187499999999,0.07873749999999999,0.09614375000000001
13100,2.5219578125,0.8251812500000002,0.078371875,0.09644687500000004
13200,2.5214190625,0.8250125000000001,0.07890000000000001,0.09608749999999999
13300,2.5201506250000003,0.8241281249999999,0.07934374999999998,0.09652812500000002
13400,2.5199637500000005,0.8242218749999997,0.07954062499999996,0.09623749999999999
13500,2.5205731249999994,0.8242781250000001,0.078753125,0.09696874999999999
13600,2.5212934375000002,0.8245156249999999,0.07763437499999996,0.09785
13700,2.5224465625000008,0.8246812499999997,0.0772625,0.09805624999999998
13800,2.5240181250000004,0.825728125,0.0767875,0.09748437499999998
13900,2.5251553124999995,0.8263281249999999,0.07585,0.09782187499999999
14000,2.527618750000001,0.8273124999999998,0.074465625,0.09822187499999997
14100,2.5298446875000007,0.8288656250000004,0.07320937500000001,0.09792499999999998
14200,2.5310403125,0.8294374999999999,0.07258125,0.09798124999999998
14300,2.5324515624999995,0.83009375,0.07205,0.09785625000000003
14400,2.5337931250000008,0.831209375,0.07145624999999999,0.097334375
14500,2.5358896875000005,0.8326156249999999,0.070409375,0.09697500000000003
14600,2.5385434374999996,0.834478125,0.06896562499999999,0.09655624999999998
14700,2.5409253124999998,0.8362875,0.067809375,0.095903125
14800,2.5430684374999992,0.8378187500000001,0.06657812499999999,0.09560312499999998
14900,2.544719375000001,0.8389093749999998,0.06600312500000002,0.09508749999999999
15000,2.5443515625,0.8393875000000004,0.06684375000000002,0.09376875000000001
15100,2.5433028124999995,0.8389937499999999,0.067515625,0.09349062499999998
15200,2.544136874999999,0.8389874999999998,0.06660624999999998,0.09440624999999997
15300,2.5442712499999995,0.838634375,0.066696875,0.09466875000000002
15400,2.5439078125,0.8383343749999999,0.06713125,0.09453437500000003
15500,2.542445937500001,0.8378,0.06779375000000003,0.09440625000000001
15600,2.5415265624999996,0.8368343750000002,0.06821249999999998,0.094953125
15700,2.5406425,0.8361093749999997,0.06878437499999998,0.09510625
15800,2.5398025,0.8355812499999997,0.069215625,0.09520312499999999
15900,2.539567499999999,0.8348187499999999,0.06896249999999998,0.09621875000000002
16000,2.5387884375000005,0.8342906249999998,0.06985625000000002,0.09585312500000003
16100,2.5374699999999994,0.8335437499999999,0.07085624999999997,0.0956
16200,2.534871875,0.8319968750000002,0.07254062500000001,0.0954625
16300,2.5325803125000004,0.8302499999999998,0.073465625,0.09628437499999999
16400,2.5303687499999996,0.8282968749999999,0.07431874999999996,0.09738437500000002
16500,2.52908125,0.8275468749999999,0.07494062500000002,0.09751249999999999
16600,2.5280059374999997,0.8266875000000001,0.07576250000000004,0.09755000000000001
16700,2.5260584375000006,0.8251031250000002,0.07649687499999999,0.09839999999999997
16800,2.5247875,0.8237906250000003,0.07710312500000001,0.09910624999999999
16900,2.5241728125000003,0.8238937500000002,0.07752500000000002,0.09858124999999997
17000,2.524169375,0.8234937499999999,0.07745000000000003,0.09905625
17100,2.5237853125000007,0.8236312499999999,0.07765,0.09871874999999998
17200,2.5249859375,0.8244656249999999,0.07695312499999998,0.09858125000000002
17300,2.5259853124999996,0.8250406250000001,0.07651250000000001,0.098446875
17400,2.526855624999999,0.8254906250000003,0.07624375,0.09826562500000001
17500,2.5269253125000004,0.8252937499999998,0.07594375,0.09876249999999999
17600,2.526552187499999,0.825109375,0.07613125,0.098759375
17700,2.5266696875000005,0.8248624999999997,0.07571874999999999,0.09941875
17800,2.527528749999999,0.8254000000000001,0.074896875,0.09970312499999998
17900,2.52863125,0.8259218750000001,0.07410624999999998,0.09997187499999997
18000,2.5303884374999996,0.8268437500000001,0.07330937499999998,0.099846875
18100,2.5314453125,0.8276062500000001,0.07333125000000003,0.09906250000000005
18200,2.532094687499999,0.828621875,0.07310937500000002,0.09826875000000004
18300,2.5313618749999995,0.8288406249999999,0.07368125000000002,0.09747812500000001
18400,2.5311668750000003,0.8290343749999999,0.07392187499999998,0.09704374999999997
18500,2.5324218750000003,0.8298437499999998,0.07298437499999996,0.09717187499999998
18600,2.5348668749999996,0.83118125,0.07186562499999999,0.09695312499999997
18700,2.5367118750000004,0.832096875,0.07065000000000002,0.09725312499999997
18800,2.5371290624999996,0.832734375,0.07079374999999999,0.09647187499999997
18900,2.53771875,0.833425,0.07051249999999999,0.0960625
19000,2.5375365625000006,0.8333531249999999,0.07040625000000002,0.09624062499999997
19100,2.5370481249999997,0.8333625,0.07033125000000001,0.09630624999999998
19200,2.536124374999999,0.8323500000000001,0.070953125,0.09669687500000006
19300,2.535391874999999,0.8326187500000002,0.0719625,0.09541874999999998
19400,2.5337578125,0.8318531250000002,0.072640625,0.09550625
19500,2.534723125,0.8318999999999999,0.072365625,0.09573437500000001
19600,2.5340178124999992,0.8312156249999999,0.07262187499999999,0.09616249999999998
19700,2.533050937499999,0.8306562499999999,0.0731625,0.09618125
19800,2.5318937499999987,0.82970625,0.07379374999999999,0.09649999999999997
19900,2.529984687500001,0.828559375,0.07488437499999999,0.09655624999999998
20000,2.5302603125000007,0.8285937500000001,0.07459375000000001,0.09681249999999995
20100,2.5320268749999997,0.8296250000000002,0.07354062500000003,0.09683437500000001
20200,2.5340584375,0.8310437500000003,0.07227187499999999,0.09668437499999998
20300,2.5350953125,0.8319718750000002,0.0715125,0.09651562499999997
20400,2.5359468750000005,0.8323125,0.07102187500000001,0.09666562499999998
20500,2.537345625000001,0.832778125,0.07024687499999997,0.09697499999999999
20600,2.5378246875,0.833125,0.069646875,0.097228125
20700,2.5371215624999994,0.8327406249999999,0.070409375,0.09684999999999998
20800,2.5371099999999998,0.8323437499999999,0.07007812499999999,0.09757812499999997
20900,2.5378540625000006,0.8323968749999999,0.069340625,0.0982625
21000,2.538173750000001,0.8324875,0.0691875,0.09832500000000002
21100,2.5382446875000007,0.8329906250000001,0.06972500000000001,0.09728437500000002
21200,2.5393084375000003,0.8335125000000002,0.0694125,0.097075
21300,2.5379984374999993,0.8332687500000001,0.070828125,0.09590312500000003
21400,2.537968125,0.8333937500000002,0.0707625,0.09584374999999998
21500,2.536827812499999,0.8325249999999998,0.071396875,0.09607812500000003
21600,2.5367662500000003,0.83295,0.0713625,0.09568750000000001
21700,2.5363353125000003,0.832203125,0.07190937499999996,0.09588749999999999
21800,2.5345050000000007,0.8315249999999998,0.07267187499999998,0.095803125
21900,2.5340396875,0.8310187499999998,0.07279687500000002,0.09618437499999999
22000,2.5319459375,0.829559375,0.0741,0.09634062500000001
22100,2.5309965625000013,0.8290312499999996,0.07486874999999997,0.09610000000000002
22200,2.52979625,0.828053125,0.075496875,0.09645000000000002
22300,2.5297768750000005,0.8275718749999996,0.07511250000000001,0.09731562500000002
22400,2.5299634375000006,0.827565625,0.07511874999999998,0.09731562499999999
22500,2.5296528124999993,0.8272375000000004,0.07544687500000001,0.09731562500000003
22600,2.529568125000001,0.82725625,0.07532499999999999,0.09741875000000003
22700,2.5318328125,0.8287249999999998,0.07373437499999998,0.09754062500000002
22800,2.5341803125000006,0.8300718749999999,0.07220937499999999,0.09771875000000005
22900,2.537739375,0.8321843750000001,0.069721875,0.09809375000000001
23000,2.54012125,0.8331812499999999,0.06870625000000002,0.0981125
23100,2.5423540625000003,0.8349375,0.06743437499999999,0.09762812500000001
23200,2.545225625000001,0.8365593750000002,0.06597187500000001,0.09746874999999998
23300,2.5474709375000004,0.8384156250000001,0.06483124999999999,0.096753125
23400,2.548579062500001,0.839203125,0.06441250000000001,0.09638437500000001
23500,2.5499996875,0.839853125,0.06355625,0.096590625
23600,2.5517684375,0.840725,0.06269999999999999,0.09657499999999998
23700,2.552024374999999,0.8408531250000001,0.06260312500000001,0.09654374999999998
23800,2.5509475,0.8400812499999998,0.0634375,0.09648124999999999
23900,2.5518131250000002,0.8408250000000003,0.06309374999999998,0.09608125
24000,2.5521078124999996,0.8412812500000002,0.063225,0.09549375000000002
24100,2.552120625,0.841325,0.06339375,0.09528125000000001
24200,2.5506771874999994,0.8404750000000001,0.063703125,0.095821875
24300,2.549131875,0.8391687499999999,0.0646125,0.09621875000000002
24400,2.54882875,0.8384187499999999,0.06483749999999998,0.09674374999999998
24500,2.5480806249999994,0.8381156250000001,0.06511875,0.096765625
24600,2.5475415624999993,0.837984375,0.06533125,0.09668437500000002
24700,2.5465896875,0.8377062499999998,0.066109375,0.09618437499999999
24800,2.5475506249999995,0.8381406250000001,0.06546562499999999,0.09639374999999997
24900,2.5468084374999997,0.8374031249999999,0.06550625,0.09709062499999999
25000,2.5471471875000002,0.8374562500000001,0.06510312500000001,0.09744062500000004
25100,2.5478775,0.8377281250000002,0.06499375000000002,0.09727812500000001
25200,2.5476881249999996,0.8379437499999999,0.0650875,0.09696875
25300,2.547690000000001,0.8383875000000002,0.06549375000000002,0.09611875
25400,2.5483415625,0.8386374999999998,0.06473750000000002,0.09662499999999999
25500,2.5484915624999998,0.838390625,0.06488125,0.09672812500000001
25600,2.5481353124999995,0.8382031250000003,0.06525312499999997,0.09654375
25700,2.548195624999999,0.8380937500000004,0.06490625000000001,0.09700000000000002
25800,2.5481925,0.8383281249999998,0.06489375,0.09677812499999998
25900,2.547828437499999,0.8378718750000002,0.06536562500000001,0.09676249999999999
26000,2.5469934375000007,0.8378125000000003,0.06606875,0.09611875000000003
26100,2.5478603125,0.838478125,0.06540624999999999,0.096115625
26200,2.547076249999999,0.8380749999999995,0.065971875,0.095953125
26300,2.546722499999999,0.8377687500000003,0.06610312500000001,0.096128125
26400,2.547249375000001,0.8378937500000003,0.06576875,0.0963375
26500,2.547647812500001,0.838121875,0.06571250000000001,0.09616562500000003
26600,2.5482799999999997,0.838253125,0.06560625000000002,0.096140625
26700,2.5472515624999996,0.837878125,0.066359375,0.09576249999999997
26800,2.545470000000001,0.837403125,0.06735937500000001,0.0952375
26900,2.544411874999999,0.8365968749999999,0.06793125,0.095471875
27000,2.5440921875,0.836315625,0.06797499999999998,0.095709375
27100,2.5433687500000004,0.8352656249999996,0.06810625000000001,0.096628125
27200,2.5438221875,0.8357625,0.0676375,0.09660000000000002
27300,2.5441334375,0.8359093750000001,0.06750312500000001,0.09658750000000002
27400,2.5433756249999986,0.8352312499999999,0.06795312500000002,0.09681562500000006
27500,2.5437081250000007,0.835209375,0.0674125,0.09737812500000002
27600,2.5452003125,0.8362062499999999,0.066665625,0.09712812500000002
27700,2.5451253125000006,0.836190625,0.06690312500000001,0.09690625
27800,2.544981250000001,0.83584375,0.06722187499999999,0.09693437499999999
27900,2.5457765625,0.83645,0.066621875,0.09692812500000002
28000,2.5465681250000003,0.8371718749999998,0.0662875,0.096540625
28100,2.5475037499999993,0.8374937500000001,0.06558749999999999,0.09691875000000001
28200,2.5478825000000005,0.8377624999999999,0.065153125,0.09708437499999997
28300,2.5487609374999995,0.8385312499999998,0.06483124999999999,0.0966375
28400,2.5495453125,0.839225,0.06451250000000003,0.0962625
28500,2.5499849999999995,0.8394000000000003,0.0642625,0.09633750000000002
28600,2.55067,0.8399218749999999,0.06375624999999999,0.096321875
28700,2.5505381249999997,0.839903125,0.06395624999999999,0.09614062500000001
28800,2.5495165625,0.839225,0.06456875000000001,0.09620625
28900,2.549551562500001,0.8390375000000002,0.06402500000000001,0.09693750000000001
29000,2.5502849999999997,0.83960625,0.06369999999999998,0.09669375000000001
29100,2.55074,0.8393468750000002,0.063465625,0.09718750000000001
29200,2.5512434375,0.8395937499999999,0.06269375,0.09771249999999998
29300,2.5513537499999996,0.8398124999999995,0.06283125000000002,0.09735624999999996
29400,2.552750000000001,0.8404781249999997,0.0626625,0.096859375
29500,2.5518881249999996,0.8396312499999999,0.062953125,0.09741562499999998
29600,2.5514499999999996,0.839428125,0.06348437500000001,0.0970875
29700,2.548640625,0.8375250000000003,0.064815625,0.097659375
29800,2.5460431250000006,0.8361781249999999,0.065825,0.09799687499999998
29900,2.5454268750000004,0.8355781249999998,0.06644375,0.09797812500000001
30000,2.5448878124999994,0.8348781249999996,0.06665937499999999,0.0984625
30100,2.5450437500000005,0.8348687500000002,0.06673125,0.09839999999999996
30200,2.5440028125,0.8345281249999998,0.06760312499999997,0.09786875000000002
30300,2.5422615625000002,0.8334406250000002,0.06871562499999997,0.09784375
30400,2.5418821875,0.8331000000000001,0.06889687500000001,0.09800312499999997
30500,2.5429012500000003,0.833321875,0.067834375,0.09884374999999998
30600,2.542144999999999,0.8329468750000001,0.068678125,0.098375
30700,2.542439687500001,0.8326500000000002,0.06843437500000002,0.09891562500000002
30800,2.541364062500001,0.8322812500000003,0.068871875,0.09884687500000003
30900,2.5413171875,0.8320593749999997,0.06842187500000001,0.09951875
31000,2.5406874999999998,0.8322093749999995,0.06948437499999999,0.09830624999999998
31100,2.5417631249999992,0.83299375,0.06919062499999999,0.097815625
31200,2.5421778125000007,0.8336343750000003,0.06909999999999998,0.097265625
31300,2.5439331249999997,0.8349875000000001,0.067675,0.09733749999999998
31400,2.5440809374999995,0.8349531250000002,0.06731875,0.09772812499999994
31500,2.54505375,0.835584375,0.06641249999999997,0.09800312500000001
31600,2.5461359374999994,0.8362375000000001,0.06625,0.09751249999999999
31700,2.5473440624999992,0.8371843750000001,0.065940625,0.09687499999999999
31800,2.5464015625000003,0.836771875,0.06650937500000002,0.09671874999999999
31900,2.5458165624999993,0.836396875,0.06664375000000003,0.09695937500000004
32000,2.5475281249999995,0.8376,0.0656,0.09679999999999998
32100,2.5465028124999995,0.83693125,0.06675937499999998,0.09630937500000004
32200,2.545337499999999,0.836196875,0.06718750000000001,0.09661562499999997
32300,2.5449271874999995,0.8358624999999998,0.06737499999999999,0.09676249999999997
32400,2.5437040625,0.8350968750000001,0.06754062500000002,0.0973625
32500,2.5431503124999986,0.8351406250000001,0.06815937499999998,0.09669999999999997
32600,2.5417278124999996,0.8343031250000001,0.06886875000000002,0.09682812500000001
32700,2.5410525,0.8336437499999999,0.06933437499999999,0.09702187500000002
32800,2.5393459375000003,0.8324093750000001,0.06995937500000002,0.09763125
32900,2.5394737500000004,0.8329343750000002,0.07017812500000001,0.09688749999999997
33000,2.5379034375000002,0.8318374999999999,0.07097187499999999,0.09719062499999999
33100,2.539302812500001,0.8323250000000002,0.06981874999999998,0.09785624999999998
33200,2.5399290625000015,0.8330499999999997,0.06949375,0.09745624999999997
33300,2.5415746875000003,0.8341593750000003,0.068296875,0.09754375000000003
33400,2.544441875,0.8356531249999999,0.06684687500000003,0.09749999999999999
33500,2.547026874999999,0.8373593749999998,0.06554687499999999,0.09709375000000005
33600,2.5495315624999995,0.838696875,0.06391875000000001,0.097384375
33700,2.5508371874999995,0.8399062500000001,0.06369999999999999,0.09639375
33800,2.551811875,0.8404999999999998,0.062975,0.09652500000000001
33900,2.5516659375000006,0.8409093750000001,0.06299374999999999,0.09609687499999997
34000,2.5520162500000008,0.84105625,0.063175,0.09576874999999997
34100,2.552955937500001,0.8414375000000001,0.06240000000000001,0.09616250000000003
34200,2.5539728124999996,0.8418156249999998,0.06175000000000002,0.096434375
34300,2.55424375,0.8419968749999999,0.062174999999999994,0.09582812500000003
34400,2.5540728125,0.8420562499999998,0.062171875,0.09577187500000003
34500,2.5544912499999994,0.84225625,0.061815625000000006,0.09592812499999999
34600,2.5543840625,0.8422281250000001,0.061975,0.09579687500000003
34700,2.5546181249999997,0.8423843750000001,0.062025000000000025,0.09559062500000001
34800,2.5537918749999995,0.842396875,0.06286874999999999,0.09473437499999998
34900,2.5544003125000003,0.8429312499999998,0.06271875,0.09434999999999999
35000,2.5545174999999998,0.8424718749999998,0.06234375,0.09518437500000002
35100,2.5537681249999995,0.8420437499999998,0.06294687500000001,0.09500937499999997
35200,2.552530625,0.8411031250000005,0.06349374999999999,0.09540312500000003
35300,2.5516965624999983,0.8403468750000002,0.06385625,0.09579687500000003
35400,2.5506253125,0.839325,0.064109375,0.09656562500000002
35500,2.550316250000001,0.8391437500000003,0.06463124999999997,0.09622500000000002
35600,2.5499903124999994,0.8389281249999998,0.06453125000000004,0.09654062500000002
35700,2.5499846875000003,0.8389000000000003,0.06430625000000001,0.09679375
35800,2.550995625,0.8394281250000001,0.06398125000000003,0.09659062499999997
35900,2.551668125000001,0.8397687500000002,0.06330312499999999,0.09692812499999999
36000,2.5537409374999998,0.8408749999999998,0.062715625,0.09640937499999999
36100,2.5553468749999997,0.8418812499999998,0.061237499999999986,0.09688124999999999
36200,2.5555603125,0.8421781250000003,0.06163125000000001,0.096190625
36300,2.554789375000001,0.8414437500000002,0.061840625,0.096715625
36400,2.5548746875000004,0.841784375,0.06164062499999998,0.09657499999999998
36500,2.555438125,0.8416250000000003,0.061171875000000014,0.09720312500000002
36600,2.5557431250000007,0.8417343749999999,0.061121875,0.09714375000000001
36700,2.5558003125,0.8416156249999995,0.061268750000000004,0.09711562500000001
36800,2.5544278125,0.8412625000000001,0.06280625000000001,0.09593125
36900,2.5542015624999994,0.840703125,0.062790625,0.09650625
37000,2.5533553125000004,0.8399156249999999,0.06285312499999998,0.09723124999999998
37100,2.5521903125000005,0.8394062499999998,0.06348125000000002,0.09711249999999999
37200,2.551278125,0.8381937499999996,0.06384062499999998,0.09796562500000001
37300,2.5503274999999994,0.837984375,0.06460625000000002,0.09740937500000003
37400,2.5503396874999993,0.838015625,0.0645625,0.09742187499999999
37500,2.549862812499999,0.8375812500000002,0.06512500000000002,0.09729375000000003
37600,2.5490621875,0.8375281250000004,0.065621875,0.09685
37700,2.5484799999999996,0.8367062499999997,0.06559687499999999,0.097696875
37800,2.5480734375000007,0.8361875,0.065596875,0.09821562500000003
37900,2.5483937500000007,0.8367062499999999,0.06520937500000003,0.098084375
38000,2.5482190625000003,0.8364968749999999,0.06550625,0.097996875
38100,2.5485740624999993,0.837046875,0.065525,0.09742812499999999
38200,2.5490165625000007,0.8376687500000003,0.06543125000000001,0.09689999999999996
38300,2.5474824999999996,0.8366750000000003,0.0661875,0.0971375
38400,2.5461331250000003,0.8358156250000002,0.06697812500000001,0.09720624999999997
38500,2.5448840624999987,0.8349000000000001,0.06750312500000001,0.09759687500000001
38600,2.5434534374999993,0.8336093749999998,0.06794375000000001,0.09844687500000002
38700,2.541756250000001,0.8325062500000001,0.06870312500000003,0.098790625
38800,2.5420803125000004,0.832728125,0.068609375,0.0986625
38900,2.5418206249999997,0.8322968749999999,0.06841562500000001,0.09928749999999997
39000,2.5413103125000007,0.8324156250000002,0.06849375000000002,0.09909062499999997
39100,2.5414915624999996,0.832346875,0.068703125,0.09895
39200,2.5430175,0.83371875,0.06807500000000001,0.09820624999999997
39300,2.5439409375000004,0.83424375,0.06728437500000004,0.09847187500000001
39400,2.5456153125,0.8350249999999999,0.06598749999999999,0.09898750000000003
39500,2.5478043749999992,0.8363687500000001,0.06502500000000001,0.09860625000000002
39600,2.5500934375,0.8375031250000001,0.06358125000000002,0.09891562500000002
39700,2.550633125,0.8382093750000001,0.06339687499999998,0.09839375
39800,2.5503262500000003,0.8383937500000002,0.06369375000000002,0.09791249999999996
39900,2.5523981250000007,0.8397812499999999,0.062440625,0.09777812499999998
40000,2.5549084374999995,0.84101875,0.0614,0.09758124999999997
40100,2.556321874999999,0.841878125,0.06077500000000002,0.09734687499999999
40200,2.556360625,0.8419875000000001,0.06013749999999998,0.097875
40300,2.556778125,0.8422343749999996,0.060081249999999996,0.09768437499999996
40400,2.5567206250000014,0.8419031249999999,0.0600375,0.098059375
40500,2.5553184374999995,0.8414843749999998,0.061153124999999996,0.09736250000000003
40600,2.5546853124999997,0.8416093750000001,0.06176562499999998,0.09662499999999997
40700,2.5539187500000002,0.84108125,0.061887499999999984,0.09703125000000003
40800,2.5537512500000004,0.8406812499999998,0.06156562499999999,0.09775312500000001
40900,2.5545684375,0.8407968750000001,0.061165624999999973,0.09803750000000001
41000,2.5541228125,0.840409375,0.061596874999999995,0.09799374999999999
41100,2.5532840624999995,0.8403500000000002,0.062471874999999996,0.09717812499999999
41200,2.5519484374999992,0.8390343749999998,0.06289375,0.09807187500000002
41300,2.5508784374999998,0.8389999999999997,0.064040625,0.09695937500000001
41400,2.5500706250000005,0.8390749999999999,0.06463124999999999,0.09629374999999998
41500,2.54994625,0.8390531250000001,0.0646875,0.09625937500000002
41600,2.5494581249999992,0.8386125000000001,0.0645375,0.09685000000000002
41700,2.5500199999999995,0.839428125,0.06432187499999999,0.09625000000000002
41800,2.550786875,0.8393375000000001,0.06387499999999999,0.09678750000000001
41900,2.5505815624999997,0.8388875000000001,0.063984375,0.09712812500000001
42000,2.5501825000000005,0.8387937499999999,0.064209375,0.096996875
42100,2.5504321875000007,0.8387249999999997,0.06425937500000001,0.09701562500000002
42200,2.5513753124999994,0.8389031250000001,0.06314375,0.097953125
42300,2.5519784375,0.8394687499999999,0.06296249999999999,0.09756874999999998
42400,2.552181875,0.8399000000000003,0.06326875000000001,0.09683124999999998
42500,2.5508278125000006,0.8380281250000002,0.06418750000000002,0.09778437499999999
42600,2.5479374999999997,0.8360874999999999,0.06545937500000001,0.098453125
42700,2.5441443750000006,0.8333437500000002,0.06775937500000001,0.09889687500000002
42800,2.5409171875000003,0.8314031249999996,0.06963437500000001,0.09896249999999998
42900,2.5385865625000013,0.829778125,0.07081875000000001,0.099403125
43000,2.536914375000001,0.8284406250000003,0.0714875,0.100071875
43100,2.5361753125,0.8276718750000002,0.07155312500000004,0.10077500000000003
43200,2.5360506250000006,0.8271218749999995,0.07136875,0.10150937500000001
43300,2.5354903125,0.8266593750000001,0.071721875,0.10161874999999998
43400,2.533737499999999,0.8256218749999997,0.07256874999999996,0.10180937500000004
43500,2.5326168750000004,0.8251156249999997,0.07339687500000001,0.10148749999999998
43600,2.532005,0.8249125,0.07423125000000003,0.10085625
43700,2.53134875,0.825084375,0.07525624999999998,0.09965937500000002
43800,2.5313996874999996,0.8249312499999998,0.07416874999999999,0.10090000000000003
43900,2.531564999999999,0.8251312500000002,0.07450312500000003,0.100365625
44000,2.5309534375000005,0.8245624999999999,0.07465312500000001,0.10078437500000001
44100,2.5325096874999997,0.8260062499999999,0.07368437499999998,0.10030937500000003
44200,2.5336087499999995,0.8266656250000001,0.07294375,0.100390625
44300,2.5360534374999997,0.8277312499999999,0.07148125,0.10078750000000006
44400,2.5373759375000002,0.829103125,0.07108749999999998,0.099809375
44500,2.5372946875,0.8291749999999996,0.07124999999999998,0.09957499999999998
44600,2.536722812499999,0.828703125,0.07141249999999999,0.099884375
44700,2.5358525000000007,0.8284687499999999,0.071984375,0.09954687499999999
44800,2.5347178124999994,0.82781875,0.07231875,0.0998625
44900,2.5339112500000005,0.827421875,0.07301562499999999,0.09956249999999998
45000,2.5348546874999998,0.82790625,0.07245937500000005,0.09963437499999998
45100,2.5351456249999997,0.8282468749999998,0.072340625,0.09941249999999999
45200,2.5354950000000005,0.8275781249999998,0.07155624999999999,0.10086562500000001
45300,2.5338790625000005,0.82713125,0.07284687499999998,0.10002187499999998
45400,2.5347371875,0.8275781249999998,0.07277499999999999,0.09964687500000002
45500,2.5355890624999997,0.8280781250000002,0.071953125,0.09996875000000002
45600,2.536356875,0.8281312500000001,0.07151249999999999,0.10035625000000004
45700,2.5375628125000005,0.8285031250000001,0.07048749999999998,0.10100937499999994
45800,2.5386928125000003,0.829690625,0.06989062500000001,0.10041875000000001
45900,2.539830312500001,0.8301375000000002,0.06942187500000002,0.100440625
46000,2.5407584375,0.8311218749999999,0.06881249999999998,0.10006562499999998
46100,2.5407600000000006,0.8312750000000001,0.06904999999999999,0.09967500000000001
46200,2.5412371875,0.8312593749999998,0.06850625,0.10023437500000004
46300,2.5414199999999996,0.8308937500000001,0.06837812500000003,0.100728125
46400,2.5406715625000005,0.8306000000000001,0.06876250000000002,0.10063749999999996
46500,2.5417821875,0.8312124999999998,0.06809062500000002,0.10069687499999999
46600,2.542221250000001,0.831478125,0.06739999999999999,0.10112187500000001
46700,2.5445712500000006,0.8330281249999999,0.06620625,0.100765625
46800,2.54716875,0.8344718749999999,0.064859375,0.10066874999999997
46900,2.5486734375000006,0.8358499999999999,0.06435624999999999,0.09979374999999997
47000,2.5499690625,0.8370093750000002,0.0643375,0.098653125
47100,2.549741874999999,0.83696875,0.06444062499999999,0.09859062499999999
47200,2.5468628125000006,0.8352499999999999,0.06584999999999996,0.0989
47300,2.54467375,0.833459375,0.06704375,0.09949687500000001
47400,2.543572812500001,0.8328156249999998,0.06762499999999999,0.099559375
47500,2.543567187500001,0.8329624999999999,0.0672125,0.099825
47600,2.5426353125000007,0.8324687500000001,0.068175,0.09935625
47700,2.5421965624999987,0.8319687499999999,0.06822812499999999,0.09980312499999999
47800,2.542585625,0.8324906249999999,0.06828749999999999,0.09922187499999999
47900,2.5428687499999993,0.8328125000000001,0.068059375,0.09912812500000003
48000,2.5434550000000007,0.8328374999999999,0.06751875000000002,0.09964375000000002
48100,2.5427281250000004,0.83253125,0.06812812500000001,0.09934062499999999
48200,2.541756875000001,0.831659375,0.0681625,0.10017812499999998
48300,2.54256875,0.8318156250000001,0.06809062499999999,0.10009375
48400,2.5429062499999993,0.8319281250000004,0.06820000000000001,0.09987187500000003
48500,2.5435646875,0.832915625,0.06791874999999999,0.09916562500000001
48600,2.5437896875,0.8337875000000002,0.0681,0.09811249999999999
48700,2.5447706249999995,0.8347281249999998,0.06760937499999999,0.09766249999999999
48800,2.544848437500001,0.8347343749999999,0.06754375,0.09772187500000003
48900,2.5440746874999998,0.8342843750000001,0.06804374999999999,0.09767187499999998
49000,2.54282375,0.8330781249999998,0.068353125,0.09856875
49100,2.5427815625000005,0.8328687500000002,0.068203125,0.098928125
49200,2.543646562499999,0.8334718750000001,0.06771250000000001,0.09881562499999996
49300,2.5452393750000004,0.8339656249999999,0.06618125000000001,0.09985312499999997
49400,2.5451781250000005,0.8343093750000001,0.06638437499999998,0.09930624999999998
49500,2.5455059375,0.8342406249999998,0.0661,0.099659375
49600,2.545030624999999,0.8342031250000002,0.06550312500000001,0.10029375
49700,2.5464962499999992,0.8349468750000001,0.06520625000000001,0.09984687499999997
49800,2.5461978125000013,0.8348531250000003,0.06567187499999999,0.099475
49900,2.5450512499999993,0.8346124999999996,0.06673749999999999,0.09864999999999997
50000,2.5438740625,0.8339656249999999,0.06743124999999998,0.09860312500000003
50100,2.5427787500000005,0.83371875,0.06812187499999998,0.098159375
50200,2.5440425,0.8338,0.067021875,0.099178125
50300,2.5455324999999993,0.8339500000000002,0.06556875000000001,0.10048125000000002
50400,2.5452615625000004,0.8342375000000001,0.06633125000000001,0.09943124999999997
50500,2.546550937499999,0.8353375000000002,0.06585625,0.09880625000000008
50600,2.547330625,0.8354843750000002,0.06519062500000002,0.09932500000000004
50700,2.5490221875000008,0.8367437500000001,0.064134375,0.09912187500000001
50800,2.550879062499998,0.8380437499999999,0.06306875,0.0988875
50900,2.551516875000001,0.8388187500000001,0.06322499999999999,0.09795624999999998
51000,2.5518031249999993,0.83944375,0.06351562499999999,0.09704062500000003
51100,2.55266625,0.8399375,0.06335312500000001,0.09670937500000001
51200,2.552341562500001,0.8397468749999998,0.06343124999999998,0.09682187500000002
51300,2.5519831249999996,0.8394718749999999,0.0632375,0.09729062499999996
51400,2.5512353125,0.838875,0.06410312500000001,0.097021875
51500,2.551090625,0.8388499999999997,0.06365937500000002,0.097490625
51600,2.5510406249999993,0.8384781249999999,0.06348750000000002,0.098034375
51700,2.5509571875000008,0.8382000000000001,0.06381875000000001,0.09798124999999999
51800,2.5516734375,0.8385875000000002,0.063790625,0.09762187499999997
51900,2.5504393750000007,0.8380531250000002,0.06463749999999999,0.09730937500000005
52000,2.5488581250000006,0.8368187499999997,0.06547187500000001,0.09770937499999999
52100,2.5478396875,0.8357500000000001,0.0659,0.09834999999999998
52200,2.5459753125000004,0.8343468750000002,0.06675312500000001,0.09890000000000004
52300,2.544643125000001,0.8334374999999998,0.06751562500000001,0.09904687499999995
52400,2.5436190625000012,0.8325593750000001,0.06799999999999996,0.09944062500000002
52500,2.543525625,0.8326281249999997,0.067940625,0.09943125
52600,2.5423859374999997,0.832,0.068478125,0.09952187500000002
52700,2.543023125000001,0.8319875000000002,0.06821250000000002,0.09980000000000001
52800,2.5416381250000004,0.8309343749999999,0.06905625000000001,0.10000937499999998
52900,2.54034625,0.8300437499999997,0.06971875,0.10023749999999995
53000,2.5387534375,0.8296937499999997,0.07079062500000001,0.09951562499999997
53100,2.537003125,0.8282750000000003,0.07138125,0.10034375000000001
53200,2.5355790625,0.827425,0.071503125,0.101071875
53300,2.535884062500001,0.8274656249999998,0.07123125000000002,0.10130312499999998
53400,2.5375553124999994,0.82848125,0.07061874999999998,0.10090000000000003
53500,2.53801125,0.8290249999999999,0.07051875,0.10045625
53600,2.5378662499999995,0.8290406250000003,0.07075000000000002,0.10020937499999996
53700,2.5375987499999995,0.8291187500000003,0.07105625,0.09982499999999998
