step,mean_aspect_ratio,fraction_elongated,fraction_round,fraction_binary
100,1.0,0.0,1.0,0.0
200,1.0475365625,0.0024031250000000007,0.8627593749999999,0.1348375
300,1.0401146874999998,0.0034218749999999983,0.881265625,0.11531250000000004
400,1.0371759374999998,0.003909375,0.8874062499999997,0.10868437499999997
500,1.0361384375000002,0.0042,0.891115625,0.10468437500000001
600,1.0358521875,0.004678125,0.8937937500000002,0.10152812500000001
700,1.0360562500000001,0.005153125000000001,0.895009375,0.09983750000000002
800,1.0363837500000002,0.005531250000000001,0.8953718750000003,0.09909687500000003
900,1.0370862499999998,0.005878125000000001,0.8967031250000002,0.09741874999999998
1000,1.0382149999999999,0.0064375,0.8965750000000001,0.09698750000000002
1100,1.0390690625,0.00690625,0.8978468750000002,0.09524687499999997
1200,1.0398971875,0.0075625000000000015,0.8975062500000001,0.09493125
1300,1.041503125,0.008146875,0.8975406250000002,0.09431250000000004
1400,1.0432609375000002,0.008865625000000002,0.89578125,0.09535312499999997
1500,1.0448731249999998,0.0097625,0.8967156250000001,0.09352187500000003
1600,1.0467762499999997,0.010684375000000001,0.8964843750000001,0.09283124999999998
1700,1.0490046874999999,0.011749999999999997,0.8959781250000001,0.092271875
1800,1.0515712500000003,0.012903125000000001,0.8941156249999999,0.09298124999999997
1900,1.0542640625,0.013893749999999998,0.8939000000000001,0.09220625
2000,1.0575209375,0.015278125000000004,0.891146875,0.09357499999999998
2100,1.0603112500000005,0.016600000000000004,0.89044375,0.09295625
2200,1.0630306249999997,0.017803125000000003,0.8891406249999998,0.09305625000000001
2300,1.065585,0.019103124999999988,0.8878343750000004,0.09306249999999999
2400,1.0688953124999998,0.020628124999999994,0.8872718750000002,0.0921
2500,1.0719881249999996,0.022218750000000006,0.8866749999999999,0.09110625000000001
2600,1.0759565624999998,0.023637499999999992,0.8843374999999999,0.092025
2700,1.0793562499999998,0.025121875000000002,0.882746875,0.09213125000000001
2800,1.083973125,0.02706250000000001,0.8801156250000003,0.09282187499999998
2900,1.0876500000000002,0.028903124999999998,0.8782999999999999,0.09279687499999999
3000,1.0911921875,0.03044062499999999,0.8767812500000003,0.09277812499999998
3100,1.0950209375000002,0.032049999999999995,0.875490625,0.092459375
3200,1.0987518749999998,0.033862500000000004,0.8738812499999999,0.09225625
3300,1.1031540625000003,0.0357875,0.8720687500000002,0.09214375000000001
3400,1.107675,0.03783437499999998,0.8702843750000001,0.09188125
3500,1.1126090624999998,0.040071875,0.8674000000000003,0.092528125
3600,1.1172246874999998,0.04215937500000001,0.8646843750000004,0.09315625000000004
3700,1.122946875,0.04458125000000001,0.861903125,0.093515625
3800,1.1285528124999993,0.04689999999999998,0.8588343749999999,0.09426562499999998
3900,1.1343650000000003,0.049303125,0.8552156249999999,0.09548125000000002
4000,1.139649375,0.051753125,0.8532437500000001,0.09500312499999995
4100,1.1448940625,0.054534375,0.8507437499999998,0.094721875
4200,1.1509574999999992,0.057115624999999996,0.8472750000000001,0.09560937500000001
4300,1.1574656249999997,0.059921875,0.843784375,0.09629375
4400,1.1640746875,0.06265625,0.83935,0.09799374999999996
4500,1.17046125,0.065359375,0.8350437499999999,0.09959687499999997
4600,1.1768284374999998,0.06796875000000002,0.8312218750000003,0.10080937499999996
4700,1.1844174999999997,0.07135312499999999,0.8270999999999997,0.101546875
4800,1.1915784374999996,0.07460937499999999,0.8228031250000002,0.1025875
4900,1.1996449999999999,0.077725,0.8173874999999999,0.1048875
5000,1.2065531249999997,0.08087500000000002,0.8119968750000001,0.107128125
5100,1.2129453124999998,0.08350312499999997,0.8088812499999999,0.107615625
5200,1.2182909375000002,0.08611250000000001,0.806328125,0.107559375
5300,1.2235893750000002,0.08864062499999997,0.8037250000000001,0.10763437500000003
5400,1.2303400000000002,0.091021875,0.7989406250000003,0.1100375
5500,1.2358496874999996,0.093384375,0.79575625,0.11085937500000001
5600,1.2414196874999999,0.09560937499999998,0.7923968749999999,0.11199375000000002
5700,1.2472784375,0.09872187500000003,0.7894093749999999,0.11186874999999999
5800,1.2527459374999994,0.101290625,0.7863906249999998,0.11231875000000001
5900,1.2600456250000005,0.10498437499999999,0.7824593750000001,0.11255625
6000,1.2650599999999996,0.10726250000000002,0.7797156249999999,0.11302187499999998
6100,1.2706546874999993,0.10994999999999998,0.7759218749999999,0.11412812499999997
6200,1.276733125,0.1131375,0.7722750000000002,0.11458750000000001
6300,1.2830496875000004,0.11511562500000001,0.7676156249999996,0.11726874999999999
6400,1.287623125000001,0.11669374999999998,0.7646874999999999,0.11861874999999998
6500,1.2942778124999998,0.12008749999999999,0.7614031249999997,0.118509375
6600,1.3005278124999997,0.123815625,0.7589124999999995,0.11727187500000001
6700,1.3067650000000002,0.12671875,0.7557281249999999,0.11755312499999997
6800,1.3131990624999998,0.12966875,0.7518562500000001,0.11847499999999997
6900,1.3201018749999998,0.13274999999999998,0.7470812500000001,0.12016874999999996
7000,1.3265290625000004,0.13544375000000003,0.7437093750000001,0.12084687499999999
7100,1.3325040624999998,0.13819687500000002,0.7398874999999998,0.12191562499999997
7200,1.337213125,0.14072187500000002,0.7377593749999999,0.12151875000000004
7300,1.3420671874999996,0.14322500000000005,0.734696875,0.122078125
7400,1.346285625,0.14535312499999994,0.7319468750000001,0.12270000000000003
7500,1.351485,0.14784374999999997,0.7286031249999999,0.12355312500000004
7600,1.3573925,0.15038437500000001,0.725525,0.12409062500000002
7700,1.3615390624999997,0.15189062499999995,0.7222624999999999,0.12584687500000002
7800,1.3651509374999997,0.15370312499999997,0.7219187499999997,0.124378125
7900,1.3666425,0.15503749999999997,0.7217687499999998,0.12319374999999996
8000,1.368474375,0.15587499999999996,0.7210874999999999,0.1230375
8100,1.3716746875,0.157371875,0.7192312499999998,0.12339687500000002
8200,1.37449,0.15903124999999996,0.7181468749999999,0.12282187500000004
8300,1.3796375,0.16150937499999998,0.7151031250000002,0.12338749999999998
8400,1.383994375,0.16345312500000003,0.7126687500000002,0.12387812500000002
8500,1.3858453125000003,0.164334375,0.711721875,0.12394374999999998
8600,1.3885328125000003,0.16559062500000005,0.7104562499999997,0.12395312499999998
8700,1.39164,0.16681875000000002,0.707525,0.12565625
8800,1.3944403125000002,0.16778125,0.70485625,0.12736249999999996
8900,1.397281875,0.16916562500000004,0.7032843749999997,0.12755
9000,1.4016681249999998,0.17082812500000005,0.7008687499999997,0.12830312500000002
9100,1.4050956250000006,0.17256562500000006,0.6998937499999999,0.127540625
9200,1.4080631250000004,0.17407500000000004,0.6983656249999999,0.127559375
9300,1.41119,0.1754625,0.6970312499999995,0.12750625000000002
9400,1.4155337499999998,0.177228125,0.6949562499999998,0.12781562500000002
9500,1.4191268749999997,0.17921874999999995,0.6924750000000002,0.12830624999999998
9600,1.4207203124999999,0.18014687500000004,0.6911250000000002,0.12872812499999997
9700,1.4216362500000004,0.1809093750000001,0.691925,0.127165625
9800,1.4239424999999997,0.18183125000000006,0.6894781250000003,0.12869062500000003
9900,1.4254934374999997,0.18277500000000005,0.6892,0.128025
10000,1.4273137500000002,0.18366250000000006,0.687403125,0.128934375
10100,1.4316874999999996,0.1855093750000001,0.68381875,0.130671875
10200,1.4366659375,0.187478125,0.6801531250000001,0.13236875
10300,1.4408065625000002,0.18907500000000002,0.6773500000000001,0.133575
10400,1.4449393750000001,0.190825,0.674815625,0.134359375
10500,1.4481640624999992,0.19298437500000004,0.6730656250000001,0.13395000000000004
10600,1.4509759375,0.19424687499999999,0.6714437499999999,0.134309375
10700,1.4539643749999993,0.19518749999999996,0.6686437499999998,0.13616874999999998
10800,1.4559365625,0.19635000000000002,0.6676656249999999,0.135984375
10900,1.4581443749999996,0.19676249999999992,0.6669656249999999,0.13627187500000004
11000,1.4595878125000004,0.19859375,0.6661437500000004,0.13526249999999998
11100,1.4615187499999998,0.19896562499999998,0.6656312500000001,0.13540312499999999
11200,1.46439625,0.20036562499999996,0.6641312500000001,0.135503125
11300,1.4658012500000004,0.20106562499999997,0.664053125,0.13488125
11400,1.4656674999999997,0.2010781249999999,0.66444375,0.134478125
11500,1.4644996875,0.20035624999999996,0.6653125,0.13433125
11600,1.4648281250000006,0.2003187499999999,0.665578125,0.13410312500000002
11700,1.4655787499999997,0.20065625,0.6642656250000003,0.13507812499999997
11800,1.4654543749999998,0.20109687500000004,0.6645218750000002,0.13438125
11900,1.4668646875000002,0.20189062500000005,0.6635,0.13460937500000003
12000,1.4692009375000006,0.20292187500000003,0.6614500000000001,0.135628125
12100,1.4718984375000004,0.20424999999999996,0.6600625,0.13568750000000002
12200,1.4735984375000004,0.205121875,0.6592968750000001,0.13558125000000004
12300,1.4759000000000002,0.20564687499999998,0.657746875,0.13660625000000004
12400,1.478423125,0.20649062499999998,0.65603125,0.13747812500000006
12500,1.4800990624999995,0.20763437500000004,0.6547281249999999,0.13763749999999994
12600,1.4835034374999998,0.209284375,0.6523624999999998,0.138353125
12700,1.4859940625000003,0.21048437500000003,0.6510625,0.138453125
12800,1.4885059375,0.21122812500000002,0.64981875,0.13895312499999996
12900,1.4896293750000007,0.21209999999999998,0.6494500000000001,0.13845000000000002
13000,1.492100625,0.21362500000000004,0.6481656250000002,0.13820937499999997
13100,1.4936224999999999,0.2147125000000001,0.64696875,0.13831875
13200,1.4952368750000005,0.21534374999999997,0.6458656250000001,0.13879062500000006
13300,1.496483125,0.21656874999999998,0.64551875,0.1379125
13400,1.4978653124999999,0.21723437499999998,0.6449249999999999,0.137840625
13500,1.4999721875000003,0.21851874999999996,0.6438031249999998,0.137678125
13600,1.5012975000000002,0.21876562500000002,0.6446624999999999,0.13657187499999998
13700,1.5033734374999999,0.22038750000000001,0.6434624999999999,0.13615000000000002
13800,1.5047071875,0.22067812500000003,0.6422093750000003,0.1371125
13900,1.5057075000000002,0.22126250000000003,0.6415500000000001,0.13718750000000002
14000,1.5061715624999994,0.22120312500000003,0.64153125,0.13726562500000003
14100,1.5079721875000003,0.22145000000000006,0.6396531249999999,0.138896875
14200,1.5092846874999997,0.22199687499999998,0.6385406249999999,0.13946250000000002
14300,1.5108025,0.22232500000000005,0.6375,0.14017499999999994
14400,1.5115,0.22293125,0.638234375,0.13883437499999998
14500,1.5125246875,0.22355937499999998,0.6384625,0.137978125
14600,1.5131165624999996,0.22422187500000007,0.638675,0.137103125
14700,1.5132887499999998,0.22431250000000003,0.6392250000000002,0.13646250000000001
14800,1.5128853125,0.22417499999999999,0.6378875000000002,0.13793749999999996
14900,1.5133215625,0.22350937500000007,0.6373124999999998,0.139178125
15000,1.5128737499999996,0.22311249999999996,0.6380218749999998,0.13886562500000005
15100,1.5122824999999995,0.22339687500000002,0.6386875000000001,0.137915625
15200,1.5118331249999997,0.22269999999999998,0.6385218749999998,0.13877812499999995
15300,1.5108215624999999,0.22260937499999997,0.6387406250000001,0.13865000000000005
15400,1.5110874999999995,0.2232687500000001,0.6394656249999999,0.13726562499999995
15500,1.511494375,0.22348125000000002,0.6393562500000003,0.1371625
15600,1.5126803125000006,0.22365937499999997,0.6375312499999999,0.13880937499999998
15700,1.5141640625000004,0.22394375,0.6361906249999996,0.13986562500000002
15800,1.5155328125000003,0.22433125,0.6346531250000003,0.141015625
15900,1.5156321875,0.22409062499999993,0.6344124999999998,0.141496875
16000,1.5168178124999998,0.2250374999999999,0.6340593750000002,0.14090312499999993
16100,1.5183493750000003,0.22590625000000003,0.6327124999999999,0.14138124999999999
16200,1.5205725000000003,0.22671249999999996,0.6318906249999999,0.14139687499999998
16300,1.5227593750000001,0.22767187500000002,0.6310062499999999,0.141321875
16400,1.523929375,0.22842499999999996,0.6303812500000001,0.14119375
16500,1.5266665625000004,0.22896875000000008,0.6278781250000001,0.14315312500000002
16600,1.5265799999999996,0.22920625,0.6278250000000001,0.14296875000000003
16700,1.5291575,0.23007187500000004,0.6259218750000002,0.14400624999999995
16800,1.5317200000000004,0.2310875,0.6237437499999997,0.14516875
16900,1.53242375,0.23209687500000004,0.6235812499999998,0.14432187500000004
17000,1.53544125,0.23340625000000004,0.6208625000000001,0.14573125
17100,1.5383121875,0.234471875,0.619009375,0.14651875000000003
17200,1.5384953124999998,0.23535625000000004,0.6200718749999998,0.14457187500000004
17300,1.5394987500000004,0.2356312500000001,0.6200187499999997,0.14435000000000003
17400,1.5393593749999996,0.235496875,0.62033125,0.14417187500000003
17500,1.5389790625000002,0.23547500000000007,0.6207125,0.14381249999999993
17600,1.5388540625,0.23579687500000002,0.6211437500000001,0.14305937499999996
17700,1.5386021875000002,0.23566250000000002,0.6216875,0.14265000000000005
17800,1.53848,0.23546562499999998,0.6210593749999999,0.14347500000000002
17900,1.5387796874999997,0.23494687500000003,0.6205781250000001,0.14447500000000008
18000,1.5373675,0.23460312499999997,0.6222437500000001,0.14315312499999994
18100,1.5360725000000006,0.233996875,0.6229531250000001,0.14304999999999998
18200,1.5353031249999995,0.23396562499999998,0.62385625,0.14217812500000002
18300,1.5337328125000003,0.23324375,0.6247437500000002,0.14201249999999999
18400,1.5328878125,0.2327375000000001,0.626065625,0.141196875
18500,1.5322349999999996,0.23258125,0.6265906250000001,0.14082812500000003
18600,1.5317103124999996,0.23282812499999997,0.6276968750000002,0.13947499999999996
18700,1.5328609374999995,0.23301250000000007,0.6264875,0.14049999999999999
18800,1.533655625,0.23344687499999994,0.6265906250000001,0.13996250000000002
18900,1.5334746874999996,0.2336687500000001,0.6262468750000001,0.14008437499999998
19000,1.5332840625000006,0.234178125,0.6265312500000002,0.139290625
19100,1.5323131250000004,0.23369374999999998,0.6273531250000001,0.13895312499999996
19200,1.5317596875000001,0.23295937499999994,0.6268593750000002,0.14018125
19300,1.5327934374999999,0.23329375,0.6257906249999999,0.14091562500000004
19400,1.5351499999999996,0.23367812500000001,0.6236,0.14272187500000003
19500,1.5352471874999998,0.23355312499999994,0.6238406249999998,0.14260625
19600,1.5347425,0.23407499999999998,0.6244718749999999,0.14145312500000004
19700,1.5366453125000001,0.23460000000000003,0.6233718749999998,0.14202812499999995
19800,1.537086875,0.23499375,0.622915625,0.14209062500000003
19900,1.5379025,0.23493125,0.6220843749999999,0.14298437499999997
20000,1.5390900000000003,0.23590624999999996,0.6206281249999999,0.14346562500000004
20100,1.5387281250000002,0.23550625000000008,0.62124375,0.14325
20200,1.5384984374999997,0.23585625000000002,0.6215187499999999,0.142625
20300,1.5369328124999997,0.2350843750000001,0.6220312500000001,0.14288437499999998
20400,1.5369756249999997,0.23475,0.6218687500000003,0.14338125000000002
20500,1.536019375,0.234734375,0.6220468749999999,0.14321874999999998
20600,1.5360834375,0.23383124999999996,0.621553125,0.14461562500000005
20700,1.5363906250000003,0.23349687500000002,0.621903125,0.14460000000000003
20800,1.5368453124999997,0.23354999999999995,0.6208750000000001,0.14557499999999993
20900,1.5371059374999998,0.23420625,0.6211093750000001,0.14468437500000003
21000,1.5375096875000003,0.234334375,0.6214156249999999,0.14424999999999996
21100,1.5372506249999998,0.23455937500000001,0.6215906249999998,0.14385000000000003
21200,1.5378890625000003,0.2351875,0.6209281250000002,0.143884375
21300,1.5376215625,0.2351875,0.622125,0.14268750000000002
21400,1.537115625,0.235815625,0.6228312500000001,0.14135312500000002
21500,1.5378434375,0.23618124999999998,0.622021875,0.14179687500000004
21600,1.539599375,0.23705625,0.6220187499999998,0.14092499999999997
21700,1.5411678124999997,0.23820312500000004,0.6211749999999999,0.14062187499999998
21800,1.5424290625,0.23888749999999995,0.62083125,0.14028125000000002
21900,1.5425724999999997,0.2385125,0.6201499999999999,0.1413375
22000,1.54236125,0.23894999999999997,0.6203718749999999,0.14067812499999996
22100,1.5432387500000002,0.2392875,0.6198218749999996,0.14089062500000005
22200,1.5446162500000002,0.23931874999999997,0.6178968749999998,0.14278437500000002
22300,1.5439153124999996,0.23930312500000003,0.6181281250000003,0.14256875
22400,1.5433075000000003,0.23843437500000006,0.618796875,0.14276874999999994
22500,1.5430303125000002,0.23802500000000001,0.6187812500000001,0.14319375
22600,1.5418728125,0.23714999999999997,0.6199750000000002,0.142875
22700,1.5406509375000004,0.23698437500000005,0.6205281250000001,0.14248750000000002
22800,1.5411100000000002,0.23715624999999999,0.6212625000000002,0.14158125
22900,1.5403434374999996,0.23680937500000007,0.621846875,0.14134375000000005
23000,1.5396631250000001,0.23649687500000002,0.6218968750000001,0.14160625000000004
23100,1.5405968750000005,0.23685625000000005,0.6216343749999997,0.14150937499999997
23200,1.5408149999999998,0.23666874999999998,0.6205843749999999,0.142746875
23300,1.5398715625000003,0.23626875,0.621721875,0.1420093749999999
23400,1.53963625,0.2364156249999999,0.6208312499999998,0.14275312499999998
23500,1.5409596875,0.2368,0.6198312499999998,0.1433687500000001
23600,1.5421006250000004,0.23706562499999997,0.6181468750000001,0.14478749999999999
23700,1.5423775000000004,0.237425,0.6179843749999998,0.144590625
23800,1.5432840624999997,0.23775312499999995,0.6178625,0.14438437499999995
23900,1.5409512500000002,0.23690000000000008,0.620346875,0.142753125
24000,1.5392296874999998,0.23667812500000002,0.6222468749999998,0.141075
24100,1.539214375,0.23657812499999997,0.62231875,0.14110312500000002
24200,1.5373825000000003,0.23575312500000006,0.6242781250000002,0.13996874999999998
24300,1.5365103125000004,0.235209375,0.6243531249999997,0.1404375
24400,1.5366562499999996,0.23491250000000002,0.6239718750000001,0.141115625
24500,1.5355590625,0.23484375,0.6247124999999999,0.14044375000000003
24600,1.5362034375,0.23570937500000008,0.6256375,0.138653125
24700,1.5357356250000005,0.23587187500000004,0.6260593749999999,0.13806874999999996
24800,1.5363115625,0.23553749999999998,0.6252906249999999,0.13917187499999994
24900,1.5364303125,0.23591562500000007,0.6252656250000003,0.13881875000000002
25000,1.537213125,0.23579375000000002,0.6236593749999998,0.14054687500000002
25100,1.5368100000000005,0.23522500000000005,0.6234968750000001,0.14127812499999998
25200,1.5382225000000005,0.23611249999999995,0.6224124999999998,0.14147500000000002
25300,1.5398371875,0.23704062499999998,0.622021875,0.14093750000000005
25400,1.5426575,0.238590625,0.6193812499999998,0.14202812500000003
25500,1.5448859375000001,0.2394,0.6174531250000002,0.143146875
25600,1.5455143750000002,0.23992500000000003,0.61779375,0.14228124999999997
25700,1.5464065624999996,0.23997187500000006,0.6169250000000001,0.14310312499999997
25800,1.5490196874999997,0.24085937500000001,0.6146281250000001,0.14451249999999993
25900,1.5494253125,0.24085937499999993,0.6151312500000001,0.14400937499999997
26000,1.5492865624999999,0.240534375,0.61489375,0.144571875
26100,1.5501003124999997,0.24053750000000002,0.6144375,0.14502499999999996
26200,1.5496046875,0.240328125,0.6154000000000003,0.1442718749999999
26300,1.5493634374999996,0.23979062499999995,0.6155750000000001,0.144634375
26400,1.5489290624999996,0.23983125000000002,0.6160156249999998,0.14415312499999997
26500,1.5477634374999998,0.23954374999999997,0.6167874999999999,0.14366874999999998
26600,1.54726125,0.24019062500000007,0.6178156249999999,0.14199375000000003
26700,1.5458306250000002,0.23973437500000003,0.6186249999999999,0.141640625
26800,1.5446256249999992,0.23920000000000002,0.619159375,0.14164062499999996
26900,1.5443868750000005,0.23859375,0.6188906249999999,0.14251562499999998
27000,1.544633125,0.23826250000000004,0.6173812500000003,0.14435625
27100,1.5450724999999998,0.23811875,0.616996875,0.14488437499999998
27200,1.5460440625000005,0.238315625,0.6160218750000003,0.14566250000000003
27300,1.5472559374999997,0.23868125000000004,0.6147343749999999,0.14658437500000002
27400,1.5487396874999997,0.23911562499999994,0.6138531249999999,0.14703125000000003
27500,1.5485349999999996,0.23866875,0.6129468749999998,0.14838437499999999
27600,1.5469715625,0.238115625,0.6148499999999998,0.147034375
27700,1.54631125,0.23785625000000005,0.6150593749999999,0.14708437500000002
27800,1.5465396875000008,0.237875,0.6149125000000002,0.1472125
27900,1.5465981249999998,0.23727499999999993,0.6141687499999999,0.14855624999999997
28000,1.5468231249999997,0.23795000000000008,0.6149968750000001,0.14705312499999992
28100,1.547550625,0.23866562500000005,0.6149031249999998,0.14643125
28200,1.5487475000000006,0.23905624999999997,0.6153156250000003,0.145628125
28300,1.5495499999999995,0.23946562499999988,0.6142218749999997,0.1463125
28400,1.5484890624999998,0.239003125,0.6141499999999998,0.14684687499999993
28500,1.5485943750000002,0.23907499999999995,0.6132187499999997,0.14770624999999998
28600,1.550568125,0.23957500000000007,0.6128999999999998,0.14752499999999996
28700,1.5508409374999996,0.23970937500000003,0.613134375,0.14715625
28800,1.5514628125,0.24043749999999997,0.6138593750000001,0.14570312500000002
28900,1.5513071874999995,0.240784375,0.6147249999999997,0.14449062500000004
29000,1.5514312499999998,0.24092187499999998,0.6137312500000002,0.145346875
29100,1.5521021874999998,0.241390625,0.6128531250000001,0.14575625
29200,1.5522756249999998,0.24163437500000004,0.6133562499999999,0.14500937499999997
29300,1.5523584374999997,0.24159062500000006,0.6135656249999999,0.14484375000000002
29400,1.5509746875000003,0.24157500000000004,0.6154968749999999,0.14292812499999996
29500,1.5508837500000006,0.24142500000000006,0.616315625,0.14225937499999997
29600,1.5491768750000006,0.24100000000000002,0.6177218750000002,0.14127812500000003
29700,1.5487093750000003,0.24044375,0.6171031250000001,0.14245312499999999
29800,1.5478268750000002,0.24022500000000008,0.6178812499999999,0.14189374999999996
29900,1.5461928125000006,0.23964062500000002,0.6190968750000001,0.14126249999999999
30000,1.5435206249999995,0.23872187499999997,0.622528125,0.13874999999999996
30100,1.5431806249999998,0.23878124999999994,0.6224,0.13881874999999996
30200,1.5415362499999994,0.237934375,0.6239624999999999,0.13810312500000005
30300,1.5405978125000004,0.23815000000000003,0.6253062499999998,0.13654374999999996
30400,1.5410243749999997,0.2384625,0.624353125,0.13718437500000003
30500,1.5409440624999997,0.23862187500000004,0.6243125,0.13706562499999997
30600,1.5399468750000005,0.237934375,0.6251531250000001,0.1369125
30700,1.5401025000000002,0.23786875,0.6246312500000001,0.1375
30800,1.5404803124999997,0.23809687499999999,0.6247249999999999,0.13717812499999996
30900,1.5405543750000004,0.23797187500000003,0.62425,0.13777812499999995
31000,1.541505,0.23889062500000002,0.6239781249999999,0.13713125
31100,1.5432065625000002,0.23971874999999998,0.6230749999999999,0.13720624999999997
31200,1.544000625,0.23974062500000004,0.6215156249999999,0.13874375000000003
31300,1.5439600000000007,0.23946249999999994,0.621153125,0.13938437500000003
31400,1.5440062500000005,0.23948124999999998,0.6209781249999998,0.139540625
31500,1.5444690625000002,0.23997187499999997,0.62103125,0.138996875
31600,1.5463009374999996,0.24056874999999997,0.6196187500000001,0.1398125
31700,1.54667875,0.24124374999999998,0.6197874999999998,0.13896874999999997
31800,1.5475725000000002,0.24144687499999995,0.6197437499999998,0.138809375
31900,1.5490165624999996,0.24174375,0.6179781249999999,0.14027812500000003
32000,1.5512593749999997,0.2425156250000001,0.6164750000000001,0.14100937500000002
32100,1.5535837499999998,0.244234375,0.61521875,0.140546875
32200,1.5546465624999999,0.244315625,0.613903125,0.14178125000000003
32300,1.554791875,0.244375,0.6127718750000001,0.14285312500000005
32400,1.5563587500000002,0.24507812500000004,0.6126843750000001,0.14223750000000002
32500,1.5585037500000003,0.24610625,0.6114937499999998,0.14239999999999994
32600,1.5622728124999998,0.24737499999999996,0.60756875,0.14505625000000005
32700,1.5653718750000003,0.24894687499999993,0.6061593750000002,0.14489374999999996
32800,1.5674578124999996,0.24977500000000002,0.604365625,0.14585937499999999
32900,1.5672034375000001,0.2502500000000001,0.6055750000000001,0.14417499999999997
33000,1.5676512500000004,0.2502312499999999,0.60581875,0.14395
33100,1.5679618750000004,0.2501093750000001,0.605865625,0.1440249999999999
33200,1.5682715624999994,0.25045,0.6058125000000002,0.14373750000000002
33300,1.5683246875,0.2509156249999999,0.6063343749999999,0.14275000000000002
33400,1.568440625,0.250384375,0.6055718750000001,0.14404375000000003
33500,1.5686390625,0.25073124999999996,0.6048343749999999,0.14443437499999995
33600,1.5693659374999998,0.251078125,0.6045750000000004,0.144346875
33700,1.5708746875000006,0.25169687500000004,0.60315625,0.145146875
33800,1.571158125,0.2516,0.6020874999999999,0.14631249999999998
33900,1.5711821874999998,0.25067812500000003,0.6019125,0.14740937499999998
34000,1.5720121875,0.25100624999999993,0.6009218749999999,0.14807187499999996
34100,1.5719596875000001,0.251009375,0.600584375,0.14840625000000005
34200,1.5733828125000002,0.25165625,0.5990968750000002,0.14924687499999997
34300,1.5748259375000002,0.252259375,0.5996125000000001,0.148128125
34400,1.5764837500000006,0.25310625,0.5989468750000001,0.14794687499999998
34500,1.576155625,0.25362187500000005,0.5992187499999999,0.14715937499999998
34600,1.5756609375,0.2535625000000001,0.599878125,0.14655937499999996
34700,1.5748465625000003,0.2533968750000001,0.6003750000000001,0.14622812499999996
34800,1.5752996874999996,0.25407499999999994,0.6007781249999999,0.14514687499999998
34900,1.5770500000000003,0.255125,0.6009499999999998,0.14392500000000005
35000,1.5784021875000005,0.25651874999999996,0.6016750000000001,0.14180625
35100,1.5790337499999998,0.256634375,0.6015906249999999,0.14177500000000004
35200,1.5799390625000003,0.2574375,0.6011249999999999,0.1414375
35300,1.5800243749999996,0.2575625,0.600875,0.14156249999999998
35400,1.5804328125000002,0.25798437499999993,0.60041875,0.14159687499999998
35500,1.5808274999999998,0.2577250000000001,0.5996937499999999,0.14258125000000002
35600,1.5796434374999997,0.25754999999999995,0.6003125,0.14213750000000003
35700,1.5804449999999999,0.25737499999999996,0.5989312499999998,0.14369375
35800,1.5815762499999997,0.2573,0.5981875000000001,0.1445125
35900,1.5814896874999997,0.25748125,0.597609375,0.144909375
36000,1.5811565625000004,0.25728437499999995,0.597284375,0.14543124999999998
36100,1.5817793750000002,0.2575062499999999,0.597375,0.14511874999999994
36200,1.5818775,0.257409375,0.5973374999999997,0.145253125
36300,1.5823312500000002,0.25809374999999996,0.5978531250000001,0.144053125
36400,1.58174625,0.25767187500000005,0.5979718750000002,0.14435624999999996
36500,1.5823475000000005,0.25738125,0.5973687500000001,0.14525000000000002
36600,1.5831890624999996,0.2575125000000001,0.5951187499999999,0.14736875000000002
36700,1.5840137500000002,0.25725625,0.59371875,0.14902499999999996
36800,1.5850274999999996,0.25765,0.59384375,0.14850625000000003
36900,1.5848734375000002,0.25719999999999993,0.593153125,0.14964687499999998
37000,1.5860815624999995,0.25792500000000007,0.5930531250000001,0.14902187500000003
37100,1.5844268750000003,0.25716875,0.593615625,0.14921562500000002
37200,1.5834978125000003,0.25636875,0.59506875,0.14856250000000004
37300,1.5842503124999998,0.2572499999999999,0.595509375,0.147240625
37400,1.5843003124999993,0.256559375,0.5946437500000001,0.148796875
37500,1.5830071875,0.25618750000000007,0.5952687500000002,0.14854375000000006
37600,1.5819459375,0.25493125,0.595121875,0.14994687500000003
37700,1.5810350000000004,0.254265625,0.5964562499999998,0.14927812499999996
37800,1.5786818749999996,0.25394062500000003,0.5979999999999998,0.14805937500000005
37900,1.5751784375,0.2527375,0.6008718749999999,0.14639062500000005
38000,1.57303,0.2513125,0.602190625,0.14649687500000003
38100,1.5717012499999998,0.2512093749999999,0.6031843750000001,0.14560625
38200,1.5687050000000002,0.24923437499999992,0.6048343750000001,0.14593124999999998
38300,1.5664915625,0.24800312499999996,0.60546875,0.146528125
38400,1.5639512500000003,0.24695624999999996,0.607509375,0.1455343749999999
38500,1.5628900000000001,0.24602812499999996,0.6079656250000001,0.14600624999999998
38600,1.5605396875,0.24520625000000001,0.609346875,0.14544687499999998
38700,1.5579296875000002,0.24447187499999992,0.6112093749999998,0.14431875000000002
38800,1.5566078125000002,0.244209375,0.6130687500000002,0.142721875
38900,1.5560640625,0.24381875000000003,0.6132656250000001,0.14291562499999996
39000,1.5546778125000003,0.24309687500000005,0.6132999999999998,0.14360312499999997
39100,1.5530015625000002,0.24200000000000005,0.614659375,0.14334062500000005
39200,1.5505271874999997,0.24099687499999997,0.61543125,0.14357187500000002
39300,1.54812625,0.24059062500000003,0.6176124999999998,0.141796875
39400,1.5471081249999992,0.24097187500000003,0.618121875,0.1409062499999999
39500,1.5451806249999995,0.24022812500000001,0.6181218749999998,0.14165000000000005
39600,1.544818125,0.23998437499999994,0.6176562499999999,0.14235937500000007
39700,1.5469178124999998,0.24018437500000003,0.61585,0.14396562499999999
39800,1.5489090625,0.24029375000000003,0.6136437499999999,0.14606249999999993
39900,1.5508259374999995,0.24188124999999996,0.6126187499999999,0.14549999999999996
40000,1.5519815625,0.24223124999999987,0.6116437499999999,0.14612499999999998
40100,1.5527824999999997,0.2430875000000001,0.6118406250000001,0.14507187500000002
40200,1.5535649999999999,0.24322812500000002,0.6113656250000002,0.14540625000000001
40300,1.5522046874999997,0.24244999999999994,0.6127937499999998,0.14475624999999998
40400,1.5531015625,0.24316562500000002,0.6141125,0.14272187500000003
40500,1.5533443750000004,0.24412187500000002,0.6144874999999999,0.141390625
40600,1.552998749999999,0.24450937499999997,0.615725,0.13976562499999995
40700,1.5525878125,0.24409687499999994,0.61636875,0.13953437500000002
40800,1.5515665624999992,0.24405937500000002,0.6171156250000002,0.138825
40900,1.5524637499999994,0.24475624999999993,0.6161,0.13914375
41000,1.5538140625000003,0.245496875,0.6153,0.13920312499999996
41100,1.5560453125000002,0.24620624999999996,0.6143531249999999,0.13944062500000004
41200,1.5585837499999997,0.24715000000000004,0.6121687499999999,0.1406812500000001
41300,1.5618937500000003,0.24932187499999994,0.610628125,0.14004999999999998
41400,1.5636871875000002,0.24981875000000003,0.6086312500000001,0.14155
41500,1.5656896874999995,0.25099375,0.6073187499999999,0.14168749999999997
41600,1.5681712500000002,0.25133125000000006,0.605403125,0.143265625
41700,1.5687924999999994,0.2510593750000001,0.603990625,0.14494999999999994
41800,1.5700053125000002,0.2512375,0.60379375,0.14496875
41900,1.5715678125,0.25262499999999993,0.6030562500000001,0.14431874999999997
42000,1.5710484374999998,0.25268749999999995,0.6039125,0.1434
42100,1.5715875000000001,0.25264375000000006,0.6032,0.14415625000000004
42200,1.5705012500000002,0.2526093750000001,0.60446875,0.142921875
42300,1.569994375,0.2521781250000001,0.6041687500000001,0.143653125
42400,1.5690846874999997,0.25166562499999995,0.605084375,0.14325000000000002
42500,1.5693793750000002,0.25195625000000005,0.6052781249999999,0.142765625
42600,1.5690262499999996,0.25159999999999993,0.6059187500000001,0.14248124999999998
42700,1.5686662500000004,0.25180625000000006,0.606021875,0.14217187499999995
42800,1.5689553125,0.2526125,0.607146875,0.14024062500000004
42900,1.5701140625000003,0.25328125,0.6062031250000002,0.14051562499999995
43000,1.5722903124999998,0.253659375,0.60463125,0.14170937499999994
43100,1.573531875,0.2543656250000001,0.6028062499999999,0.14282812499999994
43200,1.5736009374999997,0.25463749999999996,0.6036249999999999,0.14173749999999996
43300,1.574536875,0.255384375,0.6033,0.14131562499999997
43400,1.5754478125,0.255953125,0.6028749999999999,0.14117187499999997
43500,1.5747662499999997,0.255315625,0.6037968749999998,0.1408875
43600,1.5749540624999998,0.25510000000000005,0.603015625,0.14188437499999995
43700,1.5755928125000003,0.255553125,0.60231875,0.14212812500000002
43800,1.5768421875000003,0.25637187499999997,0.6016062500000001,0.14202187500000002
43900,1.5782003124999995,0.256340625,0.6001750000000001,0.143484375
44000,1.5799012499999998,0.25695000000000007,0.5983156250000001,0.14473437499999997
44100,1.5810415625000003,0.25816875000000006,0.5981906250000001,0.14364062499999994
44200,1.5821590625,0.2585625,0.5975750000000002,0.14386250000000003
44300,1.5830615625,0.25883125,0.5979749999999996,0.14319375
44400,1.5830418749999997,0.25896250000000004,0.5981281250000003,0.14290937499999998
44500,1.5833031249999998,0.25929375,0.5981781249999998,0.142528125
44600,1.581741875,0.258546875,0.5987156250000002,0.14273750000000002
44700,1.5829112500000007,0.25867500000000004,0.5985312499999998,0.14279375000000002
44800,1.5828274999999998,0.2589656250000001,0.5991656250000001,0.14186875000000002
44900,1.5809862499999998,0.25831250000000006,0.6007343749999998,0.14095312499999998
45000,1.579308437499999,0.25780625000000007,0.6025093749999999,0.13968437499999997
45100,1.5775649999999999,0.25682187500000003,0.603378125,0.13979999999999995
45200,1.5778068749999996,0.256915625,0.601978125,0.14110624999999996
45300,1.5774203125000004,0.256196875,0.6007125,0.14309062500000005
45400,1.5775059375000002,0.2558,0.6001499999999999,0.14405
45500,1.5772293749999997,0.2552375,0.600240625,0.14452187500000005
45600,1.5772781250000008,0.25472187500000004,0.5999812499999997,0.14529687499999996
45700,1.5755859375000003,0.254240625,0.6006656249999999,0.14509375000000002
45800,1.5742596874999994,0.25356562499999996,0.6026562500000001,0.14377812499999998
45900,1.5733928125,0.253109375,0.603890625,0.14300000000000002
46000,1.572759375,0.2522656250000001,0.60348125,0.144253125
46100,1.5708493749999999,0.252075,0.605415625,0.142509375
46200,1.5705259375000002,0.25203125000000004,0.605515625,0.14245312499999996
46300,1.5704765624999997,0.25200625000000004,0.604678125,0.14331562499999997
46400,1.5702331250000001,0.25194062500000003,0.604634375,0.14342500000000002
46500,1.5698265625000003,0.25158437499999997,0.6052124999999999,0.14320312499999996
46600,1.5712528124999996,0.251975,0.60443125,0.14359375000000002
46700,1.571053125,0.25200625000000004,0.6039468749999999,0.14404687500000002
46800,1.5707331249999998,0.25174062499999994,0.6040312499999999,0.14422812499999998
46900,1.5686396875,0.25069375000000005,0.6056624999999999,0.14364375000000001
47000,1.5676146875,0.2504625,0.6064999999999996,0.14303749999999993
47100,1.5665603125,0.24979375,0.6067031249999999,0.143503125
47200,1.5679671874999994,0.24989374999999991,0.60473125,0.145375
47300,1.5680068750000002,0.24994999999999998,0.6049,0.14515
47400,1.5689534375,0.25048750000000003,0.604278125,0.145234375
47500,1.5692712500000001,0.25067812500000003,0.604428125,0.14489375
47600,1.57003125,0.25151875000000007,0.6048874999999999,0.14359375000000002
47700,1.571538125,0.25275,0.603890625,0.143359375
47800,1.5721278125000002,0.253290625,0.6035093750000002,0.14319999999999997
47900,1.5730384375000002,0.2532468749999999,0.6023343750000003,0.14441874999999996
48000,1.5745490625,0.25371875,0.6008531250000001,0.14542812499999994
48100,1.575106875,0.25388125,0.6007062500000002,0.1454125
48200,1.5733396874999999,0.25345625,0.6030781250000004,0.14346562500000004
48300,1.5720084374999996,0.253090625,0.6047406250000001,0.14216874999999995
48400,1.5706837500000004,0.25240625,0.6054906249999998,0.14210312500000005
48500,1.5695843750000005,0.25196562499999997,0.6061000000000001,0.141934375
48600,1.5685271875000002,0.25109374999999995,0.6063000000000002,0.14260625000000002
48700,1.5657865625000003,0.24997812500000005,0.6074875000000001,0.142534375
48800,1.5649609375000006,0.24983124999999995,0.6071531249999998,0.14301562500000004
48900,1.5649243750000004,0.2486593750000001,0.60604375,0.145296875
49000,1.5650684375,0.24898125,0.6061406249999998,0.14487812500000002
49100,1.5659684374999998,0.24914375000000008,0.6052937500000004,0.1455625
49200,1.5677415625000002,0.24988125000000003,0.6028656249999998,0.147253125
49300,1.5664621875000004,0.24975,0.604603125,0.14564687500000004
49400,1.5674449999999995,0.24990937499999993,0.60354375,0.146546875
49500,1.5684259374999998,0.25037187499999997,0.6038156249999999,0.1458125
49600,1.5695606250000003,0.251396875,0.6033875000000002,0.145215625
49700,1.5706449999999996,0.2519,0.6034374999999998,0.14466250000000005
49800,1.5720303125,0.252115625,0.6024875,0.14539687499999998
49900,1.5723159375000004,0.25220937500000007,0.6029968749999999,0.14479375000000003
50000,1.5721006250000003,0.25225625,0.603540625,0.14420312500000002
50100,1.5718946875000004,0.251965625,0.6036343750000001,0.1444
50200,1.5725612500000001,0.25240624999999994,0.6027156250000001,0.144878125
50300,1.57448375,0.2536093749999999,0.6012218749999999,0.14516875000000004
50400,1.5753137499999998,0.25391874999999997,0.6013624999999998,0.14471874999999992
50500,1.5770400000000004,0.254921875,0.6002562500000002,0.14482187499999996
50600,1.5766390625,0.2548375000000001,0.6002843750000003,0.144878125
50700,1.5760881250000005,0.25427187500000004,0.600503125,0.14522500000000002
50800,1.5765150000000006,0.25478749999999994,0.6002156249999999,0.144996875
50900,1.5771231249999995,0.25423437499999996,0.5993593749999999,0.14640625
51000,1.5776143749999996,0.25474375000000005,0.5987656250000001,0.146490625
51100,1.5789371875000004,0.25504062499999997,0.5974031249999999,0.14755625
51200,1.580640625,0.255884375,0.5971531250000001,0.14696250000000002
51300,1.5820887499999996,0.2564375,0.5959124999999997,0.14765
51400,1.5827256249999992,0.25683125,0.5959187500000003,0.14725000000000002
51500,1.5841621875,0.2573187499999999,0.5942593749999999,0.14842187500000004
51600,1.5843325000000004,0.25744375,0.5942031249999997,0.148353125
51700,1.5845549999999995,0.25684375000000004,0.5940500000000002,0.14910625000000005
51800,1.5839437500000004,0.256521875,0.5945062499999999,0.14897187500000003
51900,1.5832340624999999,0.2565406250000001,0.59508125,0.14837812500000006
52000,1.5820209375,0.2559374999999999,0.5960687500000003,0.14799375
52100,1.5811156249999996,0.25571875,0.5968968749999999,0.14738437500000004
52200,1.5799499999999997,0.25443125,0.5970031250000001,0.148565625
52300,1.5790709375000007,0.254528125,0.59808125,0.147390625
52400,1.57758625,0.25455937500000003,0.5994562499999999,0.145984375
52500,1.5770175,0.25433749999999994,0.600109375,0.145553125
52600,1.5759221874999998,0.253503125,0.6003499999999998,0.14614687499999998
52700,1.5754696874999996,0.25346875,0.600775,0.14575625
52800,1.5757765625,0.2529656250000001,0.59955625,0.147478125
52900,1.5744840625,0.25234687499999997,0.5996156249999999,0.14803750000000004
53000,1.5758221875000005,0.25277187500000015,0.5984406249999998,0.14878750000000002
53100,1.5760268750000004,0.2531750000000001,0.59835,0.148475
53200,1.577088125,0.253484375,0.5974500000000001,0.149065625
53300,1.5791328125,0.2539968749999999,0.5952531249999999,0.15075000000000002
53400,1.5797790624999997,0.25437812499999995,0.5951312500000001,0.15049062500000004
53500,1.5792343750000002,0.2532625,0.5962281250000001,0.15050937500000006
53600,1.5780453125,0.25324062499999994,0.5984468750000002,0.14831249999999996
53700,1.5762931249999994,0.252975,0.6007781249999999,0.14624687500000005
53800,1.5741753124999993,0.25271875000000005,0.6017531250000001,0.14552812500000004
53900,1.5735278124999994,0.2522718749999999,0.60199375,0.14573437500000003
54000,1.5719453125,0.25125937499999995,0.6033,0.145440625
54100,1.5708390625000004,0.2508249999999999,0.6045468749999997,0.144628125
