step,mean_aspect_ratio,fraction_elongated,fraction_round,fraction_binary
100,1.0,0.0,1.0,0.0
200,1.0330681250000002,0.001603125,0.900921875,0.09747499999999995
300,1.0254356249999999,0.001996875000000001,0.92073125,0.07727187499999998
400,1.02236625,0.0020812499999999998,0.9286906249999999,0.06922812499999999
500,1.0211796875,0.002059374999999999,0.931575,0.066365625
600,1.0200574999999998,0.00215625,0.9355375,0.06230625
700,1.0195390624999994,0.0022500000000000007,0.9375937500000002,0.06015624999999999
800,1.0191225000000002,0.002365625,0.93865,0.05898437500000001
900,1.0186909375,0.0025375000000000003,0.9408593749999997,0.05660312500000002
1000,1.018825625,0.002734375,0.9417531249999997,0.0555125
1100,1.0190462500000002,0.0028281250000000003,0.9423531249999999,0.05481875000000001
1200,1.0185440625000002,0.002971875,0.9445937499999998,0.052434375
1300,1.0188609374999997,0.0031656249999999996,0.9450906249999999,0.05174375
1400,1.01904625,0.0033156250000000004,0.945909375,0.05077500000000001
1500,1.0194553125000003,0.003550000000000001,0.94570625,0.05074375
1600,1.020081875,0.0038093750000000007,0.9458624999999996,0.050328125
1700,1.0205506249999998,0.004112500000000002,0.9460562500000003,0.049831249999999994
1800,1.0212028125000001,0.0044281250000000015,0.9460625000000004,0.049509375
1900,1.0219,0.0046562500000000015,0.9455593750000001,0.04978437500000001
2000,1.0227234374999996,0.004968750000000001,0.9452406250000001,0.049790625000000005
2100,1.023156875,0.00520625,0.9449500000000002,0.049843750000000006
2200,1.0231262499999998,0.005343749999999999,0.9453437500000001,0.049312499999999995
2300,1.0237331249999997,0.005565624999999999,0.9453437499999998,0.049090625
2400,1.0240818750000003,0.005753125,0.9453249999999997,0.04892187500000001
2500,1.0247696874999996,0.006084375,0.9450000000000003,0.048915625
2600,1.0252721875000002,0.00633125,0.9454937500000001,0.04817500000000001
2700,1.0259259375,0.00666875,0.9448218750000001,0.048509374999999993
2800,1.02713,0.007131249999999998,0.9440906249999996,0.04877812499999999
2900,1.0285637500000004,0.007849999999999998,0.9432125,0.04893750000000001
3000,1.0297212500000001,0.008346874999999998,0.942340625,0.049312499999999995
3100,1.0310321875000004,0.008828125,0.9422437500000002,0.048928124999999996
3200,1.0324928125000001,0.009581249999999998,0.9413531250000001,0.04906562499999999
3300,1.0344831249999995,0.01029375,0.9395999999999999,0.05010624999999999
3400,1.0363503125000002,0.011028125,0.937959375,0.0510125
3500,1.0379121875,0.011556249999999999,0.9372343750000002,0.051209374999999994
3600,1.0396059375000002,0.012440624999999995,0.9360656250000001,0.05149375
3700,1.0417853124999998,0.013324999999999997,0.9346906249999997,0.051984375000000006
3800,1.0435562500000002,0.014081249999999997,0.9338374999999997,0.05208125
3900,1.0459893749999998,0.015168749999999993,0.9323312500000004,0.0525
4000,1.0484321874999998,0.016268750000000002,0.9306562499999999,0.053075000000000004
4100,1.0505609375000002,0.017137499999999996,0.9292343749999998,0.053628125
4200,1.0525084374999998,0.017809375000000002,0.927546875,0.05464375000000001
4300,1.0550134374999995,0.0187875,0.9264031250000002,0.05480937500000001
4400,1.0572081250000003,0.01995,0.9254781250000003,0.05457187500000002
4500,1.0592534374999998,0.020874999999999998,0.92398125,0.05514375000000001
4600,1.0606340625,0.021387499999999997,0.9231812500000004,0.055431249999999994
4700,1.0631475000000004,0.022212499999999996,0.9212374999999997,0.05654999999999998
4800,1.0658443750000002,0.023340625000000004,0.9186406249999998,0.05801874999999997
4900,1.0676884375,0.024115625,0.918346875,0.05753749999999999
5000,1.0700574999999999,0.024999999999999998,0.9160312500000001,0.05896875000000001
5100,1.0711734374999997,0.025618749999999996,0.9153718750000001,0.05900937499999998
5200,1.0725490625000003,0.025996874999999992,0.9146656249999997,0.05933749999999999
5300,1.0748624999999998,0.027090625,0.9138718749999998,0.05903749999999999
5400,1.0775821875,0.028134375,0.91200625,0.059859375000000006
5500,1.0791206250000005,0.028765625000000003,0.9118000000000002,0.059434375000000005
5600,1.0805484374999996,0.029665624999999998,0.9116937500000002,0.058640625
5700,1.0823303125000001,0.030259374999999998,0.9105218749999999,0.05921875000000001
5800,1.0840225,0.031,0.9096843749999998,0.05931562499999998
5900,1.0865575,0.032096875,0.9076500000000003,0.06025312500000002
6000,1.0891440624999997,0.033159375,0.9049375,0.061903124999999996
6100,1.0907759375000001,0.033996875,0.9035843749999997,0.06241875
6200,1.0930628125000001,0.034734375,0.9016156249999999,0.06364999999999998
6300,1.0936909375000006,0.03515312499999999,0.9014749999999998,0.06337187500000002
6400,1.0950721874999998,0.03591562499999999,0.9011406249999999,0.06294374999999999
6500,1.0962103124999998,0.03647500000000001,0.9001312499999997,0.06339375000000001
6600,1.0986859375,0.03736875,0.8986562500000004,0.06397499999999998
6700,1.101259375,0.03838125,0.8962031250000002,0.065415625
6800,1.1037896875,0.03937187499999999,0.894365625,0.0662625
6900,1.1054237499999997,0.03988437500000001,0.8938593749999999,0.06625625
7000,1.1068368749999997,0.04064375,0.8921906249999999,0.06716562500000002
7100,1.1091950000000002,0.04179062499999999,0.8915843750000003,0.066625
7200,1.1124903124999999,0.043331249999999995,0.8895937499999998,0.06707500000000001
7300,1.1144699999999996,0.044087499999999995,0.8884437500000001,0.06746875
7400,1.1174634374999997,0.04547499999999999,0.886128125,0.068396875
7500,1.1195262500000003,0.046459375,0.8853031250000001,0.0682375
7600,1.1219262500000002,0.04760000000000001,0.883790625,0.06860937499999999
7700,1.1243200000000002,0.04878437499999999,0.8826906250000003,0.06852499999999999
7800,1.1266062500000005,0.049831249999999994,0.8807718749999996,0.06939687500000001
7900,1.1289634375000002,0.0509375,0.8793218749999998,0.06974062499999999
8000,1.1312228124999997,0.051853125,0.8783781249999998,0.06976875
8100,1.13336125,0.05291875,0.8763156249999999,0.07076562499999998
8200,1.1346143750000008,0.053503125,0.8758843750000002,0.07061250000000001
8300,1.1361781249999996,0.054137500000000005,0.8748562499999999,0.07100624999999999
8400,1.1389428124999998,0.05543437499999999,0.8726281250000001,0.07193750000000003
8500,1.1403878125000002,0.056046874999999996,0.8721718749999999,0.07178125000000003
8600,1.1426387500000004,0.05690624999999999,0.8707562500000001,0.0723375
8700,1.1437578125,0.05769375,0.8705843749999999,0.07172187500000002
8800,1.1454909375000002,0.05840000000000001,0.8686749999999999,0.07292500000000002
8900,1.1478184374999998,0.059821875000000004,0.8676312500000001,0.072546875
9000,1.1500618750000002,0.060515624999999997,0.8663749999999998,0.073109375
9100,1.15202375,0.06131874999999999,0.8643718750000002,0.07430937499999998
9200,1.1540521875000003,0.06210625,0.8628281250000001,0.07506562500000002
9300,1.1559646875000007,0.06327187500000002,0.86226875,0.07445937500000002
9400,1.1585371875,0.06422812500000001,0.8600156249999998,0.07575625000000002
9500,1.1609703124999997,0.06518750000000001,0.85925,0.07556250000000002
9600,1.1626609375000005,0.06589374999999999,0.8582125000000002,0.07589375
9700,1.1642331249999998,0.06625,0.8571531249999998,0.07659687499999998
9800,1.1650378124999998,0.06665937499999999,0.8568625,0.07647812500000002
9900,1.166540625,0.067603125,0.8565156249999994,0.07588125000000007
10000,1.1679315625000004,0.06821562500000002,0.856428125,0.07535625000000001
10100,1.1694646874999999,0.06901875000000003,0.8556531249999999,0.075328125
10200,1.170476875,0.06960312499999999,0.8556468750000005,0.07474999999999998
10300,1.1707531249999996,0.069728125,0.8547156250000001,0.07555625
10400,1.1718837500000001,0.07049375000000001,0.8542156249999999,0.07529062499999999
10500,1.1730024999999997,0.07098125000000002,0.85348125,0.07553750000000001
10600,1.1735825,0.07105937500000004,0.85233125,0.07660937500000004
10700,1.1745203125000003,0.07140625000000002,0.8519468749999999,0.076646875
10800,1.1756934375000003,0.07168437500000001,0.8509000000000003,0.07741562499999999
10900,1.1763937499999997,0.07180312500000002,0.85030625,0.07789062500000002
11000,1.1775621875000002,0.07251562499999999,0.849209375,0.07827500000000001
11100,1.1794865625000002,0.07330312500000002,0.84781875,0.07887812499999997
11200,1.1810515625,0.07403750000000002,0.8469781250000001,0.07898437499999998
11300,1.1824931249999995,0.07469375000000002,0.846225,0.07908125
11400,1.184185625,0.07523437500000003,0.8453218749999999,0.07944375
11500,1.1844546875000004,0.07561250000000003,0.8456437499999999,0.07874374999999997
11600,1.1849853124999998,0.07587812500000002,0.8458062500000002,0.07831562499999997
11700,1.1852962499999997,0.07640625000000001,0.8453749999999999,0.07821875
11800,1.1858475,0.07647812500000001,0.8455062499999998,0.07801562499999999
11900,1.1869959375,0.077109375,0.8449656249999999,0.07792499999999998
12000,1.1878178125000003,0.07766875000000001,0.84468125,0.07765
12100,1.1880387499999998,0.078125,0.8451968749999998,0.076678125
12200,1.1893365625000003,0.07849375000000001,0.8442843750000002,0.07722187500000002
12300,1.1912659374999999,0.07942812499999999,0.8431218749999999,0.07744999999999999
12400,1.1929550000000002,0.08061562500000001,0.84163125,0.07775312500000002
12500,1.1939509375000004,0.08100937499999998,0.8408,0.07819062499999997
12600,1.1947221875,0.08149687500000004,0.8407562500000002,0.07774687500000002
12700,1.19621625,0.08199999999999998,0.8396812499999997,0.07831874999999999
12800,1.1978346875000003,0.08271250000000001,0.83879375,0.07849375
12900,1.1986896875000002,0.08327812500000002,0.8386593749999998,0.07806249999999999
13000,1.200601875,0.08398749999999999,0.8369562500000002,0.07905625000000001
13100,1.2015653125,0.08425625,0.8372156249999998,0.078528125
13200,1.2018306249999997,0.08468749999999997,0.8369593749999998,0.07835312499999998
13300,1.2022803125000001,0.08472187500000002,0.8360281250000001,0.07924999999999997
13400,1.2021959375000002,0.08465625000000003,0.8357375,0.07960625
13500,1.2025965625000004,0.08481562500000002,0.835971875,0.07921250000000002
13600,1.20400625,0.08554687500000001,0.8346812499999999,0.07977187499999996
13700,1.2053053125000006,0.08555312500000001,0.8334093749999999,0.08103750000000004
13800,1.2060481249999997,0.085946875,0.8325312499999998,0.08152187499999997
13900,1.2070653125,0.08616875000000002,0.8325437499999998,0.08128750000000001
14000,1.2074790625000005,0.08638437500000001,0.8319718749999997,0.08164375000000003
14100,1.2069018749999998,0.086146875,0.8327156250000001,0.08113750000000002
14200,1.2074471875,0.08611562499999999,0.8324062499999997,0.08147812499999998
14300,1.2068390624999998,0.08573125000000002,0.8322874999999997,0.08198125
14400,1.2068459374999998,0.085515625,0.83259375,0.08189062500000001
14500,1.20705625,0.08597812500000003,0.8326093750000001,0.0814125
14600,1.2074624999999997,0.086225,0.8323406249999997,0.081434375
14700,1.20672,0.086196875,0.8327500000000002,0.08105312499999998
14800,1.2059896874999996,0.08580937500000001,0.8334750000000001,0.080715625
14900,1.2046003125,0.08540937500000002,0.8348781250000002,0.07971249999999996
15000,1.2035825,0.0848125,0.8355343750000003,0.07965312500000002
15100,1.2027909375000003,0.08500625000000003,0.836928125,0.07806562500000001
15200,1.2026515625000003,0.08492812500000001,0.8363437500000003,0.07872812500000001
15300,1.2026346875,0.08526875,0.836715625,0.078015625
15400,1.2034150000000001,0.0858,0.8362281249999998,0.077971875
15500,1.2043956250000003,0.08585000000000001,0.8352281250000002,0.07892187499999999
15600,1.20384,0.08605937500000002,0.836209375,0.07773124999999999
15700,1.2050384374999998,0.086765625,0.8357468749999996,0.07748749999999999
15800,1.2052718750000002,0.0866125,0.8354000000000001,0.07798749999999999
15900,1.2058478124999996,0.08703437500000001,0.834940625,0.07802500000000001
16000,1.2068821875,0.08714375000000002,0.8336812499999999,0.07917500000000002
16100,1.2069706249999999,0.08695624999999998,0.83345625,0.0795875
16200,1.2071490625,0.086765625,0.8334343749999998,0.07979999999999998
16300,1.2084962500000003,0.08748125000000001,0.8324593750000002,0.080059375
16400,1.209764375,0.08820312500000002,0.8323999999999999,0.07939687500000002
16500,1.210808125,0.088753125,0.8315562499999999,0.07969062500000001
16600,1.2112428125000003,0.08914062499999997,0.8312937499999999,0.07956562499999999
16700,1.2120571875,0.0894375,0.8307468750000002,0.07981562500000003
16800,1.2130084375,0.09006562499999998,0.8303468749999999,0.07958749999999996
16900,1.2147446875000005,0.090790625,0.8287281249999998,0.08048124999999999
17000,1.2147971874999999,0.09061875000000001,0.8288937500000002,0.0804875
17100,1.2146015624999997,0.09063437499999998,0.8293125000000001,0.080053125
17200,1.214966875,0.090903125,0.8293531250000002,0.07974374999999999
17300,1.2160315625,0.09101875000000001,0.8279937499999999,0.08098750000000002
17400,1.2176090625,0.09151250000000002,0.8271218749999999,0.08136562500000005
17500,1.2189446874999998,0.09215625,0.8254437499999999,0.08240000000000003
17600,1.2197743749999999,0.09221875000000002,0.8242374999999997,0.08354374999999997
17700,1.2199203125000002,0.09190000000000004,0.82370625,0.08439374999999999
17800,1.2188406250000001,0.09131562500000004,0.825125,0.08355937499999999
17900,1.2185799999999998,0.091715625,0.8257093749999997,0.08257499999999998
18000,1.2191693749999994,0.0920125,0.8257375000000002,0.08224999999999999
18100,1.2188112499999995,0.09188125,0.8249187499999998,0.08319999999999997
18200,1.2199534375,0.09270624999999999,0.82455625,0.08273749999999998
18300,1.2212365625000003,0.09322187500000002,0.8234781250000001,0.0833
18400,1.2215753125,0.09350000000000001,0.8230781250000001,0.08342187499999998
18500,1.2218609375000002,0.09361875000000003,0.8227343749999999,0.08364687499999998
18600,1.2220862499999998,0.09361562499999998,0.8224343750000002,0.08395000000000001
18700,1.2223621875,0.09389375000000003,0.8227968750000002,0.083309375
18800,1.2230840625,0.09409687500000002,0.8219625000000004,0.08394062499999999
18900,1.2219815625,0.093690625,0.823534375,0.082775
19000,1.2220296875,0.09427812500000003,0.824325,0.08139687499999997
19100,1.2232112499999999,0.09516250000000002,0.823446875,0.08139062500000002
19200,1.2229465624999998,0.09550312500000001,0.8249125000000003,0.079584375
19300,1.2238968749999999,0.09570625000000002,0.8237031249999998,0.08059062500000001
19400,1.2251653125000002,0.09665937499999999,0.8235593749999998,0.07978125
19500,1.2261146875,0.09667500000000001,0.8223687500000001,0.08095625
19600,1.2265315625000004,0.09689374999999997,0.8222218749999999,0.080884375
19700,1.2282603124999996,0.097453125,0.8205375,0.08200937499999995
19800,1.22957875,0.09780000000000001,0.8189468749999997,0.08325312499999998
19900,1.2311962500000004,0.09849062500000001,0.8182624999999997,0.08324687500000003
20000,1.2324375000000003,0.099315625,0.818071875,0.08261249999999998
20100,1.23317125,0.10017500000000004,0.8188718750000001,0.08095312499999997
20200,1.2333312499999998,0.10061875000000002,0.8181187500000004,0.08126250000000003
20300,1.2333465624999997,0.10064374999999999,0.8184718750000003,0.08088437499999998
20400,1.2352915625,0.10154062500000001,0.8175499999999998,0.080909375
20500,1.2367549999999996,0.10208750000000001,0.8162562499999997,0.08165625
20600,1.2380574999999998,0.10265937499999997,0.8152062500000001,0.08213437499999998
20700,1.2409831249999996,0.10399687499999999,0.8131812499999999,0.08282187500000002
20800,1.243675,0.10515937500000003,0.8114093749999999,0.08343124999999998
20900,1.2465934374999996,0.10622500000000003,0.8094312500000002,0.08434374999999998
21000,1.2490487500000003,0.10675937499999998,0.8080124999999999,0.08522812500000002
21100,1.2508506249999995,0.107790625,0.8068812500000003,0.08532812499999999
21200,1.2523212499999992,0.10826875000000001,0.8059562500000003,0.08577500000000002
21300,1.2538415625,0.10895000000000002,0.80450625,0.08654375000000002
21400,1.2546434375,0.10899375,0.8038468749999998,0.08715937500000003
21500,1.2554237500000003,0.10938750000000003,0.8029937499999998,0.08761875000000001
21600,1.2562940625000005,0.10952187500000003,0.8026125000000004,0.08786562500000003
21700,1.2568221875000003,0.10983125,0.8019062500000003,0.08826250000000002
21800,1.2571681250000002,0.11020625,0.8021562499999998,0.08763750000000002
21900,1.2574390625,0.11016250000000001,0.8022312499999998,0.08760624999999997
22000,1.2573037499999995,0.110275,0.802190625,0.08753437499999997
22100,1.2574796875000003,0.11061562500000001,0.80225625,0.08712812500000001
22200,1.2588418750000003,0.11108750000000003,0.801621875,0.08729062500000001
22300,1.2599168749999998,0.11149999999999997,0.8005468750000002,0.08795312500000001
22400,1.2623900000000006,0.112278125,0.7985062499999996,0.08921562499999999
22500,1.262565625,0.11234062500000003,0.7990843749999997,0.088575
22600,1.2632856250000002,0.1125,0.79825,0.08924999999999998
22700,1.2618274999999997,0.11239687499999998,0.8000312500000003,0.08757187499999995
22800,1.260825,0.11214687499999998,0.800584375,0.08726875
22900,1.2603028124999998,0.112059375,0.8010562499999999,0.086884375
23000,1.2603756250000002,0.11222187500000001,0.8010406250000002,0.0867375
23100,1.2612265625000003,0.11237187499999997,0.8000968749999998,0.08753124999999999
23200,1.2613040625,0.11279062499999999,0.8011093750000001,0.08610000000000004
23300,1.2617118749999994,0.1126625,0.80066875,0.08666875000000002
23400,1.2617743749999997,0.11276874999999999,0.8009687499999999,0.0862625
23500,1.2623896874999998,0.11322812500000001,0.8003250000000002,0.08644687499999998
23600,1.2625746875000003,0.11294374999999998,0.79965,0.08740625000000002
23700,1.26273625,0.11303749999999997,0.79945625,0.08750625
23800,1.2641909375000002,0.11319374999999998,0.7976968750000003,0.08910937499999998
23900,1.26546125,0.11385624999999999,0.7977312500000003,0.0884125
24000,1.2661243750000002,0.11410625,0.7969406250000003,0.088953125
24100,1.2668196875000002,0.11460937500000001,0.7971531250000001,0.08823750000000001
24200,1.2671774999999998,0.11440624999999997,0.7959874999999998,0.08960625000000001
24300,1.2672537500000003,0.11459062500000002,0.7958156249999998,0.08959374999999999
24400,1.2673721875000001,0.11486875000000003,0.7964374999999997,0.08869374999999996
24500,1.2665834375,0.11486562500000001,0.7974968750000002,0.08763750000000002
24600,1.2670956249999998,0.11503125,0.79665,0.08831874999999999
24700,1.2669650000000003,0.11454687500000005,0.7963531250000002,0.08910000000000004
24800,1.2671175000000003,0.114759375,0.7959062499999998,0.08933437499999997
24900,1.2671593749999994,0.114678125,0.79581875,0.08950312499999998
25000,1.2672240624999997,0.114596875,0.7955874999999999,0.08981562500000001
25100,1.2684374999999999,0.11498437499999999,0.7945437499999999,0.09047187499999998
25200,1.2687943750000001,0.11524687499999998,0.7945624999999998,0.09019062499999997
25300,1.2690421875,0.11505625,0.7942437500000001,0.09069999999999999
25400,1.2679737500000001,0.11433437499999999,0.795346875,0.09031874999999999
25500,1.267466875,0.11438437500000001,0.7956031249999999,0.09001250000000001
25600,1.2672737500000002,0.11435,0.7951812499999996,0.09046874999999996
25700,1.2671599999999998,0.114375,0.796284375,0.089340625
25800,1.2670143750000002,0.11442812499999998,0.7963968750000002,0.08917500000000002
25900,1.2654875000000003,0.11346875,0.7973625000000002,0.08916874999999998
26000,1.2636809374999995,0.11319375000000004,0.7989968750000002,0.087809375
26100,1.2629640625000005,0.11266249999999997,0.7991281250000001,0.088209375
26200,1.2619103125,0.112575,0.8006218749999999,0.086803125
26300,1.2609462500000002,0.11215312499999999,0.8008437500000001,0.08700312499999999
26400,1.2593218750000001,0.11131562500000002,0.80223125,0.08645312499999999
26500,1.2581453124999997,0.11116249999999997,0.8034093749999999,0.085428125
26600,1.2574150000000002,0.11082812499999999,0.804365625,0.08480624999999999
26700,1.2572465625000002,0.110678125,0.8041406249999999,0.08518125000000001
26800,1.2564834375000002,0.110225,0.8053031249999999,0.08447187500000002
26900,1.2559334374999997,0.11020312500000001,0.8049375000000001,0.084859375
27000,1.2562499999999996,0.11056875000000002,0.8052875,0.08414375
27100,1.2557087500000002,0.11027499999999998,0.8062375000000002,0.08348750000000002
27200,1.25519875,0.110059375,0.8062437499999999,0.08369687500000002
27300,1.2549378125000001,0.11006562500000003,0.8066843750000002,0.08324999999999999
27400,1.2551915625,0.11088750000000003,0.8068937499999996,0.08221874999999998
27500,1.2554809374999993,0.11073125,0.8059062499999999,0.08336250000000002
27600,1.2566334374999997,0.110684375,0.8053781250000002,0.0839375
27700,1.2586281250000002,0.11126250000000003,0.8037500000000001,0.08498750000000001
27800,1.2592300000000003,0.11090937499999996,0.801746875,0.08734374999999998
27900,1.259424375,0.1105125,0.8014437499999997,0.08804374999999999
28000,1.2599412499999998,0.11068125,0.8008062499999999,0.08851249999999997
28100,1.25954875,0.11063437499999998,0.8010031250000001,0.08836250000000001
28200,1.2596490624999999,0.11040625,0.8004999999999999,0.08909375
28300,1.2594087500000002,0.11009375,0.8010906250000001,0.08881562500000002
28400,1.2600321875,0.1102625,0.801140625,0.08859687500000002
28500,1.2597887499999998,0.11038125,0.8015374999999998,0.08808124999999997
28600,1.2587703124999998,0.11026250000000004,0.8025937500000003,0.08714375000000002
28700,1.2585984375000003,0.11042499999999997,0.8030750000000002,0.08650000000000002
28800,1.2581165624999997,0.11032812499999999,0.803290625,0.08638125
28900,1.2584484375,0.11082499999999997,0.8034125000000002,0.08576249999999998
29000,1.2580378124999996,0.11055000000000002,0.80386875,0.08558125000000001
29100,1.2583353125000003,0.11101249999999997,0.8035125000000001,0.08547500000000001
29200,1.2581784374999996,0.111053125,0.8034875000000002,0.08545937499999999
29300,1.2577515625000006,0.111353125,0.8048562500000003,0.08379062499999998
29400,1.2563456250000005,0.11071562500000003,0.8051718750000003,0.08411249999999998
29500,1.2554837500000002,0.11017187499999997,0.8055656249999996,0.08426249999999996
29600,1.255745,0.11018124999999998,0.8053687500000001,0.08444999999999998
29700,1.2561018749999995,0.11024375000000003,0.8056750000000003,0.08408125
29800,1.2557684374999993,0.10989687499999998,0.8061593749999996,0.08394375000000001
29900,1.2544628125000001,0.10959062500000001,0.8071781249999999,0.08323124999999999
30000,1.2543293750000004,0.10950312499999999,0.8073812499999998,0.08311562500000001
30100,1.2544362500000001,0.10955000000000001,0.8068312500000001,0.08361875000000003
30200,1.2552465625,0.10984062500000001,0.806559375,0.08360000000000002
30300,1.2552253125000001,0.11007499999999999,0.806909375,0.08301562500000001
30400,1.2542125000000002,0.110084375,0.8075593750000002,0.08235625
30500,1.2534084374999999,0.10977812499999998,0.8083531249999999,0.08186875
30600,1.2537781249999993,0.10920937500000001,0.8067374999999999,0.08405312500000003
30700,1.2538162500000003,0.109075,0.8069031250000004,0.08402187500000004
30800,1.2548287500000004,0.10940312499999999,0.805696875,0.08490000000000002
30900,1.2563090625000002,0.11055312499999999,0.8048437499999996,0.084603125
31000,1.2580009375000003,0.11067812499999999,0.8032999999999999,0.08602187499999996
31100,1.2588403125000003,0.11109375,0.8022187500000001,0.08668749999999999
31200,1.2596059375000002,0.11115312499999999,0.8018468750000002,0.08700000000000001
31300,1.2602121875000005,0.11216249999999997,0.8025031250000003,0.08533437500000002
31400,1.2605087499999998,0.11243437500000002,0.8025718749999999,0.08499375000000002
31500,1.2608800000000002,0.11303437499999998,0.8026781249999998,0.08428750000000002
31600,1.2609984374999998,0.112875,0.8028031250000003,0.08432187499999998
31700,1.2610465625000002,0.11334374999999997,0.8035843749999997,0.08307187499999999
31800,1.2614200000000004,0.11356562500000003,0.8026562500000001,0.083778125
31900,1.2616487499999995,0.11347499999999996,0.8024843750000004,0.08404062500000002
32000,1.2623453125000001,0.11355624999999998,0.80136875,0.085075
32100,1.2626903125000002,0.113578125,0.801228125,0.08519375
32200,1.2641525000000002,0.11406875,0.799540625,0.08639062499999998
32300,1.2659018750000002,0.11421562499999999,0.798071875,0.08771250000000003
32400,1.2669003124999998,0.11427187500000001,0.7971406250000003,0.08858750000000001
32500,1.2679624999999994,0.11505625,0.796815625,0.08812812500000002
32600,1.26818125,0.11480624999999998,0.7967593749999999,0.088434375
32700,1.2694109375000002,0.115709375,0.7959375000000001,0.088353125
32800,1.2703331250000003,0.116434375,0.79603125,0.087534375
32900,1.2697146874999996,0.11606875000000001,0.7963374999999999,0.08759375000000003
33000,1.2700196874999998,0.115834375,0.7960093750000002,0.08815624999999999
33100,1.2699290624999997,0.11591874999999999,0.7954937499999999,0.0885875
33200,1.2702296874999999,0.11632500000000001,0.7957468750000002,0.08792812499999997
33300,1.2704343750000004,0.11624999999999999,0.7959,0.08785000000000003
33400,1.2702184375000003,0.11606875,0.7957500000000001,0.08818124999999997
33500,1.2701921875000002,0.11609062499999999,0.7961125000000003,0.08779687500000002
33600,1.2700449999999999,0.11620312499999998,0.7960437500000002,0.08775312500000002
33700,1.2702156249999996,0.11573125000000001,0.7959125,0.08835625000000001
33800,1.2702193749999997,0.11605312499999998,0.795621875,0.08832499999999999
33900,1.2707715624999996,0.116225,0.7956343749999998,0.088140625
34000,1.270454375,0.116140625,0.7950218750000002,0.08883750000000001
34100,1.2707712499999997,0.1161375,0.7948375000000002,0.08902499999999998
34200,1.2711906249999996,0.11628749999999997,0.7946812500000001,0.08903125
34300,1.2699975000000001,0.116115625,0.7954593750000002,0.08842500000000002
34400,1.2684499999999999,0.1153375,0.7959249999999999,0.08873749999999997
34500,1.267425,0.11495000000000002,0.7971843749999998,0.08786562499999999
34600,1.2671471875,0.11494062499999998,0.7977031250000002,0.08735625000000001
34700,1.2683046875,0.11495937500000003,0.7966375000000002,0.088403125
34800,1.2691784375,0.115321875,0.7952343750000002,0.08944375000000003
34900,1.2700678124999998,0.11525937500000003,0.7945000000000003,0.090240625
35000,1.2706134374999998,0.11559687500000002,0.794628125,0.08977500000000001
35100,1.2706665625000004,0.11551874999999999,0.794284375,0.09019687500000002
35200,1.2698793750000001,0.11548437500000001,0.7947781250000003,0.08973750000000001
35300,1.2691768750000003,0.11515625000000002,0.79581875,0.089025
35400,1.2680224999999998,0.11447187500000001,0.795975,0.08955312500000001
35500,1.2665337499999993,0.11353437500000003,0.796796875,0.08966875
35600,1.2662581249999996,0.11349062499999998,0.7961406250000003,0.09036874999999996
35700,1.2652409375,0.11301874999999999,0.79749375,0.08948750000000001
35800,1.26435625,0.112784375,0.7979187500000002,0.08929687500000003
35900,1.2631906250000005,0.11203750000000003,0.798521875,0.08944062499999997
36000,1.2610181249999999,0.1108,0.7998249999999999,0.089375
36100,1.2598674999999997,0.11018124999999998,0.8007250000000001,0.08909374999999997
36200,1.2582256250000006,0.10998125,0.8019593749999999,0.08805937500000002
36300,1.256778125,0.10999375,0.8033218749999997,0.08668437499999998
36400,1.2564775000000004,0.10986562499999998,0.8033843749999999,0.08674999999999998
36500,1.2542971875,0.10949062500000004,0.8057749999999995,0.084734375
36600,1.2537840625,0.10907812499999997,0.8055312500000003,0.085390625
36700,1.2542387500000003,0.10895624999999999,0.8046125000000002,0.08643125000000003
36800,1.2547015624999993,0.109109375,0.8042343749999998,0.08665625
36900,1.2542740625000004,0.10863437500000002,0.8041968749999997,0.08716875
37000,1.2536225000000003,0.10830624999999999,0.8051468749999997,0.08654687500000001
37100,1.2540559374999996,0.108746875,0.8057562500000002,0.08549687499999997
37200,1.253870625,0.10893124999999998,0.8058937500000001,0.085175
37300,1.2536209375000005,0.10857500000000002,0.80571875,0.08570625
37400,1.2537015625000005,0.10863124999999998,0.8062031250000004,0.08516562499999998
37500,1.2527125000000003,0.108371875,0.8067375000000001,0.08489062499999998
37600,1.2530984374999998,0.108478125,0.8063187499999995,0.08520312500000002
37700,1.2543221875000006,0.10876562500000003,0.8055812499999998,0.085653125
37800,1.2563906250000003,0.10920624999999999,0.8037406250000001,0.08705312500000002
37900,1.2580524999999996,0.11012187500000001,0.8026624999999998,0.08721562499999999
38000,1.2596743749999997,0.11070625,0.8016499999999998,0.08764374999999998
38100,1.2616903125,0.11167500000000001,0.8006062499999999,0.08771875
38200,1.2633756250000001,0.112478125,0.7988937500000001,0.08862812500000002
38300,1.2644390624999997,0.11345937500000002,0.7986031250000001,0.0879375
38400,1.26587875,0.11399687499999998,0.797853125,0.08815
38500,1.2659846874999996,0.11367812499999999,0.7971656249999999,0.08915624999999996
38600,1.2657828125,0.11393125000000003,0.7974468750000002,0.08862187499999999
38700,1.2672074999999998,0.11424374999999998,0.7962499999999998,0.08950625000000001
38800,1.2673128124999997,0.11437187500000001,0.7970187500000003,0.088609375
38900,1.26652875,0.11443437499999998,0.798121875,0.08744375000000001
39000,1.2674734375000003,0.11511562499999999,0.797284375,0.0876
39100,1.2692396875,0.11570625000000001,0.7954468749999999,0.088846875
39200,1.269706875,0.11554375,0.7953625000000001,0.08909375
39300,1.271200625,0.11639374999999999,0.7943125000000002,0.08929375000000002
39400,1.2726884374999998,0.11728124999999996,0.793765625,0.08895312500000001
39500,1.2733299999999996,0.11752187499999998,0.7931406249999999,0.0893375
39600,1.2738081249999995,0.11741250000000002,0.7921843749999998,0.09040312499999996
39700,1.2738878125000006,0.11762499999999998,0.7923906250000001,0.08998437500000002
39800,1.2746846875,0.11762812499999999,0.790728125,0.09164374999999998
39900,1.2750281250000004,0.11725625000000002,0.7900531249999998,0.09269062500000001
40000,1.2751575,0.11702187500000003,0.7902562500000002,0.09272187499999998
40100,1.2755290625000002,0.11704687500000002,0.7903781250000003,0.09257499999999999
40200,1.2761690624999997,0.11751874999999995,0.7908218749999999,0.09165937500000004
40300,1.2755971874999996,0.11754374999999999,0.7916656249999999,0.09079062499999999
40400,1.2743746875000004,0.1176625,0.792959375,0.08937812500000002
40500,1.2730934374999996,0.11736250000000002,0.7942843749999999,0.08835312499999999
40600,1.27331125,0.117375,0.7944187500000001,0.08820625
40700,1.2736709375,0.11772187500000002,0.7939312500000001,0.08834687499999996
40800,1.2745315624999998,0.11820000000000003,0.7931468749999997,0.08865312500000001
40900,1.2739312500000002,0.11780937500000002,0.7933656249999999,0.08882499999999999
41000,1.2729078125000006,0.11785625,0.795359375,0.08678437500000002
41100,1.2720462499999996,0.1175375,0.7962781249999998,0.086184375
41200,1.2720715625000003,0.11756562500000003,0.7959656249999998,0.08646875000000001
41300,1.2711800000000002,0.11701562500000001,0.7967343750000001,0.08625000000000002
41400,1.2720878125000001,0.1175,0.7961937500000001,0.08630625000000003
41500,1.2729693750000002,0.11800937499999999,0.7954062499999998,0.08658437500000003
41600,1.274275,0.11824999999999998,0.7942906249999999,0.08745937499999999
41700,1.2751759375,0.11885312499999999,0.7936,0.087546875
41800,1.2761081250000001,0.1195875,0.7938781249999999,0.08653437499999998
41900,1.277088125,0.11981562499999997,0.7919375,0.08824687500000002
42000,1.2782178125000005,0.12031875000000002,0.7912062500000001,0.08847499999999998
42100,1.2791965624999997,0.120121875,0.7902281249999997,0.08964999999999998
42200,1.2796371874999999,0.12054375000000002,0.7894062500000002,0.09005
42300,1.2800296874999997,0.12087812500000002,0.7892312499999998,0.089890625
42400,1.2794115624999998,0.12044062499999998,0.7896218750000001,0.08993750000000002
42500,1.2787484375000002,0.11973124999999996,0.7897562499999999,0.09051250000000001
42600,1.2775412499999996,0.11899062499999999,0.7907937500000001,0.09021562500000005
42700,1.2768062500000004,0.11865624999999999,0.7916375,0.08970625
42800,1.2770890625000002,0.11901562499999999,0.7907406250000003,0.09024375000000001
42900,1.2773034374999999,0.11910312499999998,0.790084375,0.09081249999999999
43000,1.2789337499999995,0.12005625000000003,0.7889249999999999,0.09101875000000001
43100,1.2815946874999997,0.121209375,0.7866406249999998,0.09214999999999998
43200,1.282541875,0.12177812499999999,0.78586875,0.09235312500000002
43300,1.283561875,0.12213124999999997,0.7856499999999996,0.09221875000000002
43400,1.2846584374999999,0.12184687499999998,0.7840375000000002,0.09411562500000004
43500,1.2856665624999997,0.122390625,0.7834874999999999,0.09412187499999998
43600,1.2869109375000003,0.122784375,0.7825687499999998,0.09464687499999999
43700,1.28669875,0.12334999999999997,0.783975,0.09267499999999998
43800,1.2864609375,0.12270624999999998,0.7845624999999997,0.09273124999999999
43900,1.2861796874999998,0.12300312499999998,0.7849718749999999,0.09202500000000004
44000,1.2867043749999993,0.12308124999999999,0.78446875,0.09244999999999999
44100,1.2860368750000002,0.122778125,0.785221875,0.09200000000000001
44200,1.2863203125,0.12353749999999998,0.7858187499999997,0.09064375000000001
44300,1.2862215625000002,0.12364374999999998,0.786396875,0.08995937499999998
44400,1.2864253125,0.124021875,0.786440625,0.08953749999999999
44500,1.2862671875000002,0.123859375,0.7870749999999999,0.089065625
44600,1.2859628125,0.12375937499999999,0.7869062500000001,0.089334375
44700,1.2850584375,0.123453125,0.7880406250000003,0.08850624999999997
44800,1.284786875,0.12335000000000003,0.7881406249999999,0.08850937500000003
44900,1.2849962499999994,0.12339687499999998,0.7874218749999999,0.08918124999999998
45000,1.2848671874999997,0.122821875,0.786334375,0.09084375000000004
45100,1.2843384374999998,0.12258437500000002,0.7871687500000001,0.09024687499999999
45200,1.2841537500000002,0.12218750000000002,0.7870125,0.09080000000000002
45300,1.2833440625000003,0.122090625,0.7877781250000002,0.09013125
45400,1.2836490625,0.12157812499999998,0.78679375,0.09162812499999999
45500,1.2821646875000001,0.12081874999999997,0.7884499999999998,0.09073125000000001
45600,1.2800059375,0.11979374999999999,0.7898406249999997,0.09036562499999999
45700,1.2792834375,0.11953437500000001,0.7902499999999998,0.09021562499999997
45800,1.2778721875,0.11940624999999998,0.7914031249999998,0.089190625
45900,1.2769728124999995,0.11892187499999998,0.7916906250000001,0.08938750000000001
46000,1.2761281249999996,0.1183125,0.7916406249999999,0.09004687500000001
46100,1.2772893749999998,0.11862500000000002,0.790515625,0.090859375
46200,1.2782196875,0.11927812499999998,0.7897843750000003,0.09093750000000002
46300,1.2784090624999997,0.11960624999999998,0.7899374999999996,0.09045625000000002
46400,1.2780621875000004,0.11937812500000002,0.7905031249999999,0.09011874999999998
46500,1.2779746874999995,0.11942187499999997,0.7898937500000003,0.09068437500000001
46600,1.2777290625,0.11952812500000003,0.7904375000000001,0.09003437499999997
46700,1.2772287500000004,0.119365625,0.7904906249999998,0.09014375000000001
46800,1.2774906249999998,0.119115625,0.7903312499999998,0.09055312500000001
46900,1.2764671875000002,0.11896250000000003,0.791575,0.08946249999999999
47000,1.2755381250000004,0.118490625,0.7921875000000002,0.08932187500000002
47100,1.2750856250000007,0.11851875000000002,0.7921750000000002,0.08930625
47200,1.2750021875000004,0.11888125000000002,0.7935437500000001,0.08757499999999997
47300,1.275488125,0.11854375000000002,0.7924781250000001,0.088978125
47400,1.2771337500000006,0.11935937499999998,0.7910343749999998,0.08960625000000001
47500,1.279354375,0.120040625,0.7886687500000001,0.09129062500000001
47600,1.2808893749999999,0.12066250000000002,0.78824375,0.09109374999999999
47700,1.282934375,0.12150937499999999,0.786275,0.09221562500000002
47800,1.2839403124999997,0.12190937500000001,0.7860875000000003,0.09200312499999999
47900,1.2853293749999999,0.12208750000000003,0.7852031250000001,0.09270937500000001
48000,1.2869643749999997,0.12333749999999997,0.783725,0.0929375
48100,1.2873437500000005,0.12335312500000002,0.783740625,0.09290624999999998
48200,1.2874459375,0.122915625,0.7840031249999999,0.09308125000000002
48300,1.287484375,0.12300937499999999,0.7824437499999999,0.09454687499999996
48400,1.2889418749999992,0.123509375,0.7818312500000001,0.094659375
48500,1.2908712500000001,0.12446249999999998,0.781115625,0.094421875
48600,1.2916571874999994,0.125253125,0.7802656250000003,0.09448125000000002
48700,1.2932540624999995,0.12580625,0.7796812500000001,0.09451250000000003
48800,1.2939128125,0.12624374999999996,0.7797031249999997,0.09405312499999996
48900,1.2948212499999998,0.12677812500000002,0.7784375000000003,0.09478437499999996
49000,1.295645625,0.12668125000000002,0.7780343750000003,0.09528437499999999
49100,1.2955528125000002,0.12694062499999997,0.7788343750000003,0.094225
49200,1.2944378125000002,0.126446875,0.7801218750000002,0.09343125
49300,1.2925171874999997,0.12605312500000002,0.7823625,0.091584375
49400,1.2910053124999994,0.12581875,0.7827625,0.09141874999999998
49500,1.2902134375000003,0.12530625,0.7836906249999999,0.09100312500000002
49600,1.2893759375000002,0.12505624999999998,0.7843625,0.09058125000000002
49700,1.2894899999999998,0.12548437499999998,0.7846093749999997,0.08990625000000002
49800,1.28965375,0.12563125000000003,0.7845562499999998,0.08981250000000003
49900,1.2901484375000003,0.12623125,0.784703125,0.08906562500000002
50000,1.2903203125,0.12632812499999999,0.7842843750000003,0.08938750000000002
50100,1.2897415625000004,0.126253125,0.7848687500000002,0.08887812500000002
50200,1.28946375,0.125921875,0.7850531249999997,0.08902499999999999
50300,1.2885978125000002,0.12560625000000003,0.7856375000000002,0.08875625
50400,1.2885775000000002,0.12550624999999996,0.7858687499999998,0.088625
50500,1.2870621875000003,0.12533437500000003,0.7867749999999998,0.087890625
50600,1.2857362499999998,0.12479375,0.788353125,0.08685312499999999
50700,1.2844140625,0.12478125,0.7899375000000001,0.08528125000000002
50800,1.2839537499999998,0.12443124999999998,0.7897249999999999,0.08584375000000001
50900,1.2824846874999996,0.12357812500000001,0.79124375,0.08517812499999998
51000,1.280801875,0.123028125,0.7920093750000001,0.08496250000000002
51100,1.2798450000000001,0.122178125,0.7923375,0.085484375
51200,1.2796390625000003,0.12220625000000002,0.7915250000000001,0.08626875
51300,1.2793396874999998,0.12143437500000002,0.7911875000000004,0.08737812499999999
51400,1.2802331249999999,0.12175312500000002,0.7899125000000001,0.088334375
51500,1.2814849999999998,0.12187499999999998,0.7887468750000001,0.08937812499999999
51600,1.2828359374999998,0.12208749999999997,0.7874437499999997,0.09046875000000001
51700,1.2834365625000002,0.12253749999999998,0.78709375,0.09036875
51800,1.2841337500000003,0.12233125000000002,0.785934375,0.09173437499999999
51900,1.2845156250000003,0.122346875,0.785028125,0.09262499999999999
52000,1.2861484375,0.12312812500000002,0.7835437499999998,0.09332812500000001
52100,1.2872725000000005,0.12342812500000003,0.7828531249999999,0.09371875000000002
52200,1.2890978125000003,0.12462499999999999,0.781596875,0.093778125
52300,1.2902193750000004,0.12543125,0.781884375,0.09268437499999999
52400,1.291076562500001,0.12566249999999998,0.7816000000000001,0.09273749999999999
52500,1.290908125,0.12521249999999998,0.7822937499999999,0.09249374999999997
52600,1.2906324999999994,0.1252125,0.7816312499999999,0.09315625
52700,1.2895221875,0.12494062500000001,0.7829468750000004,0.09211249999999997
52800,1.2879546874999996,0.12411875000000001,0.783634375,0.09224687499999999
52900,1.2871256249999996,0.12365937499999999,0.7843562499999998,0.09198437500000001
53000,1.2864515624999997,0.12310312499999995,0.7848187499999997,0.092078125
53100,1.2863949999999997,0.12307499999999999,0.7849593750000002,0.091965625
