step,mean_aspect_ratio,fraction_elongated,fraction_round,fraction_binary
100,1.0,0.0,1.0,0.0
200,1.035365625,0.0016625000000000003,0.8937687499999999,0.10456875000000002
300,1.0280274999999999,0.0020875000000000004,0.91250625,0.08540625
400,1.0250840625,0.0022906249999999993,0.9193499999999998,0.07835937500000002
500,1.0236371874999999,0.0023000000000000004,0.9233687500000004,0.07433125000000002
600,1.0222490624999996,0.002365625,0.9264218750000002,0.0712125
700,1.0216978125000002,0.0024781250000000007,0.928596875,0.06892499999999999
800,1.0210209375,0.0025093749999999995,0.931409375,0.06608125
900,1.0205240625,0.00270625,0.9338124999999998,0.06348124999999999
1000,1.0207143749999998,0.0028218750000000006,0.933521875,0.06365624999999997
1100,1.02075375,0.0030031250000000015,0.9346875,0.062309374999999986
1200,1.0208384375000001,0.0031406249999999993,0.9354312499999997,0.061428125
1300,1.0210887500000003,0.003287500000000001,0.9358593749999998,0.060853124999999994
1400,1.0212953125000002,0.003515625,0.9367718750000003,0.05971249999999999
1500,1.021318125,0.003678125000000001,0.93695625,0.05936562499999999
1600,1.0218337499999994,0.004018749999999999,0.9381562499999997,0.057825000000000015
1700,1.0225593750000004,0.004381249999999999,0.93795625,0.057662499999999985
1800,1.0234021875000003,0.004818749999999998,0.9379343749999998,0.057246874999999996
1900,1.023865625,0.005059375,0.9381406249999998,0.05679999999999999
2000,1.02464,0.005418749999999998,0.9373874999999998,0.057193749999999995
2100,1.0252899999999996,0.005818749999999999,0.93780625,0.056375
2200,1.025575,0.005993749999999998,0.9378750000000001,0.05613125000000001
2300,1.0262306250000004,0.006303125,0.9374812499999999,0.05621562500000001
2400,1.0272765624999998,0.006693749999999999,0.9370656249999999,0.05624062499999998
2500,1.0284112500000002,0.007159374999999999,0.936778125,0.05606250000000001
2600,1.0293921875,0.007718750000000001,0.9357749999999999,0.05650625
2700,1.0303187500000004,0.007940624999999996,0.9358468750000003,0.05621249999999999
2800,1.0308971875,0.008265625,0.9356062500000002,0.05612812499999998
2900,1.0317778125000001,0.008684374999999996,0.9358281249999999,0.05548749999999999
3000,1.0325206249999996,0.009074999999999998,0.93524375,0.05568124999999999
3100,1.0340499999999997,0.009565624999999996,0.9344374999999998,0.055996875000000015
3200,1.0352812500000004,0.010215624999999997,0.9333781249999998,0.05640625000000001
3300,1.0368446875000001,0.0107625,0.9323250000000001,0.0569125
3400,1.0375690624999998,0.011046875,0.9316968749999999,0.05725624999999997
3500,1.0383706249999998,0.011546875,0.9317281250000001,0.056724999999999984
3600,1.0396265625000003,0.012015625,0.9305937500000002,0.057390624999999994
3700,1.0411125000000003,0.01260625,0.9296468749999998,0.057746874999999975
3800,1.0422931250000003,0.013059374999999998,0.9288249999999998,0.05811562499999998
3900,1.0442346875000001,0.01368125,0.9278124999999999,0.058506249999999996
4000,1.0452018749999998,0.01426875,0.9275406249999996,0.058190624999999996
4100,1.047016875,0.015196875,0.9265343749999999,0.058268749999999994
4200,1.049094375,0.016046874999999995,0.9252374999999998,0.058715625
4300,1.0508496875000002,0.016809375,0.924740625,0.058449999999999974
4400,1.0527481250000001,0.017331249999999996,0.92311875,0.05955000000000001
4500,1.054023125,0.018271875,0.9229624999999998,0.05876562499999998
4600,1.0561156249999997,0.019212499999999997,0.9222624999999999,0.05852499999999999
4700,1.0574434375,0.019809374999999994,0.9213468750000002,0.05884375
4800,1.0589559374999995,0.02041562499999999,0.9203812500000002,0.05920312500000002
4900,1.0609253124999998,0.02108125,0.9180906250000002,0.060828125000000004
5000,1.0633934374999998,0.022009374999999994,0.916125,0.061865625000000014
5100,1.0653446874999999,0.022743749999999993,0.9150781250000001,0.06217812499999999
5200,1.0677975000000002,0.023712499999999994,0.9131593750000003,0.06312812499999998
5300,1.0703409375000001,0.024703124999999992,0.9107468750000002,0.06455000000000002
5400,1.0728546875000002,0.025893749999999993,0.9096031249999998,0.064503125
5500,1.0748765624999999,0.02671562499999999,0.9083312500000005,0.064953125
5600,1.077348125,0.027703125,0.906365625,0.06593124999999998
5700,1.0797459375000003,0.0287125,0.9046718749999999,0.06661562499999997
5800,1.081726875,0.030043749999999994,0.904071875,0.06588437499999998
5900,1.084030625,0.031025,0.9030312500000001,0.06594374999999998
6000,1.0864928124999997,0.031978124999999996,0.9004593750000002,0.0675625
6100,1.0895153124999997,0.03306875,0.8986156250000001,0.068315625
6200,1.0920421874999997,0.034228125000000005,0.89754375,0.06822812500000001
6300,1.0942918750000001,0.03557499999999999,0.8965249999999999,0.06790000000000002
6400,1.0970971875000002,0.036581249999999996,0.8941312499999999,0.06928750000000003
6500,1.0996646875000002,0.03789687499999998,0.893584375,0.06851875
6600,1.1025215625000004,0.03909375,0.89144375,0.06946250000000001
6700,1.1039590625000002,0.039690624999999986,0.8914406249999998,0.06886875
6800,1.106628125,0.04079062499999998,0.889115625,0.07009374999999998
6900,1.1092100000000003,0.041640625,0.887078125,0.07128124999999995
7000,1.1110915625,0.04248749999999999,0.8854875000000001,0.072025
7100,1.1132021874999996,0.04352812499999998,0.88429375,0.07217812500000001
7200,1.1146331249999997,0.044090624999999994,0.8834250000000005,0.072484375
7300,1.11581125,0.04460625,0.8828281250000002,0.07256562500000001
7400,1.1169337499999998,0.04504999999999999,0.8821468749999998,0.072803125
7500,1.1185584375,0.04563125,0.8806812500000001,0.0736875
7600,1.1198443750000002,0.0463125,0.8800624999999995,0.073625
7700,1.1210346875000001,0.046628125,0.879540625,0.07383125000000001
7800,1.1222474999999994,0.04723124999999999,0.8789406250000001,0.073828125
7900,1.12302625,0.047737499999999974,0.8783687500000004,0.07389374999999998
8000,1.1245156250000004,0.048446875000000014,0.8772218750000003,0.07433125
8100,1.1260634374999994,0.04881874999999999,0.87651875,0.07466250000000002
8200,1.1281540625000002,0.04957499999999999,0.8747062500000001,0.07571875000000003
8300,1.129401875,0.050396874999999994,0.8751125,0.07449062499999999
8400,1.1311812499999998,0.05107187499999999,0.8737531249999996,0.07517499999999996
8500,1.1318478125000002,0.05146562499999997,0.8739000000000001,0.07463437499999999
8600,1.1328937499999996,0.051987499999999985,0.8733718749999998,0.074640625
8700,1.1346596874999997,0.05327500000000002,0.8728406249999999,0.073884375
8800,1.1355125000000004,0.05389999999999998,0.8721999999999999,0.07389999999999997
8900,1.1364509375,0.054318750000000006,0.87143125,0.07425000000000002
9000,1.1376453124999997,0.055059375,0.8716156249999999,0.073325
9100,1.1387703125000002,0.055587499999999984,0.8705906249999998,0.073821875
9200,1.1396840625000002,0.05593749999999998,0.8698750000000002,0.07418749999999998
9300,1.1413146875,0.056484375,0.8691531250000002,0.07436249999999998
9400,1.1424099999999997,0.057053125,0.8678031249999998,0.07514375
9500,1.1435471875,0.057715625,0.8677656249999998,0.07451875000000005
9600,1.1439565624999999,0.057990625,0.8674750000000001,0.07453437499999997
9700,1.14457875,0.0582625,0.8674312499999998,0.07430624999999998
9800,1.1457421875000002,0.0588,0.8669531250000001,0.07424687499999998
9900,1.1459640625,0.05907187500000002,0.8668406249999998,0.07408749999999997
10000,1.1467471875000002,0.05953437500000001,0.8662843750000002,0.07418125
10100,1.1486559374999998,0.060175,0.8650343750000001,0.074790625
10200,1.1507096875000007,0.06051874999999999,0.8631375000000003,0.07634374999999996
10300,1.1515793749999996,0.060575,0.862584375,0.07684062500000001
10400,1.1524937499999999,0.061315625,0.8618499999999999,0.07683437500000001
10500,1.1538812500000006,0.06189375,0.86019375,0.07791249999999997
10600,1.1542356250000003,0.062271875000000004,0.8606218750000004,0.07710625
10700,1.155756875,0.062965625,0.859921875,0.07711250000000003
10800,1.1575037500000003,0.06362499999999999,0.8590093750000001,0.07736562500000001
10900,1.1584840625000001,0.06424687500000001,0.858959375,0.07679375
11000,1.1595262499999999,0.06478125000000001,0.85804375,0.07717500000000001
11100,1.1607681250000002,0.065384375,0.8571,0.07751562499999999
11200,1.162675,0.06606562499999999,0.85565,0.07828437500000003
11300,1.1645696875000002,0.06678437500000002,0.8538374999999996,0.07937812500000001
11400,1.1655312500000001,0.06687500000000003,0.8528937499999999,0.08023124999999999
11500,1.1666396875,0.06740000000000003,0.8525062500000001,0.08009375000000002
11600,1.1677703124999996,0.06789687500000001,0.8518562499999998,0.080246875
11700,1.169220625,0.06815,0.8502937500000003,0.08155625000000002
11800,1.1708718750000002,0.06863750000000003,0.8490812499999999,0.08228125
11900,1.17135875,0.068884375,0.849303125,0.08181249999999997
12000,1.1721515624999999,0.06963437500000003,0.8492781249999999,0.08108749999999999
12100,1.1729481250000002,0.07030624999999999,0.8492999999999997,0.08039375000000003
12200,1.1732831250000002,0.070246875,0.8482437500000003,0.08150937500000001
12300,1.1752334375,0.071375,0.84669375,0.08193125
12400,1.176731875,0.07212812499999999,0.846428125,0.08144375000000001
12500,1.1771312500000002,0.07261875000000001,0.8461218749999998,0.08125937500000002
12600,1.1791118749999996,0.07308437500000001,0.8447593750000001,0.08215625
12700,1.1808584375000002,0.07382500000000002,0.84401875,0.08215625
12800,1.1835046875000002,0.07491562499999997,0.8416625000000002,0.08342187500000003
12900,1.1866356249999999,0.076334375,0.8394781250000002,0.08418750000000001
13000,1.1892178125000004,0.07770625000000002,0.8383812500000001,0.0839125
13100,1.1914640625000004,0.07896250000000003,0.8369031249999999,0.08413437500000001
13200,1.1942465624999998,0.080175,0.8359718750000001,0.083853125
13300,1.196538125,0.08124687500000001,0.834209375,0.08454375000000003
13400,1.1990593749999996,0.08275,0.832990625,0.08425937499999998
13500,1.2015003125000008,0.08384687500000003,0.8312656250000001,0.08488749999999999
13600,1.20464625,0.08479687500000001,0.8297218749999996,0.08548125
13700,1.2071712500000005,0.08595937500000002,0.8277468750000001,0.08629375000000003
13800,1.2084159375000003,0.086584375,0.8273687499999999,0.08604687500000002
13900,1.2092984375000002,0.08680937500000001,0.8264968750000005,0.08669374999999999
14000,1.2118484375,0.08798125000000002,0.8243343750000002,0.087684375
14100,1.2132328124999996,0.08833125000000003,0.8234749999999998,0.08819375
14200,1.2153734375000003,0.08936250000000001,0.8221593750000002,0.08847812499999998
14300,1.2160356250000002,0.0896,0.8211687500000001,0.08923124999999998
14400,1.2180487499999997,0.090509375,0.8204750000000002,0.08901562500000001
14500,1.2201325000000003,0.09138125,0.8191875000000002,0.08943124999999999
14600,1.2210887499999996,0.09228437500000002,0.8193375000000004,0.08837812499999999
14700,1.2239674999999999,0.09352187500000002,0.8177562500000003,0.08872187500000002
14800,1.2251656250000003,0.0941625,0.816746875,0.089090625
14900,1.2262659375,0.0948,0.8160093750000001,0.089190625
15000,1.2282543750000001,0.09545000000000002,0.81405,0.0905
15100,1.2298615624999998,0.09620625000000001,0.8135124999999999,0.09028124999999998
15200,1.2315518749999996,0.09676250000000003,0.8120656250000001,0.09117187499999997
15300,1.2341846874999995,0.09830312500000002,0.8107625,0.09093437500000003
15400,1.2361103125000001,0.0987875,0.8096593749999998,0.09155312500000001
15500,1.2373265625,0.09955000000000001,0.8079593749999997,0.092490625
15600,1.2384803125000001,0.09986562500000003,0.8074187499999999,0.092715625
15700,1.23956625,0.10036874999999999,0.8072062499999997,0.09242500000000002
15800,1.2404387499999998,0.10077499999999999,0.8065187499999996,0.09270625000000002
15900,1.2405662499999999,0.10069375000000003,0.8061531249999999,0.09315312499999998
16000,1.2414143750000006,0.10102812499999998,0.8060906249999998,0.09288125000000001
16100,1.2427000000000004,0.10165625000000003,0.8054437500000002,0.09289999999999998
16200,1.2435621874999996,0.1023625,0.805034375,0.09260312500000001
16300,1.2440903124999998,0.10262812499999999,0.8048781249999998,0.09249375000000001
16400,1.2461246874999998,0.10347187500000005,0.8034437500000001,0.09308437499999997
16500,1.247293125,0.10405625000000002,0.8018562500000003,0.09408749999999998
16600,1.2478896875,0.10451874999999998,0.8016656250000002,0.09381562499999999
16700,1.2485703125000005,0.10463125,0.8021250000000002,0.09324375
16800,1.2492565624999998,0.10496562500000002,0.8023968749999999,0.09263749999999998
16900,1.24999125,0.10518437500000002,0.8014281249999999,0.09338750000000003
17000,1.250993125,0.10561875000000001,0.8003281250000001,0.09405312499999999
17100,1.2513299999999998,0.1058,0.800509375,0.09369062499999999
17200,1.2520528125,0.105971875,0.8002437499999999,0.09378437499999999
17300,1.2515190624999997,0.105984375,0.8010812499999999,0.09293437500000003
17400,1.2506115624999996,0.10555,0.8014281250000002,0.093021875
17500,1.2502843750000003,0.10568125000000002,0.8020437499999998,0.09227500000000004
17600,1.2518025000000002,0.10642812500000001,0.8018281250000003,0.09174374999999997
17700,1.2526890625,0.10737187500000002,0.801446875,0.09118125000000003
17800,1.2517081250000004,0.10725937500000003,0.8026718749999997,0.09006875000000004
17900,1.2501362499999997,0.106621875,0.8038656250000003,0.08951249999999997
18000,1.2485046875,0.10551250000000002,0.80415,0.09033749999999996
18100,1.2485034375000001,0.10552500000000002,0.80429375,0.09018125000000002
18200,1.2481196875,0.10513750000000004,0.8039999999999998,0.09086249999999998
18300,1.2479162499999994,0.10470625000000003,0.8043187500000001,0.09097499999999999
18400,1.2475462499999992,0.10442187500000003,0.8043375000000001,0.091240625
18500,1.24718875,0.10416562500000003,0.8035062499999999,0.092328125
18600,1.2478918750000008,0.10444062500000004,0.8036468749999998,0.0919125
18700,1.2494756249999999,0.10511562499999999,0.8018000000000002,0.09308437500000002
18800,1.2500571875000002,0.10546250000000004,0.8017906250000001,0.09274687499999998
18900,1.2496296875000004,0.10490625000000003,0.8017531250000002,0.09334062500000001
19000,1.2495006250000003,0.10483125,0.8016468749999999,0.093521875
19100,1.2500403125,0.10482500000000003,0.8015374999999997,0.09363749999999998
19200,1.2496221875,0.10458125000000003,0.801046875,0.09437187499999998
19300,1.2484746875,0.10408437499999999,0.8024156250000002,0.0935
19400,1.2474100000000001,0.10380625000000003,0.8036406249999999,0.09255312500000003
19500,1.2465350000000002,0.10366250000000002,0.8042124999999999,0.09212500000000001
19600,1.2458075,0.103440625,0.8049062499999997,0.09165312499999999
19700,1.2458771875000008,0.10342187500000001,0.8052312499999998,0.09134687499999997
19800,1.2447878125000005,0.10311250000000002,0.8066218749999999,0.09026562499999999
19900,1.2451818749999999,0.10319062500000001,0.80564375,0.091165625
20000,1.2449343750000001,0.10335625000000002,0.806109375,0.09053437500000001
20100,1.2453821875000006,0.10329374999999999,0.8046937500000002,0.09201250000000002
20200,1.2459140625,0.10302812500000001,0.8038156249999999,0.09315624999999995
20300,1.245306875,0.103171875,0.8053531249999994,0.09147500000000003
20400,1.2458484374999999,0.10324999999999998,0.8049500000000002,0.09179999999999999
20500,1.2471153124999999,0.10375000000000004,0.8045281249999999,0.09172187500000001
20600,1.247178125,0.104259375,0.8049624999999998,0.09077812500000003
20700,1.2474409375000002,0.10446249999999999,0.8048687500000001,0.09066874999999998
20800,1.2472140624999999,0.10442187500000003,0.8049000000000002,0.09067812499999997
20900,1.2464075000000001,0.1042125,0.8062718750000002,0.08951562500000002
21000,1.2453259374999999,0.10380625000000003,0.806628125,0.08956562500000001
21100,1.244071875,0.10321875000000001,0.8072937500000001,0.08948749999999998
21200,1.2427834374999995,0.102759375,0.8086625000000002,0.08857812499999997
21300,1.243524375,0.10294687500000001,0.8072937500000001,0.089759375
21400,1.2438540624999999,0.103103125,0.8076062500000003,0.08929062499999997
21500,1.2442590624999998,0.103165625,0.8072062500000002,0.089628125
21600,1.2451709374999997,0.10337187499999999,0.8057406250000002,0.09088749999999998
21700,1.2453521875,0.10296874999999997,0.8044531250000001,0.09257812499999998
21800,1.2444806249999996,0.102815625,0.8061250000000002,0.09105937499999996
21900,1.2436871875000004,0.10271874999999998,0.8069624999999998,0.09031874999999998
22000,1.243740625,0.10280625,0.8071093750000001,0.09008437500000001
22100,1.2426803125000006,0.10239687500000001,0.8077750000000001,0.08982812499999998
22200,1.2431209375,0.10298125000000001,0.8079781249999999,0.08904062500000004
22300,1.242284375,0.10227499999999998,0.807875,0.08985000000000001
22400,1.2410303125,0.10185,0.8091468750000002,0.08900312500000003
22500,1.2409328125,0.101978125,0.8104218749999998,0.08760000000000003
22600,1.2419031249999997,0.10235625000000001,0.80895625,0.0886875
22700,1.2422090625,0.10263750000000003,0.8087562500000001,0.08860625000000003
22800,1.2424715625000005,0.10208749999999998,0.8085718749999997,0.08934062499999999
22900,1.2438362499999998,0.10217812500000004,0.8067375000000001,0.09108437500000001
23000,1.2453540624999997,0.10288124999999997,0.8047125,0.09240625000000002
23100,1.2452678125,0.102796875,0.8053781250000001,0.091825
23200,1.2464278125,0.10298125000000001,0.8035718749999997,0.093446875
23300,1.247614375,0.10343124999999999,0.8024843749999999,0.09408437500000001
23400,1.249279375,0.10416875000000003,0.8015312499999997,0.09430000000000001
23500,1.2509781250000003,0.10451249999999997,0.7996500000000002,0.09583750000000002
23600,1.2512340624999998,0.10458125,0.8001031249999998,0.09531562499999996
23700,1.2516359375,0.10472187500000002,0.8004656249999998,0.09481250000000001
23800,1.2518096875000007,0.10522812500000002,0.8007156249999998,0.09405625
23900,1.2531837499999996,0.10579062500000001,0.8000156250000001,0.09419374999999999
24000,1.2539321874999996,0.10620000000000003,0.7993374999999998,0.09446249999999999
24100,1.2536687499999999,0.10595000000000003,0.7991156249999998,0.09493437499999997
24200,1.2548528124999998,0.10682187500000001,0.797875,0.095303125
24300,1.256578125,0.107328125,0.7965843750000001,0.09608750000000003
24400,1.2588853125,0.10804687500000001,0.7949625000000001,0.09699062500000001
24500,1.2602325,0.10854062500000002,0.7939562499999997,0.09750312499999998
24600,1.2615518749999999,0.10950000000000004,0.7936749999999999,0.09682500000000001
24700,1.262170625,0.11005312499999999,0.794,0.095946875
24800,1.2635984374999998,0.11083125000000002,0.7936656250000002,0.095503125
24900,1.2635106250000003,0.110553125,0.79339375,0.096053125
25000,1.2632106250000001,0.11102500000000001,0.7938343750000001,0.095140625
25100,1.263294375,0.111434375,0.7936812500000001,0.09488437499999998
25200,1.2647353125,0.111909375,0.7926624999999999,0.09542812499999997
25300,1.2650587499999997,0.112325,0.7927406249999998,0.09493437500000002
25400,1.2653840625000004,0.11296250000000002,0.7935968749999998,0.09344062500000003
25500,1.2659121875,0.11356250000000004,0.7934468749999999,0.092990625
25600,1.2658500000000001,0.113671875,0.7936468749999998,0.09268124999999999
25700,1.2664762500000009,0.11399687500000003,0.7940218750000001,0.09198125000000001
25800,1.2673487500000005,0.11438750000000003,0.7929218750000002,0.09269062500000003
25900,1.2681771874999994,0.11460625000000003,0.7916750000000002,0.09371875000000003
26000,1.2680687499999999,0.11426250000000003,0.7912937499999999,0.09444375000000002
26100,1.2691959374999997,0.11435625000000002,0.7910281249999999,0.09461562500000001
26200,1.2698781250000004,0.11464687499999998,0.7909156249999999,0.0944375
26300,1.270438125,0.11540937500000004,0.7907250000000002,0.09386562499999998
26400,1.2703775000000002,0.11566874999999997,0.7913187500000002,0.09301249999999997
26500,1.2715328124999998,0.11590625000000002,0.7894624999999998,0.09463125
26600,1.2727028125,0.11634375000000001,0.7890375000000003,0.09461874999999999
26700,1.2741000000000002,0.11673124999999998,0.787540625,0.09572812499999997
26800,1.2749668749999998,0.11715000000000002,0.7876593750000003,0.095190625
26900,1.2751487499999998,0.11723437500000006,0.7869531250000001,0.09581250000000001
27000,1.2752165625,0.11732187500000003,0.787359375,0.09531875000000004
27100,1.2746881250000002,0.11709375,0.787915625,0.09499062499999998
27200,1.2739296875000001,0.11662187500000001,0.788703125,0.094675
27300,1.2735546875000003,0.11681875000000001,0.7899250000000002,0.09325625
27400,1.2731774999999996,0.11648437499999999,0.7894500000000001,0.09406562500000001
27500,1.2726287500000002,0.116353125,0.7897531250000001,0.09389375000000001
27600,1.273271875,0.11636249999999997,0.7890124999999999,0.09462499999999997
27700,1.2733128125,0.116434375,0.7890749999999997,0.09449062500000001
27800,1.2740271874999995,0.11711562499999997,0.7883187499999997,0.09456562500000003
27900,1.2753834375,0.11801874999999998,0.7880874999999999,0.09389375000000003
28000,1.2780474999999998,0.119178125,0.78646875,0.09435312500000001
28100,1.2813684374999996,0.12057500000000003,0.78395,0.09547500000000003
28200,1.2843743750000003,0.12180312500000001,0.7819593750000002,0.0962375
28300,1.2866449999999996,0.12256562499999996,0.7807718749999999,0.0966625
28400,1.2869609375,0.122475,0.7803562499999999,0.09716874999999998
28500,1.2878634375000002,0.12286250000000001,0.77978125,0.09735624999999995
28600,1.2887371875000002,0.12366562500000002,0.77968125,0.09665312499999999
28700,1.2895753124999998,0.12399062499999997,0.7786843750000002,0.097325
28800,1.2906140625000002,0.12491250000000002,0.779409375,0.09567812500000002
28900,1.2908962499999996,0.125246875,0.7783718750000003,0.09638124999999999
29000,1.2929118750000002,0.1259,0.7774593750000001,0.09664062499999997
29100,1.2938603125,0.12632499999999997,0.7771125,0.0965625
29200,1.2954481249999996,0.12707500000000002,0.7763031250000002,0.09662187500000002
29300,1.2971487500000003,0.127559375,0.7744500000000003,0.09799062499999998
29400,1.2987662499999995,0.12793749999999998,0.7724406249999998,0.09962187499999998
29500,1.3009128124999996,0.12881249999999997,0.77094375,0.10024375000000002
29600,1.3015781249999996,0.12916250000000004,0.7697468750000002,0.101090625
29700,1.3027378125,0.129403125,0.76885,0.10174687499999997
29800,1.3048956250000006,0.13019375000000002,0.7679937499999999,0.10181249999999997
29900,1.3066818749999998,0.13114062500000007,0.7667437500000002,0.102115625
30000,1.3073462500000004,0.13133750000000002,0.7669000000000001,0.10176249999999998
30100,1.3083881249999998,0.132284375,0.7673218749999999,0.10039375000000003
30200,1.3080884375,0.13223125,0.767559375,0.10020937500000002
30300,1.3078859375,0.13248749999999998,0.768128125,0.099384375
30400,1.3074750000000004,0.13246562500000003,0.7694750000000001,0.09805937499999999
30500,1.3078149999999997,0.132440625,0.7690281249999998,0.09853124999999997
30600,1.309125,0.133209375,0.7674156249999997,0.09937499999999999
30700,1.3095390624999999,0.13375312499999997,0.7680156249999999,0.09823125000000002
30800,1.3108824999999997,0.133671875,0.7668406249999998,0.09948750000000002
30900,1.3104984375,0.13392499999999996,0.7671812499999994,0.09889374999999999
31000,1.3098353124999995,0.13379687499999998,0.7680343749999998,0.09816875000000001
31100,1.3107125,0.13414374999999998,0.76716875,0.09868750000000003
31200,1.3106215625000008,0.134321875,0.7675375,0.09814062500000001
31300,1.3106318749999994,0.13434999999999997,0.7677531250000001,0.09789687500000002
31400,1.3103009375,0.13458749999999997,0.7688249999999998,0.09658749999999998
31500,1.3100946874999995,0.134121875,0.7686906250000001,0.09718750000000004
31600,1.3104474999999998,0.13435,0.7684406249999998,0.09720937500000001
31700,1.3118596875000004,0.134946875,0.7674093750000003,0.09764375
31800,1.3146425,0.13591562499999998,0.7652249999999998,0.09885937499999997
31900,1.315843125,0.1361,0.7646937500000002,0.09920625000000001
32000,1.3176996874999996,0.13685625000000004,0.7635593749999999,0.09958437500000002
32100,1.3185509375,0.13709375000000001,0.7627343750000001,0.10017187500000001
32200,1.3186440625,0.13726875,0.7626093749999998,0.100121875
32300,1.3195368750000005,0.13776874999999997,0.762615625,0.09961562499999997
32400,1.3193609375000002,0.13778749999999998,0.7623093750000004,0.09990312500000001
32500,1.3204890625,0.1379875,0.7608781249999998,0.10113437500000001
32600,1.3215396875000005,0.138459375,0.7600562500000001,0.10148437499999997
32700,1.3218843750000004,0.1389375,0.76078125,0.10028125000000004
32800,1.322895625,0.139440625,0.7599062499999998,0.10065312500000002
32900,1.3230840625000004,0.13937500000000003,0.7595812500000001,0.10104374999999997
33000,1.3225228125,0.13913125,0.7597500000000004,0.10111875000000001
33100,1.3218049999999997,0.13885937499999998,0.7607593749999999,0.10038125000000002
33200,1.3215709375000002,0.138528125,0.7611187500000002,0.10035312499999996
33300,1.3233628125,0.13928125,0.759890625,0.10082812499999999
33400,1.3242509374999996,0.14004374999999997,0.759178125,0.10077812500000001
33500,1.3267906249999994,0.14066875000000004,0.7576187499999999,0.1017125
33600,1.3276015624999995,0.14130625,0.756496875,0.10219687499999999
33700,1.3277253125000004,0.14148750000000002,0.7570250000000002,0.10148750000000002
33800,1.3275559375,0.14149687499999997,0.7569468750000002,0.10155625000000001
33900,1.3273818750000002,0.14121874999999998,0.7564468750000005,0.10233437499999998
34000,1.3289915625000002,0.14211875,0.7554187500000002,0.10246250000000003
34100,1.329728125,0.14285625,0.7552531250000002,0.101890625
34200,1.3309271875000002,0.14302500000000004,0.7535093750000001,0.10346562499999998
34300,1.3321268750000008,0.14350937500000005,0.7532656250000002,0.10322500000000004
34400,1.332466875,0.14394687499999997,0.75251875,0.10353437499999998
34500,1.3341218750000001,0.1444968749999999,0.750059375,0.10544374999999999
34600,1.3356724999999998,0.14442812499999996,0.74896875,0.10660312500000005
34700,1.3366325000000001,0.14494999999999997,0.7486031249999998,0.106446875
34800,1.3378056250000003,0.14565312499999997,0.7483437499999999,0.106003125
34900,1.3382887499999996,0.146090625,0.7475281249999999,0.10638125000000001
35000,1.3387275000000003,0.14642187499999998,0.7477406250000003,0.1058375
35100,1.3395912499999993,0.14639062499999997,0.7475687500000001,0.10604062500000003
35200,1.3404081250000002,0.1473,0.7469625000000002,0.10573749999999997
35300,1.3422053125000002,0.14821874999999995,0.7462156250000002,0.10556562500000001
35400,1.3432578124999996,0.14892187499999998,0.746390625,0.10468749999999998
35500,1.343419375,0.14889375000000005,0.7457937499999998,0.10531250000000002
35600,1.3438790625000006,0.14911249999999998,0.7452093749999998,0.105678125
35700,1.34398125,0.14924375000000004,0.7458593750000002,0.10489687499999999
35800,1.3447434375,0.14935624999999997,0.745028125,0.105615625
35900,1.3439596875000002,0.14935625,0.7465218749999999,0.104121875
36000,1.3438921874999994,0.14931562500000004,0.7461125000000002,0.10457187499999997
36100,1.3442543750000002,0.14931250000000007,0.7462125000000001,0.10447500000000001
36200,1.3435175000000001,0.149475,0.746615625,0.10390937499999998
36300,1.3440962500000002,0.14952187500000003,0.7459093750000001,0.10456875000000003
36400,1.3445687500000003,0.14998125,0.745671875,0.10434687500000002
36500,1.3446040624999995,0.14948749999999997,0.7461875000000001,0.10432499999999999
36600,1.3440503124999994,0.14932500000000007,0.7460437499999998,0.10463125
36700,1.3435396874999999,0.14901562499999998,0.7457687499999999,0.105215625
36800,1.3430249999999995,0.14864375000000005,0.7458031249999999,0.105553125
36900,1.3424328124999998,0.14823437500000003,0.7463875,0.10537812499999998
37000,1.3414546875000002,0.147525,0.7473343749999998,0.10514062500000003
37100,1.3407943749999995,0.14678124999999997,0.7478125,0.10540624999999999
37200,1.3402253125000003,0.14675625000000003,0.74830625,0.10493750000000004
37300,1.3404178125,0.14692500000000006,0.7484937499999998,0.10458125
37400,1.33986,0.14638125000000005,0.7495343749999999,0.10408437500000002
37500,1.3395765625,0.14655937500000002,0.7492500000000004,0.10419062500000002
37600,1.3399009375,0.14659375,0.7492624999999997,0.10414375000000001
37700,1.3400712500000003,0.14689375000000002,0.7490656250000001,0.104040625
37800,1.340089375,0.146584375,0.7489593750000001,0.10445625000000001
37900,1.3402234375,0.146384375,0.7485187500000001,0.105096875
38000,1.3402737500000004,0.14648437500000003,0.7486906249999999,0.10482500000000002
38100,1.340208125,0.146559375,0.7480468749999998,0.10539375
38200,1.3404181249999993,0.14659687500000002,0.7483718750000001,0.10503124999999998
38300,1.3400568750000004,0.14669374999999996,0.7486250000000003,0.10468125
38400,1.3393384375,0.14608437500000002,0.748809375,0.10510625000000001
38500,1.3393971875000001,0.14501250000000002,0.7475281249999999,0.107459375
38600,1.3386853125000002,0.14484062499999997,0.747659375,0.10750000000000001
38700,1.338394375,0.14478437500000002,0.747584375,0.10763124999999996
38800,1.3380415625000002,0.14460312500000003,0.7480031249999998,0.10739374999999998
38900,1.3381328125000003,0.14494062500000002,0.7486781250000002,0.10638125
39000,1.3395690625,0.14533749999999998,0.7480000000000004,0.1066625
39100,1.3392459375,0.14533437500000002,0.7483031250000001,0.10636249999999996
39200,1.3392281249999998,0.145090625,0.7483593749999999,0.10654999999999998
39300,1.3375234374999998,0.14440312500000002,0.7492125,0.106384375
39400,1.3374515624999994,0.144821875,0.749840625,0.10533749999999997
39500,1.3375787499999996,0.144659375,0.7493874999999999,0.10595312499999998
39600,1.3377806250000002,0.14497187500000003,0.7499281249999997,0.1051
39700,1.3382962500000004,0.14516250000000003,0.7487156249999999,0.10612187499999999
39800,1.3386756250000005,0.14570625,0.7477062500000003,0.1065875
39900,1.3401625000000004,0.14597812500000004,0.7468937499999999,0.107128125
40000,1.3402049999999996,0.14574062499999998,0.7466437500000002,0.10761562499999999
40100,1.3386690625,0.14510000000000003,0.7485062500000003,0.10639375
40200,1.3368412500000002,0.14452187500000002,0.7498000000000001,0.10567812500000001
40300,1.3363953124999999,0.14401562499999995,0.7497749999999999,0.106209375
40400,1.3363256249999997,0.144384375,0.7503687500000003,0.10524687499999999
40500,1.3358684375000003,0.144215625,0.7499281249999998,0.10585625000000001
40600,1.3357400000000004,0.14440937499999998,0.7492593750000001,0.10633124999999999
40700,1.3364696874999997,0.14472187500000006,0.7494843750000002,0.10579374999999999
40800,1.3365815625000002,0.14504687499999996,0.7502031250000001,0.10475000000000004
40900,1.337450625,0.14528749999999996,0.7492312500000002,0.10548124999999996
41000,1.3383046874999998,0.14585000000000004,0.7488062500000002,0.10534374999999999
41100,1.3404553125000003,0.14716875000000001,0.746603125,0.10622812499999998
41200,1.3431409375000005,0.14851875000000003,0.7451843749999999,0.10629687500000001
41300,1.3462106250000005,0.14969687500000003,0.7427718750000001,0.10753124999999997
41400,1.3471803124999997,0.15043437499999998,0.7432281250000001,0.10633749999999999
41500,1.3487712500000002,0.15119374999999996,0.7426312500000001,0.106175
41600,1.3504456249999999,0.151653125,0.7411406249999999,0.10720624999999999
41700,1.3515000000000001,0.1519125,0.7413031249999998,0.10678437500000003
41800,1.3533040625000001,0.15295000000000006,0.7394874999999999,0.1075625
41900,1.3541525,0.15314687500000002,0.7393687500000001,0.10748437500000002
42000,1.3534478125,0.152578125,0.7400875000000001,0.107334375
42100,1.35172625,0.15264375000000002,0.7419625000000005,0.10539375000000001
42200,1.3505853124999998,0.15228124999999998,0.7425593750000002,0.10515937499999997
42300,1.34927375,0.15155624999999998,0.74359375,0.10485
42400,1.3478337499999997,0.15084374999999994,0.7437718749999996,0.10538437500000002
42500,1.3482084374999996,0.150803125,0.7435656250000001,0.10563124999999998
42600,1.3466590625000001,0.150221875,0.7449718750000002,0.10480624999999999
42700,1.3457021875000004,0.15019999999999994,0.7467281250000002,0.10307187500000006
42800,1.344939375000001,0.14989999999999998,0.747178125,0.10292187500000002
42900,1.3442131250000002,0.14940625000000002,0.7467437499999998,0.10385000000000003
43000,1.3427859374999993,0.148759375,0.7470562499999996,0.104184375
43100,1.3418221875,0.14821562500000005,0.7476218750000001,0.10416249999999999
43200,1.3420028124999996,0.14798125,0.7477468750000004,0.10427187499999997
43300,1.3426468749999996,0.14867187499999995,0.7468625,0.104465625
43400,1.3426928125000002,0.14841875000000002,0.7464937499999998,0.1050875
43500,1.3421153125,0.14837812500000006,0.747796875,0.103825
43600,1.3423615624999998,0.148803125,0.7476437500000004,0.103553125
43700,1.3426728125,0.14909999999999998,0.7480187500000002,0.10288125000000004
43800,1.3428440625000002,0.14902500000000002,0.747684375,0.10329062499999998
43900,1.3428881250000004,0.14859375000000002,0.7467656249999998,0.10464062500000001
44000,1.3431025,0.1485,0.7470437500000002,0.10445625000000003
44100,1.3435465625000003,0.14853124999999998,0.7460249999999999,0.10544375
44200,1.3453784375,0.14970624999999999,0.7449343749999998,0.10535937499999995
44300,1.3456084374999993,0.1497874999999999,0.74526875,0.10494374999999999
44400,1.3458528125000002,0.149875,0.7452062500000001,0.10491875000000002
44500,1.3469118750000002,0.15046562500000008,0.7446999999999998,0.10483437499999998
44600,1.3472865625000001,0.15059687499999996,0.7442937500000002,0.10510937499999996
44700,1.348206875,0.1516125,0.7436031249999999,0.10478437500000004
44800,1.3488003124999999,0.151803125,0.7431812500000002,0.10501562499999999
44900,1.3494481250000003,0.152140625,0.7438562500000001,0.10400312499999999
45000,1.3500368750000002,0.15207499999999993,0.7434562499999999,0.10446875000000001
45100,1.3493578124999999,0.15213125,0.7438968749999999,0.103971875
45200,1.3506024999999997,0.15241875,0.7420281249999999,0.10555312500000004
45300,1.3526671875000003,0.15284374999999997,0.7403750000000001,0.10678125
45400,1.3543749999999997,0.153584375,0.7390562500000002,0.10735937499999999
45500,1.3552465625,0.15385624999999994,0.7384875000000002,0.10765624999999994
45600,1.3562437500000002,0.15484374999999997,0.7379906250000001,0.10716562499999997
45700,1.3573740625000001,0.15531250000000002,0.7368562500000002,0.10783125
45800,1.3574234374999996,0.15520625,0.7376218750000002,0.10717187499999997
45900,1.3571659375000003,0.15522812500000002,0.7387875000000002,0.10598437499999998
46000,1.3564706250000003,0.15518437499999999,0.7394343749999999,0.10538125000000002
46100,1.3573071875000005,0.155703125,0.7390843749999996,0.10521250000000001
46200,1.3580312500000007,0.155984375,0.7383281249999998,0.10568749999999998
46300,1.357861875,0.15622499999999995,0.7385249999999998,0.10525000000000001
46400,1.3588246874999999,0.15624999999999994,0.7374375,0.10631249999999998
46500,1.3582512499999995,0.15576562500000002,0.737303125,0.10693125000000005
46600,1.3570959374999998,0.15518749999999998,0.7370562499999999,0.10775624999999998
46700,1.3562596874999997,0.15441250000000004,0.736609375,0.10897812500000004
46800,1.3559643749999999,0.15355937500000003,0.7366531249999999,0.10978750000000001
46900,1.355159375,0.15313750000000004,0.7354187500000001,0.11144375
47000,1.3566278125,0.1538468749999999,0.7351218750000001,0.11103125000000001
47100,1.3576109374999994,0.154371875,0.7346156250000005,0.11101250000000006
47200,1.3588350000000002,0.15524374999999996,0.7346937499999999,0.1100625
47300,1.3596668750000005,0.155946875,0.7350218749999998,0.10903125
47400,1.3607168749999998,0.15667187500000002,0.7345218750000003,0.10880624999999998
47500,1.361491875,0.15723437500000007,0.7349968749999998,0.10776874999999998
47600,1.361450625,0.15697499999999995,0.7356531249999998,0.107371875
47700,1.3607150000000001,0.15717187500000002,0.7370906250000001,0.10573749999999997
47800,1.3604337499999997,0.15688125000000003,0.73650625,0.10661250000000001
47900,1.3591828124999998,0.15629687499999997,0.7383156250000001,0.10538750000000004
48000,1.3587181249999998,0.15582500000000002,0.7378906249999998,0.10628437500000004
48100,1.3557703124999998,0.1551125,0.7396968749999999,0.10519062500000002
48200,1.3552971874999997,0.15527812500000002,0.7399437500000002,0.10477812499999997
48300,1.3537331250000002,0.15502812499999993,0.7418812499999998,0.10309062500000002
48400,1.3531693749999998,0.154140625,0.7416375000000001,0.104221875
48500,1.3538509375000003,0.15419687499999998,0.7404406249999997,0.1053625
48600,1.355050625,0.15464687499999996,0.7395343749999999,0.10581875
48700,1.3558875,0.15481874999999998,0.7387812499999998,0.1064
48800,1.3574225000000002,0.15549687499999995,0.7380750000000001,0.10642812500000004
48900,1.3603331249999995,0.15718749999999998,0.7360093749999999,0.106803125
49000,1.3618765624999998,0.157428125,0.735421875,0.10715000000000001
49100,1.3630346875,0.157621875,0.734953125,0.10742500000000003
49200,1.363381875,0.1579625,0.7338749999999998,0.10816250000000002
49300,1.3644590625000004,0.15862499999999996,0.73264375,0.10873125000000003
49400,1.365251875,0.15825625000000004,0.7314625000000001,0.11028124999999996
49500,1.3662587500000003,0.158946875,0.7312218749999997,0.10983125000000002
49600,1.36722625,0.159190625,0.7316062500000002,0.10920312500000001
49700,1.3665303124999997,0.159040625,0.7318937500000001,0.109065625
49800,1.3662306250000003,0.15893437500000002,0.7320499999999998,0.10901562499999999
49900,1.3664996875,0.15892499999999998,0.7316281249999996,0.10944687499999997
50000,1.3672424999999997,0.15903749999999997,0.73105,0.10991249999999998
50100,1.3684481249999998,0.15984062499999996,0.7311843750000001,0.10897499999999999
50200,1.3675934374999996,0.159140625,0.730459375,0.1104
50300,1.3655396875000003,0.157984375,0.731896875,0.11011875000000004
50400,1.3627968750000004,0.15648749999999997,0.733584375,0.10992812499999999
50500,1.3617225000000008,0.15615312499999995,0.7336250000000002,0.11022187500000004
50600,1.3618946875000004,0.15626562500000002,0.7335031250000001,0.11023125000000007
50700,1.3627046875000004,0.15649375000000001,0.733584375,0.10992187500000006
50800,1.3636168750000008,0.156940625,0.7321218749999998,0.11093749999999998
50900,1.364081875,0.15733749999999996,0.7325593750000001,0.110103125
51000,1.3649665624999996,0.15752499999999992,0.7315187500000001,0.11095624999999999
51100,1.3665996875000002,0.15801875000000004,0.730334375,0.11164687499999999
51200,1.3676337499999993,0.15798437500000007,0.72990625,0.112109375
51300,1.3671203124999993,0.15756562500000001,0.731046875,0.11138750000000001
51400,1.3672846875000002,0.15774687499999998,0.7308031249999999,0.11145000000000001
51500,1.3660790624999999,0.15739687500000005,0.7315406249999997,0.1110625
51600,1.3658299999999999,0.157046875,0.7308968749999999,0.11205625000000005
51700,1.3642859374999994,0.15628124999999998,0.7319656249999998,0.111753125
51800,1.3632890625,0.15595625,0.73289375,0.11114999999999998
51900,1.3625603125000005,0.155625,0.733084375,0.11129062499999999
52000,1.3613165624999997,0.15503124999999998,0.7342,0.11076874999999997
52100,1.3588353125000001,0.1543375,0.7353874999999997,0.11027500000000001
52200,1.3584953124999994,0.15411875,0.7359031249999999,0.10997812500000001
52300,1.3575028125,0.15370937500000006,0.736290625,0.10999999999999999
52400,1.3573131250000006,0.15345,0.7361218750000001,0.11042812499999999
52500,1.3574996875,0.15404999999999994,0.736015625,0.10993437499999999
52600,1.3581628125000007,0.15439062499999998,0.7352937500000002,0.11031562500000001
52700,1.3591865625000001,0.15475624999999996,0.7341874999999997,0.11105625
52800,1.3605381250000002,0.15484687500000005,0.7321843750000002,0.11296874999999999
52900,1.3603996875,0.15455,0.7321875,0.11326249999999999
53000,1.3610687499999998,0.15469375,0.7325781249999999,0.11272812500000001
53100,1.3624156249999997,0.155465625,0.7315343750000001,0.11300000000000002
53200,1.3625565624999998,0.15540312499999995,0.7316156250000002,0.11298125000000003
