step,mean_aspect_ratio,fraction_elongated,fraction_round,fraction_binary
100,1.0,0.0,1.0,0.0
200,1.1548046875,0.011118749999999998,0.6191812500000001,0.36970000000000003
300,1.1714046874999995,0.02327187499999999,0.6215249999999997,0.355203125
400,1.1873087500000004,0.034,0.6245593750000001,0.341440625
500,1.2036784375,0.044178125000000006,0.6300624999999997,0.3257593750000001
600,1.2198128125000003,0.05471250000000001,0.63919375,0.3060937500000001
700,1.2374175,0.06577812499999999,0.6489562500000001,0.28526562499999997
800,1.2539859375,0.07641875,0.6587687499999999,0.26481250000000006
900,1.2723506249999998,0.08722187500000002,0.663146875,0.24963124999999997
1000,1.2903231250000002,0.09800625,0.6665500000000002,0.23544374999999998
1100,1.3072196875000002,0.10787500000000001,0.670040625,0.22208437500000003
1200,1.3235578125000005,0.11766562500000002,0.671128125,0.21120624999999998
1300,1.3409287500000002,0.12718437499999996,0.6699406249999998,0.20287499999999997
1400,1.3560809375000002,0.136146875,0.669053125,0.19479999999999997
1500,1.3721859374999996,0.14482187499999996,0.6649593749999997,0.19021875
1600,1.3876262499999998,0.15304999999999996,0.6594093750000001,0.1875406250000001
1700,1.399693125,0.16079687500000003,0.6573843750000001,0.18181875
1800,1.4138275000000005,0.167515625,0.6515781249999997,0.18090624999999996
1900,1.4260628125,0.17451250000000004,0.6484499999999999,0.1770375
2000,1.4385187499999996,0.181265625,0.64375625,0.17497812499999996
2100,1.4508737500000006,0.18780312499999996,0.638953125,0.17324374999999986
2200,1.4633134375,0.194196875,0.6331656250000001,0.17263749999999994
2300,1.4774353125,0.20073749999999993,0.6252843750000002,0.17397812499999998
2400,1.4880390625,0.20649062499999998,0.6202281250000004,0.17328125000000003
2500,1.4992656250000003,0.21195937499999998,0.6157312499999997,0.17230937500000004
2600,1.5088128125,0.21731250000000005,0.6118999999999999,0.17078749999999995
2700,1.5171265624999997,0.22235312499999998,0.60885,0.168796875
2800,1.5239165625000004,0.22599062499999995,0.6062125,0.16779687499999996
2900,1.5305875,0.22919999999999996,0.6030593749999998,0.167740625
3000,1.5377537499999998,0.23279687499999996,0.5993593749999999,0.16784374999999996
3100,1.5439909375,0.23566250000000005,0.5963843750000002,0.167953125
3200,1.5503846874999996,0.239375,0.5917968750000001,0.16882812500000002
3300,1.5557456249999995,0.24205000000000004,0.5902343750000001,0.16771562500000003
3400,1.5611675,0.24489999999999995,0.5881874999999998,0.16691249999999996
3500,1.5669665625000002,0.24805624999999992,0.5850124999999999,0.16693124999999998
3600,1.5725665625000005,0.25095312499999994,0.5822437500000001,0.16680312500000005
3700,1.5776728124999995,0.253578125,0.57894375,0.16747812499999998
3800,1.5848340625000001,0.25644374999999997,0.5755281250000001,0.16802812500000003
3900,1.5904253124999996,0.259421875,0.57215625,0.16842187499999997
4000,1.5963090625000005,0.2625125,0.5689531250000001,0.16853437499999996
4100,1.6021715624999997,0.26545312499999996,0.565196875,0.16935000000000003
4200,1.6062481249999998,0.26756875000000013,0.5637000000000001,0.16873125000000003
4300,1.6113903124999995,0.270290625,0.56155625,0.16815312499999996
4400,1.6159515625000003,0.27245,0.5587375000000002,0.1688125
4500,1.6200553125000003,0.27421875,0.5567562499999998,0.16902499999999995
4600,1.6228493749999997,0.276453125,0.5554562499999999,0.16809062499999997
4700,1.627581875,0.278278125,0.552796875,0.16892499999999994
4800,1.6315634374999994,0.28061250000000004,0.550553125,0.168834375
4900,1.6353271875000008,0.2824187500000001,0.547984375,0.16959687499999995
5000,1.6407678125,0.2853812499999999,0.544784375,0.169834375
5100,1.6442228124999998,0.287565625,0.54415,0.1682843749999999
5200,1.6489531250000002,0.28930312499999994,0.5416937500000001,0.169003125
5300,1.6531974999999997,0.29123750000000004,0.539578125,0.16918437499999994
5400,1.6568050000000005,0.29295312500000004,0.5374625000000001,0.1695843750000001
5500,1.6593371874999994,0.29490312499999993,0.5365000000000002,0.16859687500000003
5600,1.6627543750000002,0.29663124999999996,0.5350906250000002,0.16827812500000003
5700,1.665285625,0.29804999999999987,0.5344156250000001,0.167534375
5800,1.668238125,0.3000812500000001,0.5335656249999999,0.166353125
5900,1.6706806250000001,0.30201562500000007,0.5338375000000001,0.16414687500000003
6000,1.6726068749999998,0.3037031249999999,0.5327843749999999,0.16351250000000003
6100,1.6753156249999994,0.3054843750000001,0.5312937499999999,0.16322187500000007
6200,1.676911875,0.30654374999999995,0.5303218749999999,0.163134375
6300,1.6780653124999996,0.307153125,0.5298625000000001,0.162984375
6400,1.6796956250000004,0.3082906249999999,0.5301750000000003,0.161534375
6500,1.6828171874999995,0.31010625,0.5288843750000001,0.16100937500000004
6600,1.6858918749999996,0.311565625,0.5273124999999999,0.1611218749999999
6700,1.6911428125000005,0.313653125,0.523165625,0.16318125000000008
6800,1.6939225,0.31549687500000007,0.5221187500000001,0.16238437499999997
6900,1.6954809375000002,0.3157968749999999,0.5211375,0.16306562499999996
7000,1.6984603125000004,0.31683437500000006,0.518821875,0.16434375000000004
7100,1.6997812499999998,0.3178031250000001,0.51854375,0.16365312499999995
7200,1.701249375,0.31909687500000006,0.5183312500000001,0.16257187500000003
7300,1.7019934375,0.31999062500000003,0.5188593749999999,0.16115
7400,1.7021199999999999,0.3202312500000002,0.51838125,0.16138750000000004
7500,1.7042149999999996,0.3214031250000001,0.5179906249999999,0.16060625000000003
7600,1.704815,0.32196875000000014,0.5180499999999999,0.15998125
7700,1.7066631249999997,0.32250312499999995,0.5170125000000001,0.16048437500000004
7800,1.7076475,0.32322187500000005,0.5161031249999999,0.16067499999999996
7900,1.7096087500000006,0.32455,0.5147468749999999,0.16070312499999997
8000,1.7131693750000003,0.3255625000000001,0.5116624999999999,0.16277499999999995
8100,1.7179540625000005,0.32783437500000007,0.507825,0.164340625
8200,1.7221325,0.329428125,0.505409375,0.1651625
8300,1.724954687499999,0.33074375,0.5039031249999999,0.165353125
8400,1.7274859374999998,0.33192812500000013,0.5023343750000001,0.16573750000000004
8500,1.730110625,0.33334374999999994,0.500953125,0.165703125
8600,1.7338343749999996,0.334853125,0.49880937499999994,0.16633750000000005
8700,1.7392578125,0.337815625,0.495215625,0.16696875000000003
8800,1.7424537499999997,0.33983125000000003,0.4947031249999999,0.16546562500000003
8900,1.7468746875,0.34201249999999994,0.49229062499999987,0.165696875
9000,1.7483384374999997,0.3430625000000001,0.4910812499999999,0.16585625000000004
9100,1.7525784375000002,0.3446499999999999,0.48914062500000005,0.16620937500000002
9200,1.755008125,0.3466093750000001,0.4879749999999998,0.16541562499999998
9300,1.7572306250000003,0.3471593750000001,0.48608125,0.16675937499999996
9400,1.7574156250000006,0.34726875000000007,0.4868874999999999,0.1658437500000001
9500,1.7582043750000005,0.34766249999999993,0.48560624999999996,0.16673124999999997
9600,1.7603128125000003,0.348590625,0.4845062499999999,0.16690312499999993
9700,1.7621450000000007,0.34991562500000006,0.48349687500000005,0.16658749999999997
9800,1.7642546875,0.35084687499999995,0.4830875,0.166065625
9900,1.7650015624999993,0.35093437499999985,0.48219062500000004,0.16687500000000002
10000,1.76542375,0.35101875,0.482134375,0.16684687499999995
10100,1.7650787500000003,0.35113750000000016,0.48304062499999983,0.16582187499999995
10200,1.7659862500000008,0.3511812499999999,0.4834000000000001,0.16541874999999992
10300,1.7665868750000002,0.351975,0.4836562500000001,0.16436875000000004
10400,1.7670828124999998,0.3527124999999999,0.4835812499999998,0.16370625000000003
10500,1.7681749999999998,0.35353749999999995,0.483240625,0.163221875
10600,1.7695487499999998,0.35466250000000005,0.48391875,0.16141875000000003
10700,1.7706568749999994,0.3547062499999999,0.4831218750000001,0.16217187500000005
10800,1.7713409374999995,0.35456249999999984,0.48266250000000005,0.16277500000000006
10900,1.7700459375,0.3544187500000001,0.48365937499999995,0.16192187500000008
11000,1.769629375,0.3537593750000001,0.48349374999999983,0.162746875
11100,1.76982375,0.3539968749999999,0.483225,0.162778125
11200,1.7699068749999995,0.35368125000000017,0.48262812499999996,0.16369062499999998
11300,1.769315937500001,0.35294999999999993,0.48233750000000003,0.16471249999999998
11400,1.7697128125,0.35383125000000015,0.48302812500000003,0.16314062499999993
11500,1.7704156250000003,0.354428125,0.4816249999999999,0.16394687500000002
11600,1.77075875,0.3544187499999999,0.480565625,0.16501562499999997
11700,1.7731187499999994,0.35518125,0.47890000000000005,0.16591874999999995
11800,1.774009375,0.35585312500000005,0.47884375000000007,0.16530312500000002
11900,1.7749340624999999,0.355621875,0.47881250000000025,0.16556562500000002
12000,1.7757328125000003,0.35701875000000005,0.47952812499999997,0.16345312500000003
12100,1.77408375,0.3568875000000001,0.48138750000000013,0.16172499999999998
12200,1.7720037499999999,0.35591875,0.482353125,0.16172812500000003
12300,1.7717093749999997,0.3548531250000001,0.48181562499999986,0.16333124999999996
12400,1.7715371875000006,0.35512812499999996,0.4817031250000001,0.16316875000000003
12500,1.7734025000000002,0.3553750000000001,0.48050624999999997,0.16411875
12600,1.7746890624999998,0.3559593749999999,0.47984687499999995,0.16419375000000003
12700,1.7754109374999998,0.35589375000000006,0.47815937499999994,0.16594687499999997
12800,1.7764809374999997,0.35614374999999987,0.4768125,0.16704375000000002
12900,1.777396250000001,0.35649374999999994,0.4756812500000001,0.16782499999999997
13000,1.7779265624999998,0.35625000000000007,0.4751187499999999,0.16863124999999998
13100,1.7795865624999998,0.3570718749999999,0.4739781250000001,0.16895000000000004
13200,1.7809559375000001,0.35740937500000003,0.47313437500000005,0.16945625
13300,1.7822690625,0.358175,0.47229375000000007,0.16953125000000005
13400,1.7831262499999998,0.3589625,0.47218437499999993,0.168853125
13500,1.7851559375000003,0.36029687499999996,0.47173125000000005,0.167971875
13600,1.7849046874999999,0.35987187499999995,0.4715718749999999,0.16855625000000005
13700,1.7868384375000002,0.361015625,0.471134375,0.16784999999999997
13800,1.7863837500000004,0.36081562500000003,0.47123125,0.16795312499999998
13900,1.7864387500000007,0.36166874999999993,0.47109375000000003,0.16723750000000004
14000,1.7865187499999997,0.3616906250000001,0.4714781250000001,0.16683125000000001
14100,1.7859590625000001,0.36160625000000013,0.4730437499999998,0.16535000000000002
14200,1.7861246875,0.36195312500000015,0.47289375,0.16515312499999996
14300,1.7869956249999996,0.3624531249999998,0.47224999999999995,0.16529687500000004
14400,1.7859662499999998,0.361825,0.47227812500000016,0.16589687499999997
14500,1.7862475000000004,0.36233437499999993,0.47282500000000016,0.16484062500000005
14600,1.7861190625000003,0.36195000000000005,0.47328437500000003,0.16476562499999994
14700,1.7856209374999998,0.36143124999999976,0.47418125000000017,0.16438749999999994
14800,1.78481125,0.36175312500000006,0.47491249999999996,0.16333437499999995
14900,1.7849606249999999,0.36240312499999994,0.47530624999999993,0.162290625
15000,1.7842531249999993,0.36216875,0.47543437499999996,0.16239687499999997
15100,1.7849971874999995,0.36255625,0.47381250000000025,0.16363124999999992
15200,1.7856206250000004,0.36253125,0.4738906249999999,0.163578125
15300,1.7872331249999993,0.36327499999999996,0.47249062499999983,0.16423437499999996
15400,1.7888296875000005,0.36440937500000004,0.47233124999999987,0.16325937500000004
15500,1.7891231249999997,0.36500312500000004,0.47269687500000007,0.16229999999999997
15600,1.78985875,0.36508437500000007,0.471728125,0.16318749999999999
15700,1.7936206249999993,0.36603437500000013,0.46864062500000003,0.16532500000000008
15800,1.7944740624999995,0.36643437500000003,0.4684749999999999,0.16509062499999996
15900,1.7939040625000002,0.36583750000000004,0.469865625,0.16429687500000004
16000,1.792858125,0.365765625,0.470325,0.16390937499999997
16100,1.7922737499999999,0.365165625,0.47000625000000007,0.1648281249999999
16200,1.7928209375000002,0.36538125,0.46879062499999996,0.16582812500000005
16300,1.7950484375,0.3660218750000001,0.466671875,0.16730625
16400,1.7961515625000009,0.36656562500000006,0.46663437500000005,0.16680000000000003
16500,1.797058125,0.36683124999999983,0.4657874999999999,0.16738125
16600,1.7983896874999994,0.36795625000000004,0.4651062499999999,0.16693750000000002
16700,1.8003124999999995,0.36886250000000004,0.46384687500000027,0.16729062500000005
16800,1.8011815625000003,0.36901562499999996,0.46277812500000004,0.16820625
16900,1.8016990625,0.369584375,0.46308125000000006,0.16733437499999998
17000,1.8017606249999998,0.3693625,0.4630031249999999,0.16763437500000006
17100,1.8030137500000005,0.37038750000000015,0.46165312500000016,0.167959375
17200,1.8031556249999998,0.3700437500000001,0.46211250000000004,0.16784374999999996
17300,1.8036228124999998,0.370446875,0.461709375,0.16784375
17400,1.8039928125000004,0.37058125000000003,0.46128749999999985,0.16813125
17500,1.8030278125,0.37035312500000006,0.46164062500000014,0.16800624999999997
17600,1.8031878125000005,0.3697937499999999,0.46140624999999974,0.1688
17700,1.8004315625000002,0.36890000000000006,0.46395625,0.16714375000000004
17800,1.7981278125000002,0.36851875,0.46710937499999994,0.164371875
17900,1.7961496874999994,0.36780312499999995,0.46908437500000005,0.1631125
18000,1.7939915624999998,0.36796562499999985,0.47166875,0.16036562499999996
18100,1.7913756249999997,0.36664375000000005,0.473378125,0.15997812500000003
18200,1.7896646875,0.36516562499999994,0.474959375,0.15987500000000007
18300,1.7844884374999999,0.3630250000000001,0.478425,0.15855000000000005
18400,1.7803537499999995,0.3611468749999999,0.48097500000000004,0.15787812500000004
18500,1.7772181249999992,0.35880312499999995,0.4825250000000001,0.158671875
18600,1.7760890624999996,0.35844999999999994,0.48252812500000014,0.159021875
18700,1.776738125,0.35862499999999997,0.48112187500000014,0.16025312500000002
18800,1.7761628124999997,0.35799374999999994,0.48043125,0.16157499999999994
18900,1.7760812500000003,0.35752812500000003,0.4801656249999999,0.1623062500000001
19000,1.7745321874999997,0.35657499999999975,0.47997500000000004,0.16345
19100,1.77696875,0.3576937499999999,0.478371875,0.16393437499999994
19200,1.7798993749999994,0.3592718749999999,0.4759218749999999,0.16480625
19300,1.7823490625,0.36044062500000007,0.475053125,0.1645062499999999
19400,1.7844965625000002,0.36158437499999996,0.47333437500000003,0.16508124999999998
19500,1.7852196875,0.36133124999999994,0.47330624999999993,0.16536250000000002
19600,1.7845921874999997,0.3614375000000001,0.47440625,0.16415624999999998
19700,1.7832606249999998,0.36015,0.4744593749999999,0.165390625
19800,1.782463125,0.360034375,0.47485937500000003,0.16510625
19900,1.7822646875,0.35970625000000006,0.4746500000000001,0.16564375000000003
20000,1.7832253125000002,0.3601687499999999,0.4735374999999998,0.16629374999999996
20100,1.7842068749999997,0.3608218750000002,0.47266875,0.166509375
20200,1.7857421874999997,0.3611781249999999,0.47171874999999996,0.167103125
20300,1.7874403124999998,0.3621250000000001,0.47063125,0.16724374999999994
20400,1.7879287499999996,0.3621093749999999,0.47105625000000007,0.166834375
20500,1.7879737500000001,0.36236249999999987,0.47182187500000017,0.165815625
20600,1.7873640625000007,0.36186875,0.4721906250000001,0.16594062499999998
20700,1.786626875,0.36150625,0.472028125,0.166465625
20800,1.7855296875,0.3609562500000001,0.47267812499999995,0.166365625
20900,1.783831875,0.35987499999999983,0.474090625,0.166034375
21000,1.783616875,0.35966562500000016,0.4741375,0.16619687499999997
21100,1.7838006249999996,0.35982187499999996,0.4740093750000001,0.16616875000000003
21200,1.7835828125000002,0.359765625,0.47421875,0.16601562499999997
21300,1.7830409375000003,0.3597343750000003,0.474840625,0.16542500000000002
21400,1.7822400000000005,0.35912187500000003,0.4755406249999998,0.1653375
21500,1.7811643749999997,0.35921875,0.47691562500000007,0.16386562500000004
21600,1.7805775000000001,0.35944062499999996,0.4764343749999999,0.164125
21700,1.7801759375000004,0.35894999999999994,0.47679375,0.16425625000000005
21800,1.7789578124999996,0.35818125000000006,0.4776593750000001,0.16415937499999997
21900,1.7780740625,0.3576000000000001,0.4777750000000001,0.16462499999999997
22000,1.7781481249999997,0.35647500000000004,0.4768468750000001,0.16667812499999998
22100,1.7769465625000005,0.35570625,0.47621250000000004,0.16808124999999996
22200,1.7779609374999998,0.3563000000000001,0.4760312500000001,0.16766874999999998
22300,1.7781900000000004,0.356746875,0.476175,0.16707812499999997
22400,1.7772828124999998,0.35707812500000014,0.477628125,0.16529375000000002
22500,1.7784565625000008,0.3566,0.477025,0.166375
22600,1.7793256249999994,0.35653437499999985,0.47655937499999995,0.16690625000000003
22700,1.7780353124999992,0.3561562500000001,0.47726250000000014,0.16658125000000001
22800,1.7778131250000002,0.355415625,0.477646875,0.16693750000000002
22900,1.7779496875000005,0.35498749999999996,0.47645624999999997,0.16855625000000002
23000,1.7773399999999995,0.35530312499999983,0.4763437499999998,0.168353125
23100,1.7786043749999998,0.35607499999999986,0.47594062499999995,0.16798437499999996
23200,1.78055875,0.3575968749999998,0.4747437499999999,0.16765937500000003
23300,1.7835468750000003,0.35929999999999995,0.473965625,0.16673437499999996
23400,1.7861818749999998,0.36051874999999994,0.47227499999999994,0.16720624999999997
23500,1.7861959375,0.360928125,0.47332499999999994,0.16574687499999996
23600,1.7852884375000002,0.3605031249999999,0.474040625,0.16545625
23700,1.783765625,0.3602656249999999,0.47475000000000006,0.16498437500000002
23800,1.7817568749999997,0.35915625000000007,0.476365625,0.16447812499999992
23900,1.7822440624999996,0.3597406250000001,0.4753937500000001,0.16486562500000004
24000,1.7811212500000002,0.358084375,0.47489375,0.167021875
24100,1.7788274999999998,0.35724062499999987,0.4764812500000002,0.166278125
24200,1.7778028124999998,0.3564843749999998,0.475853125,0.1676625
24300,1.7788743750000002,0.356915625,0.4757687500000001,0.16731562500000002
24400,1.7796962499999995,0.35789375,0.4758687499999998,0.16623749999999998
24500,1.7794206249999998,0.357640625,0.47584687499999984,0.16651250000000006
24600,1.7771275,0.35674999999999996,0.47767499999999996,0.165575
24700,1.7759421874999994,0.3565312500000002,0.4787375000000001,0.16473125000000008
24800,1.7756928125000002,0.35609375000000004,0.4779406250000001,0.16596562499999995
24900,1.7765781250000001,0.35599687500000005,0.4777718750000001,0.16623125
25000,1.7746434374999998,0.3549687500000001,0.4792093749999999,0.16582187499999998
25100,1.7750974999999993,0.35457812500000013,0.47849999999999987,0.166921875
25200,1.7747740625000001,0.354634375,0.47885937499999986,0.16650625000000002
25300,1.7740212499999999,0.35514999999999997,0.480571875,0.16427812500000008
25400,1.7755921874999994,0.355971875,0.479090625,0.16493749999999993
25500,1.7781915624999995,0.357565625,0.47681874999999985,0.16561562499999996
25600,1.7820496875,0.35935625000000004,0.47280625,0.1678375
25700,1.7863834375,0.36110624999999996,0.47017187499999996,0.16872187499999997
25800,1.790135,0.36299687500000005,0.4684874999999998,0.16851562500000003
25900,1.7929753124999996,0.364234375,0.4664718749999999,0.16929375
26000,1.7964665625,0.3667156250000002,0.4655031250000001,0.16778124999999994
26100,1.8003415625000003,0.3687656250000001,0.4635812500000001,0.16765312500000001
26200,1.8034387500000006,0.370484375,0.46139687500000015,0.16811875
26300,1.8062812499999996,0.3717250000000001,0.45887812500000014,0.16939687499999997
26400,1.8088940625000005,0.37318124999999996,0.45740000000000014,0.16941875
26500,1.8120728125000005,0.37543125000000005,0.45753437499999994,0.16703437499999996
26600,1.8141328124999998,0.3753625000000001,0.45613437499999987,0.16850312500000003
26700,1.8147115625000003,0.37642500000000007,0.4562312499999999,0.1673437500000001
26800,1.8157543750000005,0.3763406249999999,0.45618749999999997,0.16747187499999996
26900,1.8157668749999996,0.376734375,0.45664999999999994,0.16661562500000002
27000,1.8156028125,0.37678749999999994,0.45635312499999997,0.166859375
27100,1.8122659375000005,0.375415625,0.45893437499999995,0.16565000000000002
27200,1.8087209374999993,0.373553125,0.462340625,0.16410624999999998
27300,1.8078531250000003,0.37371875,0.4631375,0.16314375000000003
27400,1.8060790625000003,0.3730781250000001,0.46502812500000007,0.16189374999999998
27500,1.8031909375000004,0.37147187499999995,0.46685312500000004,0.16167499999999996
27600,1.8004478125,0.36912500000000015,0.4671718750000002,0.16370312500000003
27700,1.7977340624999996,0.36798437500000003,0.4681406250000002,0.16387499999999997
27800,1.7969462500000006,0.367671875,0.4687624999999999,0.16356562499999996
27900,1.7991493750000007,0.3685812500000001,0.46695000000000003,0.16446875000000008
28000,1.8002931249999998,0.3685468750000001,0.46590312499999986,0.16554999999999997
28100,1.8010237500000004,0.3682375,0.46486249999999996,0.16690000000000008
28200,1.8018584375000006,0.36855625,0.4632656249999999,0.1681781250000001
28300,1.802650625,0.36964687500000004,0.46285,0.167503125
28400,1.8022943750000002,0.36942187500000007,0.4629562499999999,0.16762187499999995
28500,1.801445625,0.3688,0.46321875000000007,0.16798125000000003
28600,1.8009587500000004,0.36865624999999996,0.46292499999999986,0.16841875000000006
28700,1.8036440625,0.36981875000000003,0.46102187500000025,0.169159375
28800,1.8047690624999997,0.36999062499999985,0.4615187500000001,0.168490625
28900,1.8045196874999996,0.37037499999999995,0.4619124999999999,0.16771250000000004
29000,1.8049162500000002,0.37054062500000007,0.46155625000000006,0.16790312500000001
29100,1.8055371875000004,0.3716125,0.46218125000000004,0.16620625000000003
29200,1.8051731250000003,0.37229375000000003,0.463090625,0.16461562500000002
29300,1.8053896875000004,0.3722343750000001,0.462609375,0.16515625000000003
29400,1.8057190625,0.3724187499999999,0.4629624999999999,0.16461874999999995
29500,1.803570625,0.3717687500000001,0.4644937500000001,0.1637375
29600,1.8027159374999995,0.37046875,0.46439062499999995,0.165140625
29700,1.8012265625000003,0.37006874999999995,0.46588124999999997,0.16404999999999997
29800,1.8020271875,0.37052812499999976,0.4653375000000001,0.16413437499999994
29900,1.8011881250000004,0.3704406250000001,0.46501249999999994,0.164546875
30000,1.8004134374999998,0.37035000000000007,0.4658375000000002,0.16381250000000003
30100,1.799873749999999,0.37050312499999993,0.46619999999999995,0.163296875
30200,1.8003193749999997,0.3705437499999999,0.46684062499999995,0.16261562499999996
30300,1.801188125,0.370640625,0.46593437500000007,0.1634250000000001
30400,1.8022100000000003,0.3717531250000002,0.4661218750000002,0.16212500000000002
30500,1.8028424999999995,0.37186562500000003,0.46639375000000005,0.16174062499999994
30600,1.8046543750000006,0.37286562500000003,0.465090625,0.16204375
30700,1.8050818749999997,0.37343125,0.4645593749999999,0.16200937500000004
30800,1.8071362500000003,0.37410625,0.46263750000000015,0.16325625
30900,1.8089371875000004,0.3748062500000001,0.4615843750000002,0.16360937499999997
31000,1.8095387500000004,0.3748718750000001,0.46145625,0.16367187500000002
31100,1.8096759375000002,0.37485625,0.46131875,0.16382499999999994
31200,1.81104125,0.37568437500000007,0.45975625,0.164559375
31300,1.8143971875000002,0.377421875,0.45750624999999995,0.16507187500000003
31400,1.8152559375000001,0.3768218749999999,0.45648437499999994,0.16669375
31500,1.8160803125000002,0.37644374999999997,0.4555906249999999,0.167965625
31600,1.8160865625000007,0.3761468750000001,0.45573749999999985,0.16811562499999996
31700,1.8176199999999996,0.376896875,0.4559625,0.167140625
31800,1.8200621874999998,0.37873749999999995,0.45503125000000016,0.16623124999999997
31900,1.8200409375000006,0.3792593750000001,0.45524687499999994,0.16549374999999997
32000,1.8192875000000002,0.3794093749999998,0.4560656249999999,0.16452499999999995
32100,1.8183121875,0.37881875,0.4567812499999998,0.1644000000000001
32200,1.8185515625000002,0.37913437500000013,0.45677812500000003,0.16408749999999994
32300,1.8196006249999996,0.3798468749999998,0.4562312500000002,0.16392187500000008
32400,1.8209203125,0.38112187500000005,0.4549,0.163978125
32500,1.8215540624999997,0.381121875,0.4542031250000001,0.164675
32600,1.8215503125,0.38023437499999996,0.45367187499999995,0.16609375000000004
32700,1.8213215625000003,0.38019375,0.45435312499999997,0.16545312499999992
32800,1.8210103124999995,0.3795562499999999,0.45459374999999996,0.16585000000000003
32900,1.8216249999999998,0.38023437500000007,0.45441249999999994,0.16535312499999996
33000,1.8215446875,0.379934375,0.4537406250000002,0.16632500000000006
33100,1.8207990625000003,0.3792593749999999,0.4545625,0.16617812499999998
33200,1.8195081250000003,0.37879375,0.456271875,0.16493437500000002
33300,1.8168703125,0.37829999999999986,0.45871249999999997,0.1629875
33400,1.8156109375,0.37841875000000014,0.46060624999999983,0.160975
33500,1.8146824999999998,0.37786875000000003,0.46150937499999994,0.160621875
33600,1.8130665624999998,0.37736875000000003,0.46349062499999993,0.15914062500000004
33700,1.810605,0.37668125000000013,0.46567187499999996,0.15764687499999994
33800,1.8085471874999999,0.37640937499999993,0.46765937500000015,0.15593125
33900,1.8060834375,0.37525000000000003,0.46898125000000007,0.15576875000000004
34000,1.8049537499999995,0.3748,0.469025,0.15617499999999998
34100,1.8040043749999999,0.37426562499999994,0.46913437500000005,0.1566
34200,1.8051631249999993,0.37469375,0.46732499999999993,0.15798125
34300,1.8068640625000005,0.3752562499999999,0.465746875,0.15899687499999993
34400,1.8087490624999998,0.3756375000000001,0.46366875,0.16069375000000005
34500,1.8106118750000002,0.37583125000000006,0.46185000000000004,0.16231875
34600,1.812240625,0.376384375,0.460925,0.16269062500000003
34700,1.8144653124999999,0.3769687499999999,0.45829687499999994,0.16473437499999993
34800,1.8147909374999993,0.37643124999999994,0.4575968749999998,0.16597187500000005
34900,1.8159506249999997,0.37738437499999994,0.4581906249999998,0.16442500000000004
35000,1.8162134374999996,0.3774312499999999,0.4586375,0.16393124999999997
35100,1.81691,0.37809062500000007,0.45762499999999984,0.16428437499999995
35200,1.81613875,0.377709375,0.4582656249999999,0.164025
35300,1.8139896875000001,0.37605312499999993,0.45870312500000004,0.16524374999999997
35400,1.8115668749999998,0.37518437499999985,0.45961875,0.16519687500000005
35500,1.8116778124999997,0.3744250000000001,0.45888125,0.16669375
35600,1.8115759374999998,0.37368437499999996,0.458196875,0.16811875
35700,1.8131862500000004,0.3740906249999999,0.4562218750000001,0.1696875000000001
35800,1.8142096875000004,0.374653125,0.455815625,0.16953125
35900,1.8156353125000004,0.3752750000000001,0.455246875,0.16947812499999995
36000,1.8173096875000003,0.37686875,0.4552906249999999,0.16784062499999997
36100,1.8171821874999994,0.37673437499999995,0.455253125,0.16801250000000004
36200,1.8167203124999998,0.37702499999999994,0.45604687499999996,0.166928125
36300,1.8161937499999992,0.3765375000000002,0.45609374999999985,0.16736874999999993
36400,1.8161284375000004,0.37612187500000005,0.45724062499999996,0.1666375
36500,1.8142349999999998,0.37546250000000003,0.458490625,0.16604687499999998
36600,1.8122434375,0.37382187499999997,0.4601499999999999,0.16602812499999997
36700,1.8104593749999995,0.37303437499999986,0.4605,0.16646562500000003
36800,1.8100706249999998,0.37276250000000005,0.46085000000000004,0.16638749999999997
36900,1.8110231249999995,0.373571875,0.45970625,0.16672187500000002
37000,1.8111190625000004,0.37326875000000004,0.45946875000000015,0.16726249999999998
37100,1.8106859375000002,0.37286562500000003,0.46052812499999984,0.16660624999999998
37200,1.8099428124999994,0.3726343749999999,0.4607625000000001,0.16660312499999996
37300,1.8100553125,0.37308437499999997,0.4609625000000001,0.16595312499999995
37400,1.8091049999999995,0.3725312499999999,0.46143125,0.16603749999999995
37500,1.8085143750000001,0.37303125000000015,0.4624656250000001,0.16450312499999994
37600,1.8079974999999995,0.3723625,0.4618625000000002,0.16577500000000003
37700,1.8084203125,0.3723531249999999,0.46114687499999996,0.16649999999999998
37800,1.8086790624999998,0.3729343750000001,0.461225,0.165840625
37900,1.8092121874999996,0.3734624999999999,0.46109687499999996,0.16544062499999998
38000,1.8071625,0.37259687500000005,0.46299062500000004,0.16441250000000004
38100,1.8048750000000007,0.371859375,0.4642406249999999,0.16390000000000002
38200,1.8044775000000002,0.3715031250000001,0.4646093750000001,0.1638875
38300,1.8016762499999996,0.36940312500000005,0.4668718749999999,0.16372500000000006
38400,1.7980096874999996,0.368009375,0.46842500000000004,0.16356562499999996
38500,1.7953425000000003,0.36723437499999995,0.47066562499999987,0.1621
38600,1.7955478125000004,0.3670499999999999,0.46981249999999997,0.16313749999999996
38700,1.7974537500000003,0.3677656250000001,0.4691343750000001,0.16309999999999997
38800,1.7995471875,0.36978749999999994,0.468428125,0.161784375
38900,1.80016,0.37068437499999984,0.4681187499999999,0.16119687500000002
39000,1.8001728124999998,0.37055625,0.46856875000000003,0.160875
39100,1.8006078125,0.370978125,0.46834687500000005,0.16067499999999993
39200,1.7993149999999998,0.37023749999999994,0.468778125,0.16098437500000004
39300,1.7978309375000001,0.369371875,0.4693968749999998,0.16123125
39400,1.7957556250000004,0.368321875,0.47073437500000015,0.16094375
39500,1.7955090625,0.36823437499999995,0.471296875,0.16046874999999997
39600,1.7959218750000003,0.368134375,0.47043437499999996,0.16143125000000003
39700,1.7976965624999999,0.36890624999999994,0.4679468750000001,0.163146875
39800,1.7997962499999995,0.3698250000000001,0.4658625000000001,0.16431249999999997
39900,1.8043893750000004,0.37121562499999994,0.46213750000000003,0.166646875
40000,1.8067296874999998,0.3717375000000001,0.460125,0.16813750000000008
40100,1.8089678125000004,0.37250625,0.45880624999999997,0.16868749999999996
40200,1.8105156249999994,0.3732968749999999,0.4589187500000001,0.16778437500000004
40300,1.8117387500000002,0.37460937499999986,0.45902187499999986,0.16636875
40400,1.8116125000000003,0.37537812500000006,0.4598031249999999,0.16481874999999999
40500,1.8115734375000005,0.3756999999999999,0.4602843750000001,0.164015625
40600,1.8113159375000003,0.37581562499999976,0.4602968750000001,0.16388750000000002
40700,1.8124721874999998,0.3765625,0.4590781250000001,0.164359375
40800,1.8140418750000005,0.37698749999999986,0.4576249999999998,0.16538750000000002
40900,1.8163103125,0.37812812500000004,0.4563656249999999,0.16550625
41000,1.8176681249999993,0.3789875000000001,0.455709375,0.16530312499999997
41100,1.8180896875,0.3793875000000001,0.45565937500000014,0.16495312499999995
41200,1.8188621875000008,0.37952812499999994,0.4551468749999999,0.16532499999999997
41300,1.8194812500000002,0.379121875,0.45464687499999995,0.1662312499999999
41400,1.8196828125000006,0.37940312499999995,0.455215625,0.16538124999999992
41500,1.820273125,0.3799374999999999,0.45460625000000005,0.16545624999999994
41600,1.8213509375000003,0.38048437500000004,0.45377500000000004,0.16574062499999995
41700,1.8223156249999999,0.3800656249999999,0.45299687499999985,0.1669375
41800,1.821790624999999,0.37959999999999994,0.452571875,0.167828125
41900,1.8203128125,0.378725,0.45380312500000003,0.16747187500000002
42000,1.8200668750000002,0.37809062499999985,0.45375625000000014,0.16815312499999996
42100,1.8193890625000004,0.37861249999999985,0.453871875,0.16751562499999995
42200,1.8205446875000006,0.379296875,0.45398124999999995,0.16672187500000002
42300,1.8206784374999996,0.37910625000000003,0.45418749999999997,0.16670624999999992
42400,1.8180353124999997,0.37794687499999996,0.45507500000000006,0.166978125
42500,1.8156562499999993,0.376465625,0.45727499999999993,0.166259375
42600,1.813585,0.37553749999999997,0.458409375,0.16605312499999997
42700,1.81282375,0.37497500000000006,0.45870937500000003,0.16631562500000002
42800,1.8119456249999994,0.3743906250000001,0.45924062500000007,0.16636875000000004
42900,1.8104168750000005,0.37366874999999994,0.46028750000000007,0.16604375
43000,1.8079446875,0.3725187500000001,0.46117499999999995,0.16630624999999996
43100,1.8094475,0.37266562499999994,0.459053125,0.16828125000000008
43200,1.8110843749999999,0.3737343750000001,0.45885937500000007,0.16740625
43300,1.8128587500000002,0.374521875,0.4575874999999999,0.16789062499999993
43400,1.8114378125000001,0.37431875000000003,0.4591093750000001,0.166571875
43500,1.8108031249999996,0.3738531250000001,0.45981874999999994,0.16632812499999997
43600,1.809996875,0.37444062500000014,0.46014375000000013,0.16541562500000004
43700,1.8113271874999999,0.374775,0.4594156249999998,0.16580937499999998
43800,1.8127250000000004,0.37525,0.45895000000000014,0.16579999999999992
43900,1.8116093749999997,0.37555000000000005,0.46069687499999995,0.16375312500000005
44000,1.81151375,0.37605,0.46130000000000015,0.16264999999999996
44100,1.8130196875000004,0.37692187500000024,0.46047499999999997,0.16260312500000004
44200,1.8140465624999997,0.37715312500000003,0.459859375,0.16298749999999998
44300,1.8147368750000001,0.3773843750000001,0.4592156250000001,0.16339999999999993
44400,1.8139546875000003,0.3775468749999999,0.46013750000000003,0.16231562500000007
44500,1.8150496875000004,0.3775281249999999,0.45904375,0.16342812499999998
44600,1.8158515624999996,0.37778750000000005,0.45839374999999993,0.16381874999999999
44700,1.8177725000000002,0.3781781249999999,0.45686249999999995,0.16495937499999996
44800,1.8188909374999997,0.3784187500000001,0.45722500000000005,0.16435624999999993
44900,1.8181490624999999,0.37859687500000017,0.4582406250000001,0.16316250000000004
45000,1.8177528125,0.37879999999999997,0.45810937500000004,0.16309062499999996
45100,1.816408125,0.3781593750000001,0.4594499999999999,0.16239062500000007
45200,1.8146784375000002,0.3779625,0.46110000000000007,0.16093750000000007
45300,1.8126428124999994,0.37755000000000005,0.4626312500000001,0.15981875000000004
45400,1.8108865625,0.37726562500000005,0.46501875,0.15771562500000003
45500,1.8096896875000001,0.37617187499999993,0.46511874999999997,0.15870937500000007
45600,1.8073640625000005,0.37536875,0.4660249999999999,0.15860625
45700,1.8053659375000002,0.3735468750000001,0.46699687500000003,0.15945624999999994
45800,1.8030740625000004,0.37229999999999996,0.46804374999999987,0.15965625000000003
45900,1.8022065625000008,0.3715968749999999,0.46821250000000014,0.160190625
46000,1.8016149999999997,0.3707281249999999,0.46754375000000004,0.16172812499999997
46100,1.8020406249999998,0.37033750000000004,0.46641250000000023,0.16325
46200,1.8002718750000002,0.3691937499999998,0.46743749999999984,0.16336874999999998
46300,1.7988778124999998,0.36799375,0.4679562500000001,0.16405000000000003
46400,1.7953259374999997,0.3658624999999999,0.4695906249999998,0.164546875
46500,1.794863125,0.3657218750000003,0.46934374999999984,0.16493437499999997
46600,1.7960718750000002,0.36568125,0.467803125,0.16651562499999997
46700,1.796556875,0.365984375,0.4674843750000001,0.16653124999999996
46800,1.7977053125,0.36705625,0.4672437500000002,0.1657
46900,1.7971809375,0.36699999999999994,0.4678937500000001,0.16510624999999993
47000,1.7963181250000002,0.3667406249999999,0.467965625,0.16529375
47100,1.7954178125000004,0.3663499999999999,0.4684687499999999,0.16518124999999997
47200,1.796379375,0.36567812499999985,0.46612187500000013,0.16820000000000004
47300,1.7979240624999997,0.36558749999999995,0.46446249999999994,0.16995000000000002
47400,1.79849375,0.36583125,0.46371562499999996,0.170453125
47500,1.800705625,0.3670125,0.4612937500000001,0.17169374999999998
47600,1.8015334374999998,0.36684374999999997,0.46019687499999995,0.17295937500000003
47700,1.8011587500000004,0.3666062499999999,0.4602406249999999,0.17315312499999996
47800,1.7997225000000001,0.3661812500000001,0.4616531249999999,0.17216562499999996
47900,1.7995312499999998,0.3663749999999999,0.46169062500000013,0.171934375
48000,1.8013096875000003,0.36674375000000026,0.4606343750000001,0.172621875
48100,1.8036365625,0.3682750000000001,0.45963437500000004,0.17209062500000002
48200,1.8045878125000003,0.3688875,0.46023125000000026,0.17088124999999996
48300,1.8040581250000007,0.368659375,0.46103437499999994,0.17030625000000002
48400,1.8042137500000002,0.36875312499999996,0.4623,0.16894687499999997
48500,1.80472,0.36916249999999995,0.46172187499999995,0.16911562500000005
48600,1.8042475,0.36927187499999997,0.46152187499999997,0.16920624999999997
48700,1.8035715624999997,0.3692062499999999,0.46258124999999994,0.16821250000000001
48800,1.801890625,0.3686437499999999,0.4656249999999998,0.16573124999999997
48900,1.7992449999999995,0.36740625,0.46712812499999995,0.16546562500000006
49000,1.7986284375,0.36709374999999994,0.46728437499999986,0.16562187500000003
49100,1.7967325,0.36632187499999996,0.46826875,0.16540937499999994
49200,1.7958946875000008,0.3666593750000001,0.46850937499999995,0.16483124999999998
49300,1.7949621875000001,0.365659375,0.468453125,0.16588750000000008
49400,1.7949915624999995,0.36504062499999995,0.4676750000000001,0.167284375
49500,1.7959381250000002,0.3659812500000001,0.466515625,0.16750312500000006
49600,1.7977484374999997,0.36695312500000005,0.46580937499999997,0.1672375
49700,1.7988512500000002,0.3678187499999999,0.46552812499999996,0.16665312500000004
49800,1.7989600000000001,0.3676750000000001,0.46539687500000004,0.166928125
49900,1.8005890625000003,0.367875,0.4637750000000002,0.16835000000000003
50000,1.8015909375,0.3683875,0.463171875,0.16844062500000004
50100,1.8022862499999999,0.36851562499999996,0.46205937500000005,0.169425
50200,1.8028381249999998,0.3695343750000001,0.462434375,0.16803125000000002
50300,1.8042059374999997,0.37051562499999996,0.46195625,0.16752812499999997
50400,1.8051671875,0.37130625,0.46231562500000006,0.16637812500000004
50500,1.8065084375,0.37245937500000004,0.462584375,0.16495625
50600,1.806698125,0.37284062500000004,0.46335312500000003,0.16380625000000007
50700,1.8046081249999992,0.37178125000000006,0.46447187500000003,0.1637468749999999
50800,1.8012109375,0.3701093749999999,0.46689062499999984,0.16299999999999995
50900,1.8000474999999998,0.36953749999999996,0.4674718750000001,0.16299062500000003
51000,1.7975209374999994,0.3682,0.46896875,0.16283125000000004
51100,1.7955271875,0.36698124999999987,0.4696562500000001,0.16336249999999997
51200,1.7946796874999997,0.36645,0.470165625,0.16338437499999997
51300,1.79284,0.365871875,0.47086249999999985,0.16326562500000003
51400,1.7935156249999997,0.36598125,0.47092187500000005,0.163096875
51500,1.7929590624999998,0.3661718750000001,0.4721999999999998,0.161628125
51600,1.7926621875,0.3663031250000001,0.47240625,0.161290625
51700,1.7915203124999997,0.36543749999999997,0.47270624999999994,0.16185625
51800,1.7887753125,0.36409375000000016,0.47476875,0.16113750000000002
51900,1.7868750000000004,0.36341562499999996,0.476103125,0.16048125000000005
52000,1.7861025,0.36250000000000004,0.4753750000000001,0.1621249999999999
52100,1.7861918749999994,0.3629468750000001,0.47601250000000006,0.161040625
52200,1.7861918749999994,0.36270312500000007,0.47504062500000016,0.16225625000000002
52300,1.7868737500000003,0.36407187499999993,0.47370937499999993,0.16221875
52400,1.788685,0.3641937500000002,0.47232812499999993,0.16347812499999995
52500,1.7909934375000003,0.36531875,0.47034687499999994,0.16433437499999998
52600,1.7917074999999996,0.3654531249999998,0.4700718749999999,0.16447499999999995
52700,1.7931315624999997,0.3654937499999999,0.4684593749999998,0.16604687499999998
52800,1.7964193749999997,0.3668781249999999,0.466028125,0.16709374999999999
52900,1.7979668749999995,0.3672250000000001,0.46471874999999996,0.16805625
