step,mean_aspect_ratio,fraction_elongated,fraction_round,fraction_binary
100,1.0,0.0,1.0,0.0
200,1.1876365624999998,0.014581249999999997,0.558178125,0.42724062500000004
300,1.2166375000000005,0.03189999999999999,0.5597875000000001,0.40831249999999986
400,1.2399393749999998,0.04768437500000002,0.5672874999999998,0.38502812499999994
500,1.2611621875000003,0.062571875,0.5813812500000001,0.35604687500000026
600,1.2822296875,0.076596875,0.5962531249999999,0.32715
700,1.3028453124999995,0.09108125,0.6103062499999998,0.29861249999999995
800,1.3225125000000004,0.10466874999999996,0.6210093749999999,0.27432187499999994
900,1.3416812499999995,0.117403125,0.6287656250000001,0.25383125
1000,1.3590359374999996,0.128578125,0.6331562500000002,0.23826562500000004
1100,1.3774325,0.13943125,0.6347499999999999,0.22581874999999996
1200,1.3959118750000001,0.15047187499999998,0.6331156249999998,0.21641250000000004
1300,1.4134399999999991,0.16040624999999997,0.6302249999999996,0.20936874999999996
1400,1.4305818750000001,0.17021562499999995,0.627696875,0.2020875
1500,1.4460756250000002,0.17946562499999993,0.624475,0.19605937499999995
1600,1.46033625,0.187909375,0.6203625000000001,0.19172812500000005
1700,1.4744199999999994,0.19536250000000008,0.6157750000000001,0.18886249999999993
1800,1.4868193750000003,0.2024375,0.612609375,0.184953125
1900,1.4991565624999996,0.21017500000000006,0.6091187499999999,0.18070625
2000,1.5099228125000002,0.21606875000000003,0.6043249999999998,0.17960625
2100,1.5206846875000002,0.222353125,0.5993156250000001,0.17833125
2200,1.5300365624999999,0.22723437500000002,0.5962843749999999,0.17648124999999998
2300,1.5392290625,0.23235625,0.5925656250000001,0.17507812499999997
2400,1.547306875,0.23700937500000005,0.5897781249999999,0.1732125
2500,1.5555818750000001,0.24135937500000001,0.586284375,0.1723562499999999
2600,1.5649018750000003,0.24551875000000004,0.580990625,0.17349062499999998
2700,1.57397625,0.24997499999999997,0.576428125,0.17359687500000004
2800,1.5821750000000003,0.2541,0.5710281250000001,0.17487187500000004
2900,1.5899334374999998,0.25810937500000003,0.567484375,0.17440625
3000,1.597008125,0.26201875,0.564428125,0.173553125
3100,1.6015731249999998,0.26492499999999997,0.5620687500000001,0.17300624999999997
3200,1.60831375,0.2681437499999999,0.5586843749999999,0.173171875
3300,1.6140746875000003,0.2710468750000001,0.556178125,0.17277500000000004
3400,1.6179434375000001,0.2734125,0.554203125,0.17238437500000003
3500,1.6234140624999998,0.27629687500000005,0.5522468749999999,0.17145625000000003
3600,1.6271468749999995,0.27867187500000007,0.5506374999999998,0.17069062500000004
3700,1.6317840625,0.280765625,0.5482812499999999,0.1709531250000001
3800,1.6358721875,0.282671875,0.5460125,0.17131562500000003
3900,1.64136875,0.2858593749999998,0.5432999999999999,0.170840625
4000,1.6454181250000002,0.2883749999999999,0.5424812499999999,0.16914375000000004
4100,1.6492809375,0.29105625,0.5409406250000001,0.16800312499999998
4200,1.6522118750000006,0.292296875,0.539109375,0.16859375
4300,1.6558240625,0.29443125000000003,0.5371437499999999,0.168425
4400,1.659285,0.29635937500000004,0.53609375,0.167546875
4500,1.6627946874999997,0.2978093750000001,0.5328843750000001,0.16930625
4600,1.6653721875,0.29920624999999995,0.5320531249999999,0.16874062499999998
4700,1.6671653124999999,0.300271875,0.5299093750000001,0.16981875000000002
4800,1.6696340625000006,0.3017625,0.52889375,0.16934375
4900,1.6733553125,0.30313124999999996,0.526734375,0.170134375
5000,1.6778624999999996,0.3056625,0.525215625,0.169121875
5100,1.6842959375,0.30865625,0.5219812500000001,0.16936250000000003
5200,1.6883703125,0.310915625,0.519675,0.169409375
5300,1.69296375,0.3133499999999999,0.5156999999999998,0.17094999999999996
5400,1.6960631250000002,0.31490312499999995,0.5144781250000001,0.17061874999999999
5500,1.6996925000000005,0.31711874999999984,0.5122906250000001,0.170590625
5600,1.7050725000000002,0.31913750000000013,0.5080687500000001,0.17279375
5700,1.708740625,0.3213750000000001,0.50695,0.17167499999999997
5800,1.7128809375000003,0.323721875,0.5058250000000001,0.17045312499999996
5900,1.716248125,0.3258281250000001,0.504678125,0.16949374999999997
6000,1.7201856250000005,0.32804374999999997,0.5019218749999997,0.170034375
6100,1.7234531249999996,0.3294687499999999,0.5010937500000001,0.16943749999999996
6200,1.725009375,0.330996875,0.5019781250000003,0.167025
6300,1.72738375,0.33167499999999994,0.49998437500000015,0.168340625
6400,1.7287631249999995,0.33229375000000005,0.4987843749999999,0.16892187499999997
6500,1.7296859375000002,0.33226249999999996,0.4970125000000001,0.17072499999999996
6600,1.7312015624999997,0.333165625,0.497678125,0.16915624999999998
6700,1.7322184374999994,0.3341124999999999,0.49752499999999983,0.16836249999999997
6800,1.7339256250000001,0.33551562499999993,0.49646874999999996,0.16801562500000009
6900,1.7346671874999995,0.3361593750000001,0.495759375,0.16808125000000002
7000,1.734381875,0.3365093750000001,0.4971937500000001,0.16629687500000004
7100,1.7347859374999999,0.33666875000000007,0.49730624999999995,0.16602499999999995
7200,1.7349787500000005,0.33644374999999993,0.4965156249999999,0.167040625
7300,1.7374856250000006,0.3380343750000002,0.49571562500000005,0.16624999999999998
7400,1.7403837500000001,0.33931562500000007,0.49392500000000017,0.16675937499999993
7500,1.7415031249999997,0.34018125000000005,0.4944625000000001,0.16535624999999998
7600,1.7425987499999995,0.34136249999999996,0.4942562500000001,0.16438124999999998
7700,1.7421090625,0.3413749999999999,0.4951625,0.1634625
7800,1.74211125,0.3413562499999999,0.4948999999999999,0.1637437499999999
7900,1.7436406250000003,0.34180625000000003,0.494334375,0.16385937499999997
8000,1.7444599999999997,0.34293749999999995,0.4936812500000001,0.16338125
8100,1.7448990624999998,0.34338750000000007,0.49371562500000005,0.16289687499999997
8200,1.7465940625,0.3441468750000001,0.492753125,0.1631
8300,1.7498315625,0.34532187500000006,0.4899875000000002,0.16469062499999992
8400,1.7526896874999995,0.34665625000000005,0.4883249999999998,0.16501875000000002
8500,1.7552228125000002,0.34789687500000005,0.4865750000000001,0.16552812500000003
8600,1.7573621874999996,0.34928124999999993,0.486259375,0.16445937500000005
8700,1.7601046875000004,0.35041249999999996,0.4844093749999999,0.16517812499999998
8800,1.7614046874999998,0.35100937500000007,0.4844531250000001,0.16453749999999998
8900,1.7624918750000003,0.35158125,0.482709375,0.165709375
9000,1.7636284374999998,0.3515250000000001,0.4832437499999998,0.16523125
9100,1.7639540624999996,0.35197187499999993,0.48441562500000007,0.1636125
9200,1.7655240625000002,0.35336249999999986,0.48307500000000003,0.16356249999999997
9300,1.7650031250000002,0.3530249999999999,0.4843375000000002,0.16263750000000002
9400,1.7643475000000002,0.35360625000000007,0.48439374999999996,0.16199999999999992
9500,1.7642928125000006,0.35314375000000003,0.4843374999999999,0.16251874999999996
9600,1.7645478124999996,0.353778125,0.48361874999999993,0.16260312500000004
9700,1.7665581249999995,0.354990625,0.482715625,0.16229375
9800,1.7693046875,0.35557187500000004,0.4809531249999999,0.16347499999999998
9900,1.7699640625,0.35589375,0.4808531249999998,0.16325312499999997
10000,1.7689934375000005,0.35535624999999993,0.4810124999999999,0.16363124999999998
10100,1.7698549999999997,0.35627187500000007,0.481084375,0.16264375
10200,1.7719103125,0.35769374999999987,0.48083125,0.16147499999999998
10300,1.774230625,0.35890625000000004,0.47951874999999994,0.161575
10400,1.7764646875000003,0.3601,0.479178125,0.16072187500000001
10500,1.7774028125000003,0.36084374999999996,0.4795906250000001,0.15956562499999996
10600,1.7791078125000002,0.36119999999999985,0.47782499999999983,0.16097500000000003
10700,1.7800624999999999,0.3615781249999999,0.47666874999999975,0.161753125
10800,1.7809384375000001,0.3621968749999999,0.4761906250000001,0.16161250000000005
10900,1.7804296875,0.36189999999999994,0.47587500000000005,0.16222500000000004
11000,1.7828303124999996,0.3621000000000001,0.47426875,0.16363125000000003
11100,1.785639375,0.3640749999999999,0.4725343749999999,0.16339062499999998
11200,1.7888712500000001,0.36584062500000003,0.47048750000000006,0.16367187499999997
11300,1.7910953124999995,0.3667999999999998,0.46903749999999994,0.16416250000000004
11400,1.793755625,0.3675812499999999,0.46730625,0.16511250000000002
11500,1.7954399999999986,0.3685593750000001,0.466221875,0.16521875
11600,1.7962165625,0.3687656250000001,0.4655187499999999,0.16571562500000003
11700,1.7995346875000002,0.36973437500000006,0.4620125,0.16825312500000003
11800,1.8028506249999998,0.37107500000000015,0.460559375,0.16836562500000005
11900,1.8048562499999996,0.37176875,0.458746875,0.169484375
12000,1.8065915624999997,0.3720968749999999,0.4570874999999999,0.17081562500000003
12100,1.8081343750000003,0.37295625000000004,0.4568749999999998,0.17016874999999998
12200,1.8093334374999996,0.37382812499999996,0.4564625,0.169709375
12300,1.8095615624999997,0.3734749999999999,0.45640937499999995,0.17011562500000008
12400,1.8111131250000003,0.3748656250000001,0.456009375,0.16912499999999994
12500,1.8116387500000004,0.374771875,0.4554687499999999,0.16975937500000005
12600,1.8137456249999995,0.3756124999999999,0.4540250000000001,0.17036249999999997
12700,1.8153546874999995,0.376365625,0.45264687499999995,0.17098749999999996
12800,1.8170950000000003,0.37729062499999994,0.45213437500000003,0.17057499999999995
12900,1.8192284375000005,0.3784281250000001,0.44985624999999996,0.17171562500000004
13000,1.82121875,0.37914062499999995,0.44863437500000014,0.17222500000000004
13100,1.8239043750000004,0.3803874999999999,0.44741875,0.17219375
13200,1.8253278125000005,0.38182812500000013,0.4473156249999999,0.17085625000000002
13300,1.8245253125,0.3817156250000001,0.44840312499999996,0.16988125
13400,1.825635625,0.381890625,0.4466187499999998,0.17149062499999998
13500,1.8258825,0.3814875,0.44692500000000007,0.17158750000000003
13600,1.8272459374999994,0.38201562499999997,0.44594062499999987,0.17204375000000002
13700,1.8286365625000003,0.38288437500000005,0.4458843750000001,0.17123124999999995
13800,1.8300971875,0.3833781249999999,0.4446062499999999,0.17201562500000003
13900,1.8295359374999998,0.3832531250000001,0.4456468749999999,0.17109999999999995
14000,1.8298621874999998,0.38390937499999994,0.44545625,0.17063437499999995
14100,1.8297181249999999,0.38343124999999995,0.4456625000000001,0.17090624999999998
14200,1.8295615625000001,0.3831937499999999,0.4460156250000001,0.17079062499999997
14300,1.8295415625000007,0.3829218750000002,0.44586562499999977,0.1712125000000001
14400,1.8311831249999997,0.38371562499999995,0.44400625000000005,0.17227812500000003
14500,1.8317809375000005,0.38449062500000003,0.44374999999999987,0.171759375
14600,1.8328884374999992,0.38482812499999997,0.443175,0.17199687499999994
14700,1.8317481249999998,0.3841312500000001,0.44489375,0.17097500000000004
14800,1.8282759375000002,0.38368125000000003,0.44850624999999994,0.1678125
14900,1.8272021875,0.383284375,0.4484593750000001,0.16825624999999997
15000,1.8237881250000003,0.38101562499999997,0.44978749999999995,0.16919687500000005
15100,1.8202768749999994,0.3788000000000001,0.4519031249999999,0.16929687500000004
15200,1.8182709375000004,0.37815937499999996,0.45291249999999994,0.16892812499999996
15300,1.819249375,0.3784968750000001,0.45230312499999986,0.16920000000000004
15400,1.8190521875000003,0.3791375,0.45324062500000006,0.16762187499999998
15500,1.8169706249999995,0.378490625,0.4566093749999998,0.1649
15600,1.8135765625000004,0.37766562499999995,0.4587625,0.163571875
15700,1.8098765625000002,0.3756625,0.46064687500000023,0.163690625
15800,1.8078378124999999,0.374065625,0.46082500000000004,0.16510937500000003
15900,1.8055568750000002,0.37253749999999997,0.4625999999999999,0.1648625
16000,1.8029478124999991,0.37155937499999997,0.46356250000000004,0.16487812499999993
16100,1.8016056249999997,0.37066249999999995,0.4637124999999999,0.165625
16200,1.8036046875000005,0.37185625,0.46244999999999997,0.16569374999999995
16300,1.8040762499999998,0.3719937499999999,0.462434375,0.16557187499999998
16400,1.8055915625,0.37281875,0.46059999999999995,0.16658125000000004
16500,1.8088215625000004,0.37393125,0.4583968749999999,0.16767187500000003
16600,1.8080853125,0.3739437499999999,0.459396875,0.16665937500000003
16700,1.8075249999999996,0.37311562499999995,0.460059375,0.166825
16800,1.8081937500000007,0.3735687499999998,0.45950312500000007,0.16692812499999998
16900,1.8082121874999995,0.37361249999999996,0.4580968750000002,0.16829062500000008
17000,1.8089521874999999,0.37406562499999996,0.4583531249999999,0.16758125000000007
17100,1.809144687500001,0.37386562500000003,0.45876874999999995,0.16736562499999996
17200,1.8076034375000005,0.3736281250000001,0.45988124999999996,0.16649062499999995
17300,1.8071706250000004,0.37363437499999996,0.460559375,0.16580625
17400,1.8081053125000002,0.37423749999999995,0.46034687499999993,0.165415625
17500,1.8080749999999997,0.37466562499999995,0.46120625000000004,0.16412812499999999
17600,1.8092931249999997,0.3746093750000001,0.46075937500000014,0.16463125000000003
17700,1.8090637499999995,0.37520312500000014,0.46028749999999996,0.16450937499999993
17800,1.8096712499999996,0.37489999999999996,0.45843124999999996,0.16666875000000003
17900,1.8118728125000003,0.37553749999999997,0.4562062500000001,0.16825625000000002
18000,1.81508125,0.37671562500000005,0.45386250000000017,0.16942187499999997
18100,1.8178162500000001,0.3778281249999999,0.45269999999999994,0.16947187499999997
18200,1.8205265625000002,0.3794125,0.45109374999999996,0.16949375
18300,1.8237384375000008,0.3816843750000001,0.44999374999999997,0.168321875
18400,1.8271099999999993,0.3840437499999999,0.44762500000000005,0.16833125000000002
18500,1.8277843749999998,0.384934375,0.4477625,0.167303125
18600,1.8281443750000002,0.384771875,0.448803125,0.16642500000000002
18700,1.8291021875,0.38600937499999993,0.448971875,0.16501875
18800,1.8302834374999997,0.386515625,0.44957187499999995,0.16391249999999996
18900,1.8317796874999999,0.38737812499999985,0.448684375,0.16393749999999996
19000,1.8319837499999994,0.38783437499999984,0.44862187499999995,0.16354375000000004
19100,1.832718437499999,0.3878781249999999,0.44681562500000005,0.16530625
19200,1.8336096875000003,0.3883875,0.44703750000000014,0.164575
19300,1.8354784374999995,0.3892156250000001,0.4461593749999998,0.16462500000000002
19400,1.8360106250000006,0.389115625,0.44529062499999994,0.16559374999999993
19500,1.836215625,0.38855,0.44530937499999995,0.16614062500000001
19600,1.8357012499999998,0.38834062500000005,0.4460750000000002,0.16558437499999998
19700,1.8349993749999995,0.38806562500000025,0.44688125000000006,0.16505312500000005
19800,1.8349637499999998,0.38816875,0.4475812500000001,0.16424999999999992
19900,1.8344637499999998,0.3882093749999999,0.4480156249999999,0.16377499999999998
20000,1.83366875,0.38798125000000006,0.4486937499999999,0.16332499999999997
20100,1.8343771875000003,0.3879249999999999,0.44748437500000016,0.16459062500000002
20200,1.8352184374999996,0.38762499999999994,0.4468593750000001,0.16551562499999994
20300,1.8365234375,0.38791875,0.4451062500000001,0.16697499999999993
20400,1.8348278125000004,0.3874937499999999,0.4453531249999999,0.1671531249999999
20500,1.8336065625,0.38661875,0.4464843750000001,0.16689687500000003
20600,1.8322671874999998,0.38622187499999994,0.4474562500000001,0.166321875
20700,1.8320418750000003,0.38636562500000005,0.44771875,0.165915625
20800,1.8326028124999996,0.38675,0.44834687499999987,0.16490312499999998
20900,1.8331059374999996,0.38690625,0.4471125000000001,0.16598125000000002
21000,1.8335628125,0.3872437500000001,0.44748750000000004,0.16526875000000002
21100,1.8331715624999996,0.38731875000000004,0.4478187499999998,0.1648625
21200,1.8314293749999995,0.3863406250000002,0.4487718750000001,0.16488750000000002
21300,1.8310153125000006,0.38616874999999995,0.44915312500000004,0.16467812500000004
21400,1.8310096874999997,0.3860343749999998,0.44913125000000004,0.16483437499999992
21500,1.8309524999999998,0.38581875000000004,0.44841562500000004,0.16576562499999994
21600,1.8321178124999995,0.3853281249999998,0.4470031249999999,0.16766874999999995
21700,1.8330112500000004,0.38577187500000004,0.4456968749999999,0.16853125
21800,1.8332393750000002,0.38579062499999994,0.4455468750000002,0.16866249999999997
21900,1.8329390625,0.38624062499999995,0.4466437500000002,0.16711562500000005
22000,1.8317587499999999,0.3853375,0.44755625,0.16710624999999998
22100,1.8288403125000008,0.38433125,0.4493406249999999,0.16632812500000002
22200,1.8271040625000006,0.383734375,0.45040937500000006,0.16585624999999998
22300,1.8277315624999997,0.3838625,0.44968749999999985,0.16645000000000004
22400,1.8291034374999995,0.3839156249999999,0.4487749999999999,0.16730937499999998
22500,1.8307240625000003,0.38458750000000014,0.4472812500000002,0.16813125
22600,1.8336824999999992,0.385140625,0.44554374999999996,0.16931562500000003
22700,1.8340009375000002,0.38553750000000003,0.44518750000000007,0.169275
22800,1.8350574999999998,0.38636249999999994,0.444796875,0.168840625
22900,1.8348506250000007,0.3869124999999999,0.44548125000000005,0.16760624999999998
23000,1.8330518749999996,0.38561249999999997,0.445571875,0.16881562500000002
23100,1.8312621875000001,0.3847750000000002,0.4463968750000001,0.168828125
23200,1.8293503125000008,0.38360937500000003,0.44707499999999994,0.16931562500000003
23300,1.8284884375000001,0.3828031249999999,0.44681562500000005,0.17038125
23400,1.8274268750000002,0.38201875,0.44772187500000005,0.17025937500000002
23500,1.8275709375000007,0.38205312500000016,0.44720312500000026,0.17074374999999997
23600,1.8292509375000001,0.382765625,0.44583750000000005,0.17139687499999995
23700,1.8305750000000005,0.384146875,0.44581562500000027,0.17003750000000006
23800,1.8336953124999997,0.3855281249999998,0.44376562499999994,0.17070624999999992
23900,1.8342518749999999,0.38574375,0.44389687500000014,0.17035937500000006
24000,1.834983125,0.38661875,0.4427937499999999,0.1705875
24100,1.8342956250000002,0.386396875,0.4434968749999999,0.17010624999999996
24200,1.8357037499999995,0.38610625000000004,0.441790625,0.17210312500000005
24300,1.8385015625000003,0.38731250000000006,0.4401625000000002,0.17252500000000007
24400,1.8398121874999998,0.38818749999999996,0.43989062500000004,0.171921875
24500,1.83989625,0.388825,0.4400750000000001,0.17110000000000003
24600,1.8418459375000007,0.39095625,0.43958125000000003,0.16946249999999996
24700,1.8406003125,0.3907968749999999,0.4413093749999999,0.16789375000000004
24800,1.8388240625000007,0.389246875,0.44297187500000007,0.16778125000000005
24900,1.8368831249999997,0.3881593750000001,0.443928125,0.16791249999999994
25000,1.8374453124999999,0.38833125,0.4438937499999997,0.16777499999999998
25100,1.8396162499999997,0.38982500000000025,0.44216875000000005,0.16800625000000005
25200,1.8397378124999995,0.38895312499999984,0.4415499999999999,0.16949687499999994
25300,1.8404521875000004,0.3902593750000001,0.44145624999999983,0.16828437499999996
25400,1.8397396874999998,0.389046875,0.44174375000000005,0.16920937500000002
25500,1.8397474999999996,0.38903124999999994,0.44223125,0.16873750000000004
25600,1.8378784374999997,0.3880875,0.4437687499999998,0.16814374999999998
25700,1.8360099999999997,0.38712500000000005,0.4448875,0.16798749999999998
25800,1.8352953124999998,0.387071875,0.44488124999999995,0.16804687499999998
25900,1.8363334375000002,0.38753750000000003,0.443728125,0.168734375
26000,1.838569375,0.38835000000000003,0.44287499999999974,0.16877500000000004
26100,1.838743125,0.3891031250000001,0.44358749999999997,0.1673093749999999
26200,1.8410787500000005,0.38984687500000015,0.44167187499999994,0.16848125000000005
26300,1.8423596875000001,0.39003124999999994,0.44056875000000006,0.16939999999999997
26400,1.8439418750000003,0.39157812499999994,0.44125312499999997,0.16716875
26500,1.8452781249999997,0.3927218750000001,0.439640625,0.1676375
26600,1.8457731249999993,0.393465625,0.440065625,0.16646875000000003
26700,1.8465759375,0.39401875,0.4392625,0.16671875000000003
26800,1.8454412500000004,0.3929656250000001,0.43943125,0.1676031250000001
26900,1.8428806249999996,0.39137187500000015,0.44040000000000007,0.168228125
27000,1.8419162500000006,0.39025624999999997,0.4408750000000001,0.16886874999999996
27100,1.8413150000000007,0.3904500000000001,0.441453125,0.16809687500000003
27200,1.8407034375000004,0.3895375000000002,0.44080624999999984,0.16965624999999998
27300,1.8410418749999997,0.38974374999999994,0.44144375000000013,0.16881250000000006
27400,1.8418065625000004,0.3901468750000001,0.4403968749999999,0.16945625000000009
27500,1.8416290625,0.39000937500000005,0.4410875000000001,0.16890312500000004
27600,1.8425093749999994,0.3906218749999999,0.4413968749999999,0.16798125000000003
27700,1.842621875,0.3903999999999999,0.4410687499999999,0.16853125000000002
27800,1.8431318749999999,0.39053437499999993,0.43944999999999995,0.17001562500000006
27900,1.8446212500000003,0.39122812500000004,0.43880624999999995,0.16996562499999993
28000,1.8456178124999993,0.3914218750000002,0.43849999999999995,0.17007812500000002
28100,1.8453621875,0.3919687499999999,0.4392843749999999,0.16874687500000005
28200,1.8447296875000003,0.3912937499999999,0.4391125,0.16959374999999996
28300,1.8466209374999996,0.39131562500000006,0.43675624999999996,0.17192812500000004
28400,1.8481625000000004,0.39216874999999995,0.4363843750000001,0.17144687499999994
28500,1.8500287499999999,0.3927562499999999,0.43498125000000015,0.1722625
28600,1.8501781249999996,0.39369062499999985,0.43541874999999997,0.170890625
28700,1.8489918750000005,0.3931031250000001,0.4363281249999999,0.17056875
28800,1.8474237500000001,0.39214687500000006,0.43634062500000004,0.17151249999999998
28900,1.8456821874999996,0.39035937500000006,0.4378875000000001,0.17175312500000003
29000,1.8441249999999998,0.3900187500000001,0.4393531250000002,0.17062812500000002
29100,1.8408956250000001,0.3888250000000001,0.441715625,0.169459375
29200,1.8387568749999996,0.38782499999999986,0.442765625,0.16940937499999995
29300,1.8372965625,0.3867718749999999,0.44282499999999986,0.17040312500000004
29400,1.8359034375,0.38665312500000004,0.4432062500000001,0.17014062500000002
29500,1.8360400000000008,0.3866374999999999,0.4437562500000001,0.1696062499999999
29600,1.8344356250000007,0.3866812499999999,0.44548125,0.1678375
29700,1.8331537499999997,0.386271875,0.44726875,0.16645937500000002
29800,1.832141875,0.3858531249999999,0.4478687499999999,0.166278125
29900,1.8308746874999995,0.38478437499999996,0.44828750000000006,0.16692812499999998
30000,1.8306046874999997,0.38473749999999995,0.44779687500000004,0.167465625
30100,1.8311306250000003,0.38534062500000005,0.4474625,0.167196875
30200,1.8319756249999997,0.38665312499999993,0.4475687499999999,0.165778125
30300,1.8320556249999997,0.3856031249999999,0.44735,0.16704687499999998
30400,1.8312234374999998,0.3856625,0.44748750000000004,0.16685
30500,1.8301193750000002,0.38478437499999996,0.447634375,0.16758125
30600,1.8283221875000002,0.38415000000000005,0.448365625,0.16748437500000002
30700,1.827075625,0.38381875000000004,0.4498781250000001,0.16630312499999989
30800,1.8250809375000003,0.382759375,0.45142187500000025,0.16581875000000007
30900,1.8240234374999995,0.38187187499999997,0.451509375,0.16661874999999998
31000,1.8251124999999997,0.38264062500000007,0.4497281250000001,0.16763124999999993
31100,1.8275965625000001,0.38406562499999986,0.4483937500000001,0.16754062500000003
31200,1.8256306249999996,0.38334999999999997,0.45076562499999995,0.16588437499999997
31300,1.8251268750000003,0.3825781250000002,0.451146875,0.166275
31400,1.8258415624999995,0.3832531249999999,0.4504218750000002,0.16632500000000003
31500,1.8264015624999994,0.38320937499999996,0.4491875000000001,0.1676031249999999
31600,1.8265037499999999,0.38257499999999994,0.44896562500000015,0.16845937500000002
31700,1.8255296875000002,0.3824187500000001,0.449990625,0.16759062500000002
31800,1.8248524999999993,0.38233437500000017,0.4508406250000001,0.16682499999999995
31900,1.8254553124999995,0.38328125,0.4509500000000001,0.16576875
32000,1.8272450000000007,0.3838968750000001,0.4506781249999999,0.16542500000000007
32100,1.8289315625,0.3849156250000001,0.44975312500000003,0.16533124999999996
32200,1.8289496874999993,0.385253125,0.44976250000000007,0.16498437499999996
32300,1.8303734375,0.3853875000000001,0.44964374999999995,0.16496874999999991
32400,1.8291337500000002,0.3850374999999999,0.45061875,0.16434374999999998
32500,1.8289921875000001,0.385434375,0.4507406250000002,0.16382499999999994
32600,1.8309268749999998,0.3865000000000001,0.449515625,0.16398437500000007
32700,1.8325740625000002,0.38715000000000016,0.44708124999999993,0.16576875
32800,1.8341750000000006,0.38785,0.4449812500000002,0.16716875
32900,1.8344806249999996,0.38775625,0.4455187500000001,0.166725
33000,1.8359934375000007,0.38850625,0.44406875,0.167425
33100,1.8358962499999998,0.38842500000000013,0.444146875,0.1674281250000001
33200,1.8355140625000006,0.38828437500000007,0.4445874999999999,0.167128125
33300,1.8354581249999995,0.38806562499999997,0.44447500000000006,0.16745937499999997
33400,1.8338649999999999,0.38761562499999996,0.4460781249999999,0.16630625
33500,1.8346465625000006,0.38751874999999997,0.443315625,0.16916562500000001
33600,1.8351703124999996,0.38691875,0.4427218750000001,0.17035937500000004
33700,1.8354018749999996,0.387009375,0.4431625,0.16982812500000002
33800,1.8371537499999995,0.38721562500000006,0.441203125,0.17158125000000005
33900,1.8378256250000002,0.38761249999999997,0.4415343750000001,0.17085312499999997
34000,1.836695625,0.38824062500000006,0.44345,0.168309375
34100,1.8347212500000003,0.38799687499999996,0.44459062500000013,0.16741249999999994
34200,1.834389375,0.38838749999999994,0.44556875000000007,0.16604375000000002
34300,1.8335353124999991,0.3871625000000001,0.445615625,0.167221875
34400,1.8332915625,0.3873031250000001,0.4465343750000002,0.1661625
34500,1.8336643749999995,0.38682187500000004,0.4457218749999999,0.16745625
34600,1.8336881250000001,0.386875,0.44539375,0.16773125000000003
34700,1.833308125,0.386671875,0.4456968749999998,0.16763124999999998
34800,1.8322681250000001,0.38718437499999997,0.44679375,0.16602187499999996
34900,1.8339603124999997,0.38749374999999997,0.44527500000000003,0.16723124999999994
35000,1.8342146875000003,0.3879875,0.4456031250000001,0.166409375
35100,1.8336287499999997,0.38704999999999995,0.44547187499999996,0.16747812499999998
35200,1.8329853125000004,0.38649062500000014,0.44616875,0.16734062500000008
35300,1.8312915625000006,0.38643437499999994,0.44761249999999986,0.165953125
35400,1.8297418750000003,0.38532187500000004,0.448234375,0.16644375
35500,1.8294396875000005,0.384746875,0.44870312500000015,0.16654999999999998
35600,1.8276328125000008,0.3846593749999999,0.45096874999999975,0.164371875
35700,1.8271203124999993,0.38488750000000016,0.4521781250000001,0.16293437500000002
35800,1.8273506250000002,0.3849125,0.451825,0.16326249999999995
35900,1.8258790624999996,0.38477499999999987,0.45395,0.16127499999999992
36000,1.8259265624999999,0.384403125,0.4534718750000001,0.16212499999999996
36100,1.8243849999999997,0.3838375,0.453996875,0.16216562499999998
36200,1.8247881249999995,0.38445937499999994,0.4536125,0.161928125
36300,1.8258375000000002,0.38471875000000005,0.45288437499999984,0.16239687500000005
36400,1.8257765624999995,0.38454999999999995,0.45329687500000004,0.16215312499999993
36500,1.8251953125000002,0.38376875000000005,0.45293437500000006,0.16329687499999998
36600,1.8241281250000005,0.38332499999999997,0.45413437499999987,0.162540625
36700,1.8240243750000003,0.3837187499999999,0.4548906249999999,0.16139062500000004
36800,1.8259312499999998,0.38447187500000013,0.4539125000000001,0.16161562499999998
36900,1.8252974999999994,0.38425312500000003,0.45372187499999994,0.16202499999999995
37000,1.8263649999999998,0.38461874999999995,0.45255,0.16283125
37100,1.8282568750000001,0.38555,0.4515906249999999,0.16285937499999997
37200,1.8300868749999994,0.38549999999999984,0.44875937500000024,0.16574062499999992
37300,1.8328440625,0.38670625000000014,0.44686250000000005,0.16643124999999998
37400,1.834815625,0.38760625000000004,0.44451875,0.16787499999999997
37500,1.83837125,0.389534375,0.442546875,0.16791875
37600,1.8419034374999999,0.39089062500000005,0.44051874999999996,0.16859062499999997
37700,1.8442115625000004,0.3918562499999999,0.4392750000000001,0.16886874999999996
37800,1.8468118750000002,0.3927906249999999,0.4378093750000001,0.16939999999999997
37900,1.849298749999999,0.394075,0.437125,0.16879999999999998
38000,1.8496453125000003,0.39459374999999997,0.43630312499999996,0.16910312500000005
38100,1.8500806249999995,0.39504374999999986,0.4355062500000001,0.16944999999999996
38200,1.8501962500000002,0.39542500000000014,0.43595937500000004,0.168615625
38300,1.85121,0.39559687499999996,0.433815625,0.1705875
38400,1.8520375000000002,0.3958875,0.4331281249999999,0.17098437499999997
38500,1.8527943750000002,0.3955187499999998,0.4329875000000001,0.17149374999999997
38600,1.8538399999999997,0.396328125,0.43210312500000014,0.17156874999999996
38700,1.8544965625,0.3968343750000001,0.43235937500000016,0.17080625000000005
38800,1.8567237500000002,0.39760000000000006,0.43038124999999994,0.17201875
38900,1.8577668750000003,0.39799062499999993,0.4305374999999999,0.171471875
39000,1.8570662500000001,0.39855937500000016,0.4322343749999999,0.16920625
39100,1.858643125,0.39930625,0.4311593750000001,0.16953437500000001
39200,1.8614215625,0.40049375,0.42933124999999983,0.17017499999999997
39300,1.8626090624999996,0.40134062499999995,0.42896562499999996,0.16969374999999995
39400,1.862926875,0.4016937499999999,0.42915000000000003,0.16915625
39500,1.8609759375000001,0.40105937499999994,0.43073125,0.1682093749999999
39600,1.8591956250000004,0.39977812500000015,0.432446875,0.16777500000000004
39700,1.8576899999999998,0.39893125,0.43226874999999987,0.1688
39800,1.8579434374999997,0.39997812500000013,0.432609375,0.16741250000000002
39900,1.8577100000000002,0.39975937500000003,0.43291562500000014,0.16732500000000006
40000,1.8589909374999989,0.40041250000000006,0.4316031250000001,0.16798437500000002
40100,1.8586034374999998,0.3995625,0.43181250000000004,0.16862499999999997
40200,1.8569834374999994,0.3988124999999999,0.432378125,0.168809375
40300,1.8561443750000002,0.398928125,0.4330781249999999,0.16799374999999997
40400,1.8554775000000001,0.3991187500000001,0.4344968749999999,0.16638437500000006
40500,1.8537409375,0.3983375,0.4352375000000001,0.16642500000000002
40600,1.8525878125,0.397665625,0.43628750000000016,0.16604687499999993
40700,1.8516484375,0.39671874999999984,0.4364687499999999,0.16681249999999997
40800,1.8503837499999995,0.396303125,0.43740312499999995,0.16629375000000005
40900,1.8482953125,0.3955031249999999,0.43783124999999984,0.16666562500000004
41000,1.8474187500000003,0.39494062500000016,0.43734999999999985,0.167709375
41100,1.8463618750000002,0.39351249999999993,0.437946875,0.168540625
41200,1.8469828125000003,0.3934843749999999,0.4372906250000001,0.16922499999999996
41300,1.8466928124999997,0.39371874999999995,0.4377968750000001,0.16848437500000002
41400,1.8452099999999991,0.39332500000000004,0.43993749999999987,0.16673750000000004
41500,1.843783125,0.39278124999999997,0.440909375,0.16630937499999998
41600,1.8412987500000004,0.3916343749999999,0.44309374999999995,0.16527187499999993
41700,1.8403534375,0.3914375000000001,0.44316562500000006,0.1653968750000001
41800,1.8408731250000003,0.39161562499999986,0.4420281250000001,0.16635625000000004
41900,1.8407790624999998,0.3913843750000001,0.44231250000000005,0.166303125
42000,1.8426559375,0.39270937499999997,0.44214687499999994,0.16514374999999995
42100,1.8412359375,0.39203125,0.44327499999999986,0.16469375000000008
42200,1.8404153124999993,0.39218437500000003,0.443753125,0.16406249999999994
42300,1.8410665625000002,0.3929562500000001,0.44423124999999997,0.1628125
42400,1.8437103125000003,0.393540625,0.4420187499999999,0.16444062500000003
42500,1.8474415625000002,0.39481874999999994,0.4387062500000001,0.16647500000000004
42600,1.850789999999999,0.3967781250000001,0.436328125,0.16689375
42700,1.8531290624999999,0.3979312499999999,0.4350124999999998,0.16705625000000007
42800,1.8544068750000002,0.39802499999999996,0.4338375000000001,0.1681375
42900,1.8551596875,0.3981718749999999,0.4328718750000001,0.16895624999999997
43000,1.8558593750000003,0.39775312500000015,0.4324906250000001,0.16975625000000005
43100,1.85563,0.39741250000000017,0.4325218749999999,0.17006562499999997
43200,1.8554375,0.39725625000000025,0.43245625000000004,0.17028749999999993
43300,1.854234375,0.3970062499999999,0.4343406249999999,0.168653125
43400,1.8526846874999998,0.39732187499999994,0.4348343749999999,0.16784375000000007
43500,1.8521640624999995,0.39619999999999983,0.43556875,0.16823125000000003
43600,1.8507003124999997,0.39542500000000014,0.43555000000000016,0.169025
43700,1.8506418749999998,0.395253125,0.4354312499999998,0.16931562500000005
43800,1.8501949999999994,0.395653125,0.4363343750000001,0.1680125
43900,1.8490128125000005,0.395303125,0.4373531250000001,0.16734375
44000,1.8483696875000004,0.39555312499999995,0.4383718750000001,0.16607500000000003
44100,1.8477353125,0.39591250000000006,0.439371875,0.16471562499999995
44200,1.847424375,0.39560312500000006,0.44035937500000005,0.1640375
44300,1.84602125,0.39450937500000005,0.4407031250000001,0.16478749999999998
44400,1.844448437499999,0.39387812499999997,0.4417562500000001,0.16436562500000002
44500,1.8431221875000003,0.39252812500000006,0.44237499999999985,0.165096875
44600,1.8427765625,0.39284062500000005,0.44245,0.16470937499999994
44700,1.8422671875,0.393190625,0.442609375,0.1642
44800,1.8404553125,0.3914281249999998,0.44357499999999994,0.16499687500000015
44900,1.8390237500000002,0.390675,0.44438124999999995,0.16494375000000003
45000,1.8380234375,0.391109375,0.445609375,0.16328125000000004
45100,1.8365406249999998,0.3898312499999999,0.4470375,0.16313125000000003
45200,1.8359049999999997,0.389359375,0.44627500000000014,0.164365625
45300,1.8370237500000004,0.38926875000000005,0.44457812500000016,0.16615312499999998
45400,1.8371806249999998,0.3890218750000001,0.44365000000000004,0.16732812500000002
45500,1.8386149999999999,0.38894687499999997,0.4422156249999999,0.16883749999999997
45600,1.8405356250000007,0.38952187500000013,0.439871875,0.17060624999999996
45700,1.8404040624999995,0.389875,0.44152812499999994,0.16859687500000003
45800,1.8394815625,0.3894281249999999,0.44335624999999984,0.167215625
45900,1.8366256249999995,0.38802499999999995,0.4446312500000001,0.16734375
46000,1.8343899999999997,0.3869124999999999,0.44532499999999986,0.1677625
46100,1.8323946874999997,0.38556562499999997,0.4460624999999999,0.16837187499999995
46200,1.8322615625000005,0.38488437500000006,0.4457812500000001,0.16933437500000004
46300,1.8331290625000003,0.38507499999999995,0.443765625,0.17115937500000003
46400,1.8342984374999993,0.3849343750000001,0.44353437499999987,0.17153124999999997
46500,1.8356846875000001,0.386546875,0.44353125,0.16992187499999997
46600,1.8346046875000006,0.38631562500000016,0.4453656250000001,0.16831874999999993
46700,1.8332193750000008,0.3858812499999999,0.4467968749999999,0.16732187499999998
46800,1.8305275,0.38493125000000006,0.44773125,0.16733749999999997
46900,1.830499375,0.384825,0.4472281250000001,0.16794687500000002
47000,1.8295071874999995,0.3846656249999999,0.44760937500000036,0.16772499999999993
47100,1.8286362499999997,0.38428437499999996,0.44817187500000005,0.16754374999999996
47200,1.8285928124999995,0.38476250000000006,0.44802812499999994,0.16720937500000002
47300,1.8287284374999997,0.384446875,0.44688437499999994,0.16866874999999998
47400,1.8297906250000002,0.384478125,0.4463156249999998,0.16920625
47500,1.8313906249999996,0.384946875,0.4455281250000001,0.16952499999999998
47600,1.8318234374999995,0.3852250000000002,0.44459062499999985,0.17018437499999997
47700,1.8337353124999998,0.38653124999999994,0.444721875,0.1687468749999999
47800,1.83429125,0.3872249999999999,0.4453687499999999,0.16740625
47900,1.8347309374999994,0.38810625000000004,0.44465625000000014,0.16723749999999996
48000,1.8350375,0.388475,0.44486562500000004,0.16665937499999994
48100,1.8326681249999999,0.386828125,0.44593125,0.167240625
48200,1.8323831249999998,0.3867593749999999,0.4468343750000002,0.16640625000000006
48300,1.8339690624999994,0.38751562500000003,0.44635625,0.16612812500000004
48400,1.8334043749999998,0.38838124999999996,0.44778124999999996,0.16383749999999994
48500,1.8351178125000003,0.38919687500000005,0.446759375,0.16404374999999996
48600,1.83707,0.39081875,0.44651249999999987,0.16266875000000006
48700,1.8384021875,0.39205312499999995,0.44603125000000005,0.16191562499999998
48800,1.8392384374999997,0.39240624999999985,0.44543750000000004,0.16215625
48900,1.839971875,0.3927187500000001,0.44444375000000036,0.16283749999999994
49000,1.8424403125000006,0.3940437500000002,0.442778125,0.163178125
49100,1.8473103124999997,0.395765625,0.43930937500000006,0.1649249999999999
49200,1.8499984374999998,0.39652812499999995,0.4369312499999998,0.16654062500000003
49300,1.8501096874999994,0.3975812499999999,0.43805625,0.1643625
49400,1.8500637499999997,0.39743125,0.43784374999999986,0.16472500000000007
49500,1.8508746874999995,0.3980749999999998,0.43765625,0.16426875
49600,1.8494099999999998,0.39776875,0.438753125,0.163478125
49700,1.84832,0.3965281250000001,0.43940937500000016,0.1640624999999999
49800,1.8487340625,0.39620937500000003,0.4388562500000002,0.16493437499999997
49900,1.8496784375000004,0.39681562500000006,0.4376343749999998,0.16555
50000,1.8493378124999997,0.39617812499999994,0.43642812499999994,0.16739375
50100,1.8527128125000005,0.397515625,0.43409374999999994,0.16839062499999996
50200,1.8557890625,0.3995093749999999,0.43189999999999995,0.168590625
50300,1.8603740625,0.4013531250000001,0.42857499999999993,0.17007187499999998
50400,1.8607346875000004,0.40154687500000014,0.42870624999999984,0.16974687500000005
50500,1.8614159375,0.40151875000000004,0.42781874999999997,0.17066249999999997
50600,1.8625787499999995,0.40083125000000014,0.42656562500000017,0.17260312499999997
50700,1.8629074999999997,0.40124062499999996,0.42699375,0.17176562499999998
50800,1.8619056249999995,0.40113749999999987,0.42770625,0.17115624999999998
50900,1.8627946874999999,0.4018906250000001,0.4278531249999999,0.17025625000000008
51000,1.8624284374999998,0.40186562500000006,0.42889062499999997,0.16924375000000003
51100,1.8619990625,0.40163437499999993,0.4288781249999999,0.1694874999999999
51200,1.863650625,0.40292500000000003,0.428621875,0.16845312499999998
51300,1.8631628125000002,0.40272812500000005,0.42926874999999987,0.16800312499999998
51400,1.865018125,0.4037687499999999,0.4283468750000003,0.167884375
51500,1.866631875,0.4043562499999999,0.42725937500000005,0.16838437499999995
51600,1.8658040624999999,0.4045906249999999,0.4291750000000001,0.16623437500000002
51700,1.8653437499999996,0.40434375000000006,0.4295999999999999,0.16605624999999996
51800,1.8638721874999997,0.40354687500000014,0.4304718750000001,0.16598124999999997
51900,1.8632653124999998,0.40384999999999993,0.43137812499999995,0.16477187499999998
52000,1.861675,0.40340937499999996,0.43251875,0.164071875
52100,1.862201875,0.40395000000000003,0.4316406250000001,0.16440937500000002
52200,1.8627087500000001,0.4036374999999999,0.43143750000000003,0.164925
52300,1.8643131250000002,0.40424687500000006,0.43035312499999984,0.16539999999999994
52400,1.8648140624999991,0.4040468749999999,0.42979374999999986,0.166159375
52500,1.865245937500001,0.40379375,0.4293937500000001,0.1668125
52600,1.8643840624999999,0.403384375,0.429640625,0.16697499999999998
52700,1.8628631250000007,0.40240937500000007,0.4304531250000001,0.16713749999999988
52800,1.8617534375000004,0.4016593750000001,0.4313468749999998,0.16699375000000002
