step,mean_aspect_ratio,fraction_elongated,fraction_round,fraction_binary
100,1.0,0.0,1.0,0.0
200,1.0615996875000002,0.0033437500000000004,0.8264312500000001,0.17022499999999993
300,1.0558712499999998,0.005112500000000001,0.8450843750000001,0.14980312500000004
400,1.0545821874999997,0.0063750000000000005,0.8479218750000005,0.14570312499999993
500,1.0547062500000002,0.007499999999999998,0.8496,0.14290000000000003
600,1.0554246875000002,0.008343750000000002,0.8503281249999998,0.14132812500000005
700,1.0579668750000002,0.009621875,0.8504874999999998,0.139890625
800,1.0599503124999998,0.011012500000000001,0.8515687499999998,0.13741875000000003
900,1.0627906250000003,0.012446875000000003,0.8509625,0.13659062500000005
1000,1.0663981249999996,0.014259375,0.8503031250000002,0.13543750000000002
1100,1.0703856250000003,0.016228125,0.8491500000000002,0.134621875
1200,1.0741121875000001,0.018296874999999997,0.8505531249999997,0.13114999999999996
1300,1.078878125,0.020484375000000006,0.8490218749999999,0.13049375000000002
1400,1.0833843749999998,0.022643750000000004,0.8483249999999999,0.12903125
1500,1.0890653125,0.025068749999999997,0.8464062499999999,0.128525
1600,1.0942225000000005,0.027365624999999998,0.8455937500000004,0.12704062500000005
1700,1.0997896875,0.0298625,0.8435187499999999,0.12661874999999997
1800,1.1047828124999999,0.032340624999999984,0.842221875,0.12543750000000004
1900,1.1102759375,0.034753125,0.840403125,0.12484374999999999
2000,1.1152040624999997,0.037490625,0.84039375,0.12211562499999996
2100,1.120448125,0.039746875000000015,0.8389374999999999,0.121315625
2200,1.1274490625000002,0.04258437500000001,0.83606875,0.12134687500000002
2300,1.1338456249999997,0.04532812500000001,0.8333531249999997,0.12131874999999998
2400,1.1402015625000002,0.0488125,0.8319406249999999,0.11924687499999999
2500,1.1467090624999998,0.051987500000000006,0.8305843749999997,0.117428125
2600,1.1533281250000005,0.055009375000000006,0.826875,0.11811562500000002
2700,1.1604946875,0.058631249999999996,0.8242125,0.11715624999999999
2800,1.1690903124999998,0.06264062499999999,0.821359375,0.11599999999999999
2900,1.177546875,0.06635312500000003,0.8169937500000002,0.11665312499999998
3000,1.1857025,0.07017187499999998,0.8136843749999997,0.11614375
3100,1.194533125,0.07435624999999997,0.8097250000000003,0.11591875
3200,1.2028625,0.07834687500000002,0.8062781249999996,0.11537499999999999
3300,1.2099731249999999,0.08176562500000002,0.80275625,0.11547812500000001
3400,1.2178956249999993,0.085425,0.799965625,0.114609375
3500,1.2268596875000004,0.08971250000000001,0.7953093749999998,0.11497812500000004
3600,1.234745625,0.09312500000000001,0.7912656250000001,0.11560937500000001
3700,1.2433865625000005,0.097503125,0.7863593749999999,0.1161375
3800,1.2527168749999997,0.10179062500000001,0.7817562499999999,0.11645312499999998
3900,1.2611125000000003,0.10519062500000002,0.7770374999999999,0.117771875
4000,1.2684515624999997,0.10844374999999999,0.7726843749999998,0.11887187499999999
4100,1.2757578125,0.11137812499999998,0.7682937500000001,0.12032812499999998
4200,1.2844631249999998,0.11575625,0.7641593750000001,0.120084375
4300,1.2922987499999998,0.11953125000000005,0.7600781250000002,0.120390625
4400,1.2993418749999999,0.12294999999999995,0.7567437500000002,0.12030624999999999
4500,1.3064990625,0.125915625,0.752865625,0.12121875
4600,1.3150790625,0.129821875,0.7473281249999999,0.12285
4700,1.3234571875,0.13332187499999998,0.7421531250000003,0.12452499999999997
4800,1.3319068749999996,0.1369,0.7364312499999999,0.12666875000000002
4900,1.3402337499999997,0.14150000000000001,0.7317937499999998,0.12670624999999996
5000,1.3486378124999991,0.144653125,0.72683125,0.128515625
5100,1.3560815625000002,0.147796875,0.72198125,0.13022187499999996
5200,1.3631821875000003,0.15113125000000002,0.7171781250000001,0.131690625
5300,1.370828125,0.154459375,0.7130906250000001,0.13244999999999998
5400,1.3767728125,0.15739375,0.7090468749999999,0.133559375
5500,1.3838156250000002,0.16109687500000003,0.7052625000000001,0.13364062499999999
5600,1.3912325,0.16384687500000006,0.700053125,0.1361
5700,1.3998509375,0.16763437500000003,0.6946999999999999,0.13766562499999996
5800,1.4069428124999999,0.17090312500000004,0.690084375,0.13901250000000004
5900,1.4129746875000002,0.17395,0.68680625,0.13924374999999997
6000,1.4189653125000001,0.17690937499999995,0.6841343749999999,0.13895625000000003
6100,1.4233390625000002,0.17925624999999995,0.6813437499999999,0.1394
6200,1.4282599999999994,0.18188750000000006,0.6794906249999999,0.13862187500000003
6300,1.432839375,0.184846875,0.6771062499999999,0.138046875
6400,1.4380400000000002,0.18706875000000003,0.674825,0.13810624999999999
6500,1.4433309375000003,0.18951250000000006,0.672490625,0.13799687500000002
6600,1.4467721875000004,0.19151874999999996,0.67045625,0.13802499999999995
6700,1.4514321875000002,0.193934375,0.6671937499999998,0.138871875
6800,1.4562493750000005,0.195996875,0.6647250000000001,0.13927812499999992
6900,1.4599337499999996,0.19651875,0.6608562500000003,0.14262500000000003
7000,1.4633965625,0.198153125,0.6584749999999999,0.14337187500000004
7100,1.4666443750000002,0.19988125,0.6577781249999999,0.142340625
7200,1.4705656249999997,0.20211875000000004,0.6569937499999998,0.14088750000000003
7300,1.4735649999999998,0.20374374999999997,0.6555749999999998,0.14068125000000004
7400,1.475695937499999,0.205340625,0.6551031250000001,0.13955625
7500,1.4794762499999998,0.20695,0.6525625000000003,0.1404875
7600,1.4825690625000003,0.20908125000000008,0.6512125000000001,0.13970625
7700,1.4842568749999996,0.20972812499999993,0.649490625,0.14078125
7800,1.4882774999999995,0.2116625,0.6474812499999998,0.14085625000000002
7900,1.4915746875,0.21259374999999994,0.6456687499999998,0.14173749999999996
8000,1.493915,0.21341875000000005,0.6441812499999999,0.14239999999999992
8100,1.4957812500000003,0.21410937500000002,0.642621875,0.14326875000000003
8200,1.4980678125000004,0.21530000000000002,0.641371875,0.14332812500000006
8300,1.4999203125000002,0.21664687499999996,0.6398406249999999,0.14351249999999996
8400,1.5016059374999995,0.21810937500000002,0.6395000000000001,0.14239062499999997
8500,1.5039859374999995,0.2193875,0.6391937500000001,0.14141874999999998
8600,1.504615625,0.21920312499999994,0.638178125,0.14261875
8700,1.5047131249999999,0.21924062500000008,0.638221875,0.14253749999999998
8800,1.5045209375000002,0.21975624999999996,0.6383125,0.14193124999999998
8900,1.5054684375000003,0.219728125,0.6391093750000003,0.14116249999999997
9000,1.5069034374999999,0.22114687500000013,0.638834375,0.14001875
9100,1.5069068749999996,0.22106874999999995,0.6398406249999999,0.13909062499999997
9200,1.5069134375,0.22147812499999997,0.6388968750000003,0.139625
9300,1.5068821874999996,0.22169374999999997,0.6398312500000001,0.13847499999999993
9400,1.5065634374999999,0.221028125,0.639115625,0.13985625
9500,1.5075312500000004,0.22165937499999996,0.6383750000000001,0.13996562499999995
9600,1.5097556250000002,0.22314062499999993,0.6363593749999996,0.14049999999999996
9700,1.5132421874999997,0.22467812499999992,0.6333468750000003,0.14197499999999996
9800,1.51662375,0.226146875,0.6316749999999999,0.142178125
9900,1.5197574999999992,0.22774375000000002,0.630309375,0.141946875
10000,1.5219453125,0.22890624999999998,0.6298500000000001,0.14124375000000003
10100,1.5255840625000001,0.23032187500000006,0.627078125,0.14259999999999998
10200,1.5291690625,0.23203437499999996,0.6254406250000002,0.14252499999999999
10300,1.5318496874999998,0.2339875,0.6244374999999999,0.14157499999999998
10400,1.5337931249999994,0.23546874999999995,0.62253125,0.14200000000000007
10500,1.536235625,0.23606249999999995,0.62238125,0.14155624999999994
10600,1.5395668749999996,0.236884375,0.6198218750000001,0.14329374999999997
10700,1.5413562500000004,0.23774374999999995,0.6187750000000001,0.14348125000000006
10800,1.543229375,0.23872187500000006,0.6170062500000003,0.144271875
10900,1.5448787500000005,0.23990312499999997,0.6163906249999999,0.14370625
11000,1.5471565624999999,0.241378125,0.614628125,0.14399375
11100,1.5491731249999998,0.24243125000000001,0.6136218749999999,0.14394687499999997
11200,1.5502984375000002,0.24273749999999994,0.6124531249999999,0.144809375
11300,1.5521793750000001,0.24389062500000008,0.6123906249999999,0.14371874999999995
11400,1.5521865624999998,0.24341874999999996,0.6122406250000002,0.144340625
11500,1.5531549999999998,0.24409375000000005,0.6113781250000001,0.144528125
11600,1.5547184375000005,0.24502500000000002,0.6106812500000002,0.14429374999999997
11700,1.5548974999999996,0.24560312499999998,0.6110906250000002,0.14330624999999997
11800,1.5557125,0.24541874999999996,0.6097968750000001,0.144784375
11900,1.5559796875000005,0.24571875000000004,0.609834375,0.14444687499999997
12000,1.5575978124999998,0.24663437499999996,0.6094875000000001,0.14387812500000002
12100,1.5608906250000003,0.24798437499999992,0.6073437500000002,0.14467187499999998
12200,1.5640956249999993,0.24958750000000007,0.6051406249999998,0.14527187499999994
12300,1.56798375,0.2511875,0.6024375000000003,0.14637499999999998
12400,1.5681362500000002,0.2511343749999999,0.6027375000000001,0.146128125
12500,1.567833125,0.2506812500000001,0.603778125,0.14554062499999998
12600,1.5691809375,0.25114375,0.6033156249999999,0.14554062499999995
12700,1.5690134375000002,0.25144687499999996,0.603503125,0.14505
12800,1.5686581249999998,0.25227499999999997,0.6047218750000001,0.143003125
12900,1.568741875,0.2519156250000001,0.6045000000000001,0.143584375
13000,1.5680928124999995,0.25161875,0.604909375,0.143471875
13100,1.5685725000000006,0.2522156249999999,0.604525,0.14325937499999997
13200,1.5684628124999997,0.25247499999999995,0.604496875,0.14302812499999998
13300,1.5719187499999998,0.25393125,0.6020093750000001,0.14405937500000002
13400,1.5744534374999999,0.25443125,0.600659375,0.14490937499999998
13500,1.5748715624999994,0.2554687499999999,0.600634375,0.14389687499999995
13600,1.5735237499999999,0.25502187500000006,0.6012718750000003,0.14370625
13700,1.5740609374999999,0.254353125,0.6002500000000003,0.145396875
13800,1.575811875,0.254875,0.5990468750000002,0.146078125
13900,1.5778146875,0.25575312499999997,0.5983062500000003,0.14594062500000002
14000,1.5785093749999997,0.2566875,0.5980874999999999,0.145225
14100,1.57893,0.25628749999999995,0.59731875,0.14639375
14200,1.577610000000001,0.255521875,0.5975218749999999,0.14695624999999998
14300,1.5790409374999996,0.2564468750000001,0.5962968750000002,0.14725624999999995
14400,1.5806562499999999,0.25725625,0.5949375,0.14780624999999997
14500,1.5811043750000002,0.256840625,0.59494375,0.14821562500000005
14600,1.5821806250000003,0.25767187500000005,0.594315625,0.1480125
14700,1.5827009374999998,0.25769375,0.5944,0.14790624999999996
14800,1.585405,0.2587281250000001,0.5916625,0.14960937500000004
14900,1.5870581249999998,0.259584375,0.590246875,0.15016874999999993
15000,1.5887131249999997,0.26028125,0.5896906249999999,0.15002812499999998
15100,1.5902643749999998,0.26073125,0.5872218750000002,0.15204687500000003
15200,1.5908328124999993,0.260228125,0.5868062500000001,0.15296562499999997
15300,1.5921206249999997,0.2608625,0.586375,0.15276250000000002
15400,1.5949609375000002,0.2619437499999999,0.5843937499999999,0.1536625
15500,1.5951499999999994,0.2626531250000001,0.584978125,0.15236874999999994
15600,1.5950840625000007,0.26318749999999996,0.5859812499999999,0.15083125
15700,1.5954324999999998,0.263275,0.5858281249999997,0.15089687500000004
15800,1.5977996875,0.264225,0.583084375,0.15269062499999997
15900,1.6011175000000002,0.26590624999999996,0.5813468749999999,0.15274687500000003
16000,1.6022393750000004,0.26651562500000003,0.5810281250000002,0.15245625000000004
16100,1.6022862500000006,0.26658125,0.5815312500000002,0.15188749999999998
16200,1.6009112499999991,0.26629375000000005,0.5838031250000001,0.149903125
16300,1.6006799999999997,0.26661562499999997,0.5841031249999998,0.14928125000000003
16400,1.6006018750000002,0.266559375,0.583840625,0.14959999999999998
16500,1.6015709375000007,0.26643125,0.583521875,0.150046875
16600,1.600755,0.2665249999999999,0.5836968749999999,0.14977812500000004
16700,1.5972799999999998,0.2651218750000001,0.5858999999999999,0.148978125
16800,1.5963690625000002,0.26467187499999995,0.5869125,0.148415625
16900,1.5965903124999998,0.26499999999999996,0.586084375,0.14891562499999997
17000,1.5975271875,0.26539687500000003,0.5857375000000004,0.14886562500000006
17100,1.5965856250000001,0.26503437499999993,0.5859937500000001,0.148971875
17200,1.5960415625000002,0.26447499999999996,0.586378125,0.14914687500000004
17300,1.5960859375,0.26431562500000005,0.5859093750000001,0.149775
17400,1.5959675000000002,0.26443750000000005,0.586084375,0.14947812499999996
17500,1.5972587500000004,0.26552499999999996,0.5860374999999999,0.14843750000000006
17600,1.5968434374999998,0.26562812499999994,0.586840625,0.14753125000000003
17700,1.5957743750000006,0.265634375,0.5881,0.14626562500000004
17800,1.5957156250000002,0.266125,0.5879999999999997,0.14587499999999998
17900,1.5945221875000004,0.26579062500000006,0.5887562500000001,0.14545312500000002
18000,1.5948540625,0.26541875,0.5880374999999998,0.14654375
18100,1.5935209375,0.2640812500000001,0.5886812500000003,0.14723750000000002
18200,1.59333125,0.26346562500000004,0.5886218750000001,0.14791249999999997
18300,1.5934784375000002,0.26359687500000006,0.5879406250000001,0.1484625
18400,1.5938778125,0.26337187500000003,0.5868781249999997,0.14974999999999997
18500,1.5931812500000002,0.26258124999999993,0.5878906249999998,0.14952812499999996
18600,1.5929521875000001,0.26285625000000007,0.5880749999999999,0.14906874999999992
18700,1.5924081250000004,0.262925,0.5892625000000002,0.1478125
18800,1.59248625,0.2625281249999999,0.58839375,0.14907812500000006
18900,1.5918181250000005,0.26199687499999996,0.58871875,0.1492843750000001
19000,1.5916262499999996,0.26134375000000004,0.5877499999999999,0.15090625000000002
19100,1.5907137500000001,0.26057812500000005,0.5880906249999999,0.15133124999999994
19200,1.5912762500000006,0.2611375,0.58815,0.15071249999999997
19300,1.5912390625000001,0.26167812500000004,0.5885843750000003,0.1497375
19400,1.5910646875000003,0.261759375,0.5898656250000003,0.148375
19500,1.5895218749999995,0.26122187500000005,0.59115,0.14762812499999997
19600,1.5871643750000004,0.26005624999999993,0.5922000000000001,0.14774374999999998
19700,1.5845296875000006,0.25923124999999997,0.59485625,0.1459125
19800,1.585149375,0.25894687499999997,0.5947875,0.14626562499999998
19900,1.5873549999999998,0.26054999999999995,0.5936000000000001,0.14585000000000004
20000,1.5879853125000003,0.26100625,0.5928062500000002,0.1461875
20100,1.5899806250000008,0.2618937499999999,0.591234375,0.14687187499999996
20200,1.5918706250000005,0.2625375,0.5893187499999999,0.14814375000000005
20300,1.5926640625000006,0.2627124999999999,0.5877000000000001,0.14958749999999998
20400,1.5931415624999994,0.26287499999999997,0.5874906250000005,0.149634375
20500,1.5944881249999996,0.263015625,0.5855999999999999,0.15138437500000002
20600,1.596169375000001,0.2635,0.5843781250000002,0.15212187500000007
20700,1.5984206250000002,0.2642625,0.582684375,0.15305312499999996
20800,1.600900624999999,0.26543125,0.5818750000000003,0.15269375000000002
20900,1.6032218749999998,0.266365625,0.57996875,0.153665625
21000,1.6045581250000003,0.2667906249999999,0.5797,0.15350937499999995
21100,1.6056571874999996,0.26705625,0.5793531249999998,0.153590625
21200,1.6058856250000002,0.26769375,0.578565625,0.15374062500000002
21300,1.60608125,0.2681375,0.5785281249999997,0.15333437500000002
21400,1.6073996875000003,0.26926562500000006,0.5778906249999998,0.15284375000000003
21500,1.6094431249999999,0.2699937500000001,0.5773156250000001,0.15269062500000002
21600,1.6100421875000002,0.27079062500000006,0.57713125,0.15207812499999995
21700,1.6115268750000005,0.27095937499999995,0.5758718749999999,0.15316875000000002
21800,1.6120462500000003,0.27088437500000007,0.574940625,0.15417499999999998
21900,1.6110281249999996,0.27051562500000004,0.5761749999999999,0.15330937499999994
22000,1.6082318749999998,0.27015,0.57804375,0.15180624999999998
22100,1.6075831250000003,0.26979375,0.5785843750000003,0.151621875
22200,1.6072762500000004,0.27044062500000005,0.5800874999999999,0.14947187500000006
22300,1.6061171875000002,0.26974062499999996,0.581378125,0.14888125000000002
22400,1.6053159375000001,0.26948750000000005,0.5819562499999998,0.14855625000000003
22500,1.604368125,0.26880000000000004,0.582746875,0.14845312500000005
22600,1.6025743750000003,0.26756874999999997,0.5828156249999998,0.14961562500000003
22700,1.6002493749999998,0.26593749999999994,0.583825,0.1502375
22800,1.5992659375,0.26602812500000006,0.5846156249999999,0.14935625
22900,1.5977468750000001,0.265109375,0.586321875,0.14856875000000003
23000,1.5949046875000001,0.26404687499999996,0.58833125,0.14762187499999999
23100,1.5935334374999999,0.26348125000000006,0.5895312500000001,0.14698750000000008
23200,1.5930875,0.263253125,0.58925625,0.14749062500000004
23300,1.5920796875,0.262403125,0.5894406249999999,0.14815624999999993
23400,1.5922087499999995,0.26194062500000004,0.5891312499999999,0.14892812499999997
23500,1.5927653124999994,0.26253125,0.5888312500000001,0.1486375
23600,1.5924728125000003,0.26247187499999997,0.5891249999999998,0.14840312499999997
23700,1.5932109375,0.263178125,0.5890281249999999,0.14779375000000003
23800,1.5936259375,0.26386562499999994,0.5894593750000001,0.14667499999999994
23900,1.5941265624999998,0.26436875,0.5889312499999999,0.1467
24000,1.5937996875000005,0.26486875000000004,0.5905656249999999,0.14456562499999998
24100,1.594135625,0.26521875,0.590321875,0.14445937500000003
24200,1.5938424999999996,0.26544375,0.5912906249999998,0.14326562499999995
24300,1.5937765625,0.2645937500000001,0.589859375,0.14554687500000005
24400,1.5935303124999998,0.26436250000000006,0.5901124999999999,0.145525
24500,1.5930990624999997,0.26419375,0.58963125,0.14617499999999994
24600,1.5932640624999996,0.26420625,0.5898875000000001,0.14590625
24700,1.5941421875000001,0.26426875000000005,0.5889125,0.14681875000000005
24800,1.5932993750000002,0.26429062499999995,0.5900093749999996,0.14570000000000008
24900,1.5932568750000002,0.26374375000000005,0.5892593749999999,0.146996875
25000,1.5937234375000005,0.2639562499999999,0.587821875,0.14822187500000003
25100,1.5939031250000002,0.26390937499999995,0.5875624999999999,0.14852812499999996
25200,1.5929853125000004,0.263559375,0.5877874999999999,0.14865312500000002
25300,1.5934987499999997,0.263475,0.58849375,0.14803125
25400,1.5941971874999994,0.26373125,0.58700625,0.1492625
25500,1.5950287499999998,0.26440625000000006,0.585621875,0.149971875
25600,1.5974212499999996,0.26481875000000005,0.5843437499999997,0.1508375
25700,1.5987021875000005,0.26560625000000004,0.5835031250000001,0.150890625
25800,1.6014512500000004,0.26707187499999996,0.5813218750000001,0.15160625
25900,1.603359375,0.2683281250000001,0.5814218750000001,0.15024999999999997
26000,1.6036406250000002,0.26838749999999995,0.5816718750000001,0.14994062500000005
26100,1.6037153125000003,0.268940625,0.5823374999999998,0.14872187500000006
26200,1.6045384374999996,0.2691249999999999,0.5820468749999999,0.14882812499999995
26300,1.6040646874999995,0.2692906249999998,0.5830312499999999,0.147678125
26400,1.6046459374999997,0.27014687500000006,0.58259375,0.147259375
26500,1.6055153125,0.27028749999999996,0.5819093750000002,0.14780312499999998
26600,1.6069912499999999,0.2702593750000001,0.58068125,0.14905937499999997
26700,1.6086521875000004,0.271265625,0.5800093749999999,0.148725
26800,1.607646249999999,0.27122187500000006,0.5819749999999999,0.14680312499999995
26900,1.607665,0.271184375,0.581965625,0.14684999999999998
27000,1.6077078125000002,0.2710406249999999,0.581725,0.14723437499999997
27100,1.6064175,0.27044999999999997,0.5832562499999999,0.14629374999999997
27200,1.6055000000000001,0.27013125,0.583828125,0.14604062499999998
27300,1.6051362500000004,0.2700031250000001,0.5833500000000003,0.146646875
27400,1.6062037500000002,0.26994687500000003,0.5823875000000002,0.147665625
27500,1.6060034375000003,0.27010312499999994,0.5830187500000001,0.14687812499999997
27600,1.6067865624999993,0.27046250000000005,0.5822625,0.14727499999999996
27700,1.606116875,0.27002812499999995,0.58306875,0.14690312499999997
27800,1.6041425000000005,0.268875,0.5848500000000001,0.14627499999999996
27900,1.6025912499999997,0.2685437499999999,0.5854312500000003,0.14602499999999996
28000,1.6025278124999998,0.2681062500000001,0.5851562500000002,0.14673749999999997
28100,1.6030609375000004,0.267840625,0.583478125,0.14868125
28200,1.6040525000000003,0.2688062499999999,0.58294375,0.14825
28300,1.60656625,0.26945,0.5802281250000001,0.150321875
28400,1.6078593749999999,0.26929374999999994,0.5802250000000002,0.15048124999999993
28500,1.6074212499999996,0.26907187500000007,0.580271875,0.15065625000000002
28600,1.6087812500000003,0.27000312500000007,0.578984375,0.15101249999999997
28700,1.6094056250000006,0.2705781249999999,0.5789968749999999,0.1504249999999999
28800,1.6097840625000004,0.270478125,0.5788187499999999,0.15070312499999997
28900,1.6105981249999999,0.27089374999999993,0.5782468749999999,0.15085937500000002
29000,1.6115490625,0.27172187499999995,0.57750625,0.15077187499999997
29100,1.6136296874999998,0.27226249999999996,0.5758124999999998,0.15192500000000003
29200,1.6151896875000002,0.27310937500000004,0.5741562499999999,0.15273437499999995
29300,1.6155434375000002,0.27359687499999996,0.5752687500000002,0.15113437500000007
29400,1.6148384375,0.27358750000000015,0.5764374999999998,0.14997499999999997
29500,1.6150203125000004,0.27387500000000004,0.577371875,0.14875312499999999
29600,1.6145496875000003,0.27360937500000004,0.5776281249999998,0.14876250000000005
29700,1.6132115624999999,0.273140625,0.5779218749999998,0.14893750000000003
29800,1.6130581249999996,0.27372500000000005,0.57850625,0.14776875000000003
29900,1.6135790624999997,0.27429375,0.5782875,0.14741875000000002
30000,1.6143224999999994,0.27407499999999996,0.5776500000000002,0.14827500000000005
30100,1.6145709375000004,0.27399999999999997,0.5773875,0.1486125
30200,1.6143203125,0.2738749999999999,0.5767031250000001,0.149421875
30300,1.6147187500000002,0.27456874999999986,0.576925,0.14850625
30400,1.6160425,0.274803125,0.5760906250000001,0.14910625000000002
30500,1.6167234375000006,0.27460937500000004,0.5749500000000001,0.15044062499999997
30600,1.6177021875000002,0.27457500000000007,0.5741999999999997,0.15122500000000005
30700,1.6171128124999998,0.27406875,0.5751031249999999,0.15082812499999998
30800,1.6166059375000001,0.273725,0.5749093749999998,0.15136562500000003
30900,1.6164562500000008,0.2735187500000001,0.575053125,0.15142812499999997
31000,1.615358125,0.273196875,0.5755999999999998,0.15120312499999997
31100,1.6138984374999998,0.27254062500000004,0.5770624999999999,0.15039687500000004
31200,1.6147190625,0.27281875000000005,0.576365625,0.15081562500000004
31300,1.616120625,0.27405624999999995,0.5756125000000001,0.15033125000000003
31400,1.6172228125,0.274575,0.57531875,0.15010625000000002
31500,1.6165740624999998,0.27435624999999997,0.574709375,0.150934375
31600,1.616584375,0.27526875000000006,0.575328125,0.149403125
31700,1.6176590624999998,0.27548749999999994,0.5751749999999999,0.1493375
31800,1.61846375,0.27587812500000003,0.575109375,0.14901250000000005
31900,1.6189234375000001,0.27607187499999997,0.5742812500000002,0.149646875
32000,1.6198559375000001,0.2759062499999999,0.5737218750000002,0.15037187499999996
32100,1.6191715625000003,0.2752468749999999,0.5737593750000002,0.15099374999999998
32200,1.6195725000000005,0.27560625000000005,0.5735968749999999,0.15079687499999994
32300,1.6195790625000002,0.27563750000000004,0.573646875,0.15071562500000002
32400,1.6193890625000003,0.27494062500000005,0.573653125,0.15140625000000008
32500,1.6187137499999997,0.2745031249999999,0.5740187500000001,0.15147812499999996
32600,1.6171103125000004,0.274225,0.5750562499999999,0.15071874999999998
32700,1.614888125,0.273709375,0.57736875,0.148921875
32800,1.6126300000000005,0.27278437499999997,0.5787499999999999,0.148465625
32900,1.6117100000000004,0.2718968749999999,0.57886875,0.149234375
33000,1.6101418750000005,0.2708437499999999,0.57945625,0.14970000000000006
33100,1.6098434375000006,0.2710218750000001,0.5797624999999997,0.14921562499999996
33200,1.6118728125000004,0.2719125000000001,0.5782281250000004,0.14985937500000004
33300,1.61151875,0.2716593750000001,0.5782625000000001,0.15007812499999995
33400,1.6135618749999994,0.273021875,0.5772499999999999,0.14972812500000002
33500,1.6125481250000002,0.272703125,0.5774500000000001,0.14984687500000002
33600,1.6132296874999994,0.27350312500000007,0.5765624999999999,0.149934375
33700,1.6141906249999995,0.27441874999999993,0.576940625,0.14864062499999994
33800,1.6153884374999996,0.27540312499999997,0.577128125,0.14746874999999998
33900,1.614910625,0.2759968750000001,0.57871875,0.145284375
34000,1.6147140624999998,0.275503125,0.5782312500000003,0.14626562500000004
34100,1.6140125000000003,0.275046875,0.579328125,0.14562500000000003
34200,1.613223125,0.275096875,0.579884375,0.14501874999999997
34300,1.612703125,0.2751125,0.5791687500000001,0.14571874999999995
34400,1.6142134374999995,0.2749812499999999,0.57663125,0.14838750000000006
34500,1.6160040625,0.27556250000000004,0.5757062500000001,0.14873125
34600,1.6163118750000003,0.27579062500000007,0.5750624999999999,0.14914687500000004
34700,1.6185474999999994,0.27635,0.5731937500000002,0.15045625
34800,1.6209487500000004,0.27687500000000004,0.5709937499999999,0.15213125
34900,1.6234431250000005,0.27820312500000005,0.5700906250000002,0.15170625
35000,1.6256146875,0.2791,0.5693468750000001,0.15155312500000004
35100,1.6259103124999996,0.278821875,0.5689937499999997,0.15218437499999998
35200,1.6278328125,0.27974062499999997,0.5669999999999998,0.15325937500000003
35300,1.6297171875000003,0.28106875000000003,0.5666999999999996,0.15223125000000004
35400,1.6320750000000002,0.28193437499999996,0.564640625,0.15342499999999995
35500,1.6335128125000002,0.28209062499999993,0.5634374999999999,0.15447187499999993
35600,1.635831875,0.2837718750000001,0.562271875,0.15395624999999996
35700,1.6380728125000006,0.284696875,0.5610968749999999,0.15420625000000004
35800,1.6404628124999996,0.28638125,0.5607437500000001,0.15287499999999996
35900,1.64253375,0.2874218750000001,0.5597656249999999,0.1528125
36000,1.6442384374999999,0.2881656250000001,0.55905,0.152784375
36100,1.6438915624999995,0.28841562500000006,0.5601499999999998,0.151434375
36200,1.6442515624999996,0.28808749999999994,0.559846875,0.152065625
36300,1.6446071875000001,0.288353125,0.5596781250000001,0.15196874999999999
36400,1.64470875,0.2883531250000001,0.5588562499999999,0.15279062499999996
36500,1.6458490624999997,0.2890000000000001,0.5574125,0.1535875
36600,1.6480015625,0.28976875,0.5553281250000001,0.154903125
36700,1.64911375,0.289771875,0.5547156250000002,0.15551250000000005
36800,1.6500603125000002,0.29000937499999996,0.5546500000000003,0.15534062499999995
36900,1.6485746875000005,0.2893937499999999,0.5555468750000001,0.155059375
37000,1.6478721875000004,0.28956875000000004,0.556890625,0.15354062500000004
37100,1.6480399999999993,0.28921874999999997,0.5564937500000001,0.15428750000000008
37200,1.6478053125,0.28916250000000004,0.557128125,0.15370937500000004
37300,1.64564125,0.28819062500000014,0.558665625,0.15314374999999994
37400,1.6437637499999995,0.28745,0.5601906249999998,0.15235937500000002
37500,1.6406509375000002,0.28646562499999995,0.5619812500000001,0.151553125
37600,1.6409303124999999,0.2869875,0.5621312500000002,0.15088124999999997
37700,1.6421353124999998,0.28750937499999996,0.5618812500000002,0.15060937500000002
37800,1.6420024999999998,0.28678437499999987,0.5613375000000002,0.151878125
37900,1.6426146875000003,0.28728125000000004,0.5612625000000002,0.15145625000000007
38000,1.6421115625000002,0.287,0.5610718749999997,0.15192812499999997
38100,1.6427481250000002,0.2862406250000001,0.56,0.153759375
38200,1.6435256249999999,0.28698437499999996,0.559228125,0.1537875
38300,1.6431784374999994,0.28718750000000004,0.5599093749999999,0.152903125
38400,1.6423225,0.286821875,0.5612031249999998,0.15197499999999997
38500,1.6407328125,0.28585312499999993,0.5622156249999999,0.15193125000000005
38600,1.6370059375000003,0.28396249999999995,0.5640750000000001,0.15196250000000006
38700,1.6337028124999995,0.28231249999999997,0.565940625,0.151746875
38800,1.6332624999999996,0.2826125,0.5657218750000002,0.151665625
38900,1.6334768749999997,0.2828749999999999,0.565325,0.1518
39000,1.6331306249999995,0.2823687499999999,0.564959375,0.15267187499999998
39100,1.6330606249999997,0.282315625,0.5650124999999999,0.15267187500000007
39200,1.6318262500000005,0.28145625,0.5667749999999999,0.15176874999999995
39300,1.6310728124999998,0.281046875,0.5662,0.15275312500000005
39400,1.6309259374999998,0.28050625,0.5653656250000001,0.15412812500000003
39500,1.6303768749999998,0.28012499999999996,0.56631875,0.15355625000000006
39600,1.6301962500000002,0.28063124999999994,0.5666812500000002,0.15268749999999998
39700,1.6297778125000006,0.28107187500000014,0.5687937500000002,0.150134375
39800,1.62906,0.2808999999999999,0.5686406249999999,0.15045937499999992
39900,1.6298181250000001,0.2809968750000001,0.5680812499999999,0.15092187500000004
40000,1.6295471874999998,0.28105,0.5681406250000001,0.15080937499999997
40100,1.6304693749999997,0.2815906250000001,0.5677343750000002,0.15067500000000003
40200,1.6305990625,0.281675,0.5674687500000002,0.15085625000000003
40300,1.6318337500000006,0.2820874999999999,0.566853125,0.151059375
40400,1.6340071875,0.2831625,0.565546875,0.151290625
40500,1.6368546874999996,0.28418125000000005,0.5639187499999999,0.15189999999999998
40600,1.6382843749999996,0.2848437500000001,0.5623625,0.15279375
40700,1.6396790625000002,0.285740625,0.5625218750000002,0.15173749999999997
40800,1.639795625,0.28599687499999993,0.562828125,0.15117500000000006
40900,1.6393153125000006,0.28556875,0.5629093750000002,0.15152187500000003
41000,1.6394165624999997,0.285703125,0.5633937500000002,0.15090312499999997
41100,1.6395634374999997,0.28573437500000015,0.5629124999999999,0.151353125
41200,1.6402696875,0.28590312500000004,0.5620749999999999,0.15202187499999997
41300,1.6399553124999997,0.2863843750000001,0.5624031249999997,0.15121250000000008
41400,1.6386178124999997,0.2855687500000001,0.563478125,0.15095312499999997
41500,1.6360540625000004,0.28425000000000006,0.5646093749999999,0.15114062499999997
41600,1.6342628124999996,0.2834875,0.5656593749999999,0.15085312500000003
41700,1.6336643749999995,0.2830749999999999,0.5654531249999999,0.151471875
41800,1.6336175,0.2835062499999999,0.5662718750000003,0.150221875
41900,1.6344418749999998,0.2836843750000001,0.5664312499999999,0.14988437500000004
42000,1.6330800000000005,0.28330937500000003,0.5675625,0.14912812500000003
42100,1.6309018750000006,0.28273125,0.5695562500000001,0.1477125
42200,1.6299156250000004,0.2819499999999999,0.56976875,0.14828125
42300,1.6304050000000003,0.282696875,0.5682875,0.14901562500000004
42400,1.6310924999999998,0.28291250000000007,0.56770625,0.14938125000000002
42500,1.6340334374999996,0.284453125,0.566525,0.1490218749999999
42600,1.6350884375,0.2842000000000001,0.5647718749999999,0.15102812499999996
42700,1.6353396875,0.2836875,0.5640968750000002,0.152215625
42800,1.6365759375,0.284078125,0.5622031249999999,0.15371875000000002
42900,1.638227499999999,0.2851562500000001,0.5617624999999999,0.15308124999999992
43000,1.6395571874999997,0.285528125,0.5618999999999998,0.15257187500000002
43100,1.64202625,0.286984375,0.55954375,0.15347187499999992
43200,1.643227187499999,0.28760937500000006,0.559596875,0.15279374999999995
43300,1.6441025000000002,0.28809687500000003,0.55909375,0.15280937500000005
43400,1.6450562499999994,0.2886,0.5583812499999999,0.15301875000000004
43500,1.6462906249999993,0.28923124999999994,0.5578437500000002,0.15292499999999995
43600,1.6459778125000002,0.28917812500000006,0.558890625,0.15193125
43700,1.6467178125000004,0.28979687499999995,0.5584812499999999,0.15172187499999998
43800,1.6471362500000002,0.28981874999999996,0.55870625,0.151475
43900,1.6461037499999995,0.289478125,0.5598281249999999,0.15069374999999996
44000,1.6455928125000001,0.28986562499999996,0.5601687499999999,0.14996562499999994
44100,1.6440340625000003,0.2890187499999999,0.5614562500000002,0.14952500000000002
44200,1.6437518750000002,0.28832500000000005,0.5609718750000001,0.150703125
44300,1.6425053125,0.2884312499999999,0.5617125000000001,0.14985625000000002
44400,1.641819375,0.28698124999999997,0.560821875,0.15219687499999998
44500,1.6434778125,0.287378125,0.5592281250000001,0.15339375000000002
44600,1.6449821875000001,0.28795312500000003,0.558865625,0.15318125000000002
44700,1.6466587500000005,0.28878750000000003,0.5580218749999999,0.15319062499999997
44800,1.6458803125000003,0.287978125,0.558578125,0.15344375000000005
44900,1.6449137500000004,0.2886062499999999,0.5590812500000003,0.15231250000000005
45000,1.6463753125000005,0.28879062499999997,0.5583281250000001,0.15288125000000002
45100,1.6462643749999997,0.28885625,0.5591312500000002,0.15201249999999997
45200,1.6453815625,0.288228125,0.5590718750000001,0.15269999999999992
45300,1.6447021875000003,0.2877906250000001,0.5588218749999999,0.15338749999999995
45400,1.6429140624999998,0.2867187500000001,0.5610468750000002,0.15223437499999998
45500,1.6425818749999999,0.2873062500000001,0.5606562500000002,0.1520375
45600,1.6429206249999995,0.28737812500000004,0.56016875,0.15245312499999997
45700,1.6433275000000003,0.28807812499999996,0.5600593750000002,0.15186249999999993
45800,1.642995625,0.2878187500000001,0.5607718749999999,0.15140937500000004
45900,1.6444762500000003,0.288940625,0.56024375,0.15081562499999995
46000,1.6444843750000002,0.2886187500000001,0.5598093749999997,0.151571875
46100,1.6441103125000003,0.2885781250000001,0.560125,0.15129687499999997
46200,1.6450934375000004,0.28891250000000007,0.558628125,0.15245937499999995
46300,1.6439559375000001,0.288571875,0.5609156249999998,0.15051250000000002
46400,1.6429728124999998,0.28810625,0.5617593749999998,0.15013437500000001
46500,1.6412862499999996,0.2868843749999999,0.5618374999999999,0.151278125
46600,1.6414293750000004,0.28620937500000004,0.5617624999999999,0.15202812500000004
46700,1.6400625000000006,0.2857437499999999,0.5627062500000001,0.15155
46800,1.6404218750000006,0.285628125,0.5625156250000003,0.15185625000000003
46900,1.6386559374999998,0.2848968750000001,0.5634531250000001,0.15165000000000006
47000,1.6374834375000002,0.28405625,0.5637562500000001,0.15218749999999998
47100,1.6357365625,0.2830875,0.5646343750000002,0.15227812500000004
47200,1.6339681249999995,0.2822906249999999,0.565428125,0.15228124999999995
47300,1.6350562500000003,0.2828375000000001,0.56364375,0.15351875000000004
47400,1.6344015625,0.28241875,0.56364375,0.15393749999999998
47500,1.6344949999999996,0.2819812500000001,0.5634218750000002,0.154596875
47600,1.6338287499999997,0.281503125,0.56354375,0.1549531249999999
47700,1.6320837499999998,0.2811281250000001,0.565453125,0.15341875
47800,1.6316643749999995,0.281053125,0.5666656250000001,0.15228124999999995
47900,1.6298646875000007,0.2802531249999999,0.5681156250000001,0.15163125000000008
48000,1.6284778125000003,0.27947500000000014,0.5676187500000002,0.15290625000000005
48100,1.6280193750000007,0.2796,0.5684937500000001,0.15190625000000002
48200,1.628117812499999,0.279921875,0.5688687499999999,0.15120937499999992
48300,1.6290962500000001,0.28040624999999986,0.5681656250000002,0.15142812499999997
48400,1.6287965625,0.2801343750000001,0.568021875,0.15184375000000003
48500,1.6275503125000002,0.27963750000000004,0.5691718750000001,0.15119062500000005
48600,1.6285375,0.2800125,0.5684999999999998,0.15148749999999997
48700,1.6300734375,0.28158125,0.5683499999999998,0.15006875
48800,1.6290990625000004,0.28138125,0.5693375000000004,0.14928124999999998
48900,1.6288121875000006,0.28075,0.5696500000000001,0.14959999999999998
49000,1.6286521875000004,0.28104375,0.5703031250000001,0.14865312499999994
49100,1.6278659374999997,0.27984375000000006,0.5709093749999999,0.14924687499999997
49200,1.6269371874999998,0.279709375,0.57134375,0.148946875
49300,1.6262721875000001,0.27928749999999997,0.5713750000000001,0.1493375
49400,1.6259078124999997,0.2793843749999999,0.570990625,0.14962500000000004
49500,1.6250453125000002,0.2783187499999999,0.5709406250000001,0.15074062499999996
49600,1.6241637500000004,0.277928125,0.5724031250000001,0.14966875000000002
49700,1.6230806250000003,0.27689687500000004,0.5726406250000001,0.15046250000000003
49800,1.6218628124999996,0.276721875,0.573921875,0.14935625
49900,1.6204300000000003,0.276034375,0.5741625000000001,0.14980312500000004
50000,1.6189187500000004,0.27561562500000003,0.5754343750000002,0.14894999999999997
50100,1.6179093749999998,0.27506562500000004,0.5747406250000001,0.15019375000000001
50200,1.6195812500000004,0.27510625000000005,0.5733031249999998,0.15159062499999998
50300,1.6196721875,0.27504062500000004,0.5724750000000002,0.15248437499999998
50400,1.6201399999999995,0.27485,0.572165625,0.152984375
50500,1.6216815624999996,0.2755593750000001,0.5708125000000001,0.15362812499999998
50600,1.6234903125000006,0.276915625,0.5702093749999998,0.15287499999999996
50700,1.6246281249999994,0.277953125,0.5699124999999998,0.15213437500000007
50800,1.6255037499999998,0.27811874999999997,0.5690093750000003,0.152871875
50900,1.6280756250000004,0.27917499999999995,0.565971875,0.154853125
51000,1.6293643750000004,0.27944375000000005,0.5650843749999999,0.15547187500000012
51100,1.6303034375000005,0.2799406250000001,0.5644968750000001,0.1555625000000001
51200,1.6315628125,0.28002812500000007,0.564,0.15597187500000004
51300,1.633033125,0.2810937500000001,0.563059375,0.15584687500000005
51400,1.6332871875,0.28103437500000006,0.56321875,0.155746875
51500,1.6339071875000002,0.28182812499999993,0.5633437499999999,0.15482812499999993
51600,1.6327934375,0.281325,0.5650843750000001,0.15359062499999995
51700,1.6325984375000004,0.28093749999999995,0.5645531250000001,0.15450937500000006
51800,1.6301728125000003,0.27999687500000003,0.5661187499999999,0.15388437499999996
51900,1.6290209375000007,0.2796875,0.5671343749999999,0.15317812500000008
52000,1.6269875000000003,0.27856249999999994,0.5676156249999998,0.15382187500000005
52100,1.6268646875000001,0.27809062500000004,0.5667312500000002,0.155178125
52200,1.6256834375000002,0.277540625,0.5678281249999997,0.15463124999999994
52300,1.6248968750000004,0.2775968750000001,0.5686906250000002,0.1537125
52400,1.6248765624999995,0.2778093749999999,0.5694062500000002,0.15278437500000003
52500,1.6243143750000006,0.277778125,0.5701312500000003,0.15209062500000003
52600,1.6260646875,0.27851250000000005,0.5683187499999999,0.15316874999999994
52700,1.6252240624999998,0.27859375000000003,0.569740625,0.15166562500000003
52800,1.6262706249999999,0.278890625,0.5689437500000001,0.15216562500000005
52900,1.628113125,0.28024374999999996,0.567803125,0.151953125
53000,1.628966875,0.2807031249999999,0.568453125,0.15084375
53100,1.6299465625,0.28142499999999987,0.5683187499999998,0.15025624999999992
53200,1.6300284375000005,0.2811687500000001,0.5688250000000001,0.15000625000000004
53300,1.6298028125,0.281353125,0.5695375,0.149109375
53400,1.6293634375000001,0.281978125,0.5699937500000001,0.148028125
53500,1.6284418749999998,0.282040625,0.5707750000000003,0.14718437499999995
53600,1.6302549999999996,0.282971875,0.5698,0.14722812500000002
53700,1.6303931249999999,0.283484375,0.5702125000000001,0.146303125
53800,1.6315762500000004,0.28367812500000006,0.56871875,0.147603125
53900,1.6331149999999999,0.283565625,0.5672750000000001,0.14915937499999998
54000,1.6350840625000003,0.2846875,0.5657749999999996,0.14953750000000005
54100,1.6359559375,0.28428125,0.5652624999999998,0.15045625
