step,mean_aspect_ratio,fraction_elongated,fraction_round,fraction_binary
100,1.0,0.0,1.0,0.0
200,1.026425,0.0012156250000000003,0.9189343749999999,0.07984999999999998
300,1.0197381250000004,0.001434375,0.935846875,0.06271875
400,1.0166862499999998,0.0013187499999999996,0.9429562499999999,0.055725000000000004
500,1.01472125,0.0012625,0.947659375,0.051078125
600,1.0134940625000002,0.0012062499999999996,0.951325,0.047468750000000004
700,1.0122740625000004,0.0011031250000000002,0.954646875,0.044249999999999984
800,1.0117365625,0.001071875,0.956903125,0.04202499999999999
900,1.0114296875000002,0.0011437500000000002,0.9583218750000002,0.040534375000000004
1000,1.0108984374999996,0.0012187500000000004,0.9600968750000002,0.038684375000000014
1100,1.0107162500000004,0.0012781250000000004,0.9609281249999999,0.03779375
1200,1.010510625,0.0012531250000000001,0.962075,0.036671874999999986
1300,1.0099987499999998,0.0012031250000000002,0.9635531249999997,0.03524375
1400,1.0100246875,0.0012000000000000003,0.964215625,0.03458437499999999
1500,1.0097303125,0.0011875000000000002,0.96469375,0.03411874999999999
1600,1.0098959375,0.00128125,0.9648718749999999,0.033846875000000005
1700,1.010093125,0.001421875,0.9652156250000002,0.033362499999999996
1800,1.0102128125,0.001528125,0.9654999999999996,0.03297187499999999
1900,1.0103559375,0.0016437500000000002,0.9656156249999996,0.032740625
2000,1.0105303125000002,0.0016531250000000005,0.965846875,0.032499999999999994
2100,1.0108750000000004,0.0017718750000000007,0.965528125,0.0327
2200,1.0111603125,0.0018843750000000004,0.9654374999999997,0.032678125
2300,1.0110962499999998,0.0019562500000000005,0.9660781249999996,0.031965625
2400,1.0115403125000002,0.00211875,0.9657124999999998,0.03216874999999999
2500,1.011615625,0.0022937500000000006,0.9659187499999999,0.0317875
2600,1.0119696875000004,0.0023375,0.9657406250000005,0.031921874999999995
2700,1.0121159374999997,0.0024218750000000004,0.9658812499999999,0.03169687499999999
2800,1.01219375,0.0025562500000000004,0.9661875000000003,0.03125624999999999
2900,1.0126234375,0.002646875000000001,0.965975,0.031378125
3000,1.0128121875000002,0.0028000000000000004,0.9659531249999999,0.031246875000000004
3100,1.0131915625,0.002950000000000001,0.9655906250000003,0.031459375
3200,1.0133284375,0.0029593750000000006,0.9655718749999996,0.03146875
3300,1.0136125,0.0029937500000000003,0.9648749999999999,0.03213125000000001
3400,1.0133778125,0.003065625,0.965646875,0.031287499999999996
3500,1.0136918749999997,0.0032312499999999997,0.9656062499999999,0.031162500000000003
3600,1.0138568749999999,0.003343750000000001,0.965559375,0.031096875000000003
3700,1.0142487499999997,0.0035031249999999997,0.9652406249999997,0.03125624999999999
3800,1.01457625,0.0036125000000000003,0.965328125,0.031059374999999997
3900,1.0148743749999998,0.0037781250000000002,0.9650687499999999,0.031153124999999997
4000,1.0150118750000003,0.003865625,0.9649875000000002,0.031146875
4100,1.0155903125,0.004078124999999999,0.964865625,0.031056249999999987
4200,1.016130625,0.004303124999999999,0.96408125,0.031615625
4300,1.01629125,0.00433125,0.9645156249999999,0.031153125
4400,1.0165162500000002,0.004424999999999999,0.9644437499999997,0.03113125
4500,1.0168059374999998,0.004621874999999999,0.9638093750000003,0.03156874999999999
4600,1.0173196875000001,0.004881249999999999,0.9637937499999999,0.031325000000000006
4700,1.0176337500000001,0.005078124999999999,0.9630968750000001,0.031825
4800,1.0178934375,0.005221875,0.9634468749999996,0.03133125
4900,1.0181490625,0.00526875,0.9630500000000001,0.03168124999999999
5000,1.0186721875,0.005459375,0.962915625,0.03162499999999999
5100,1.019019375,0.005596875,0.9627125,0.031690625
5200,1.0195740625,0.005703125,0.9623187499999999,0.031978125
5300,1.0200937500000002,0.0058937500000000006,0.96194375,0.0321625
5400,1.0201687499999998,0.006134375,0.9623124999999999,0.031553125
5500,1.0205268749999998,0.0063375,0.9620031249999997,0.03165937499999999
5600,1.0208284375000003,0.006496874999999999,0.9618593750000001,0.03164375
5700,1.0210462500000004,0.0065093749999999995,0.96171875,0.03177187499999999
5800,1.0215387500000002,0.006637499999999999,0.9614437499999998,0.03191875000000001
5900,1.0219078125000003,0.006696875000000001,0.9605562499999997,0.032746875
6000,1.0217934375,0.006628125,0.9611187499999999,0.032253125
6100,1.0218384375000003,0.0066375,0.961271875,0.032090625
6200,1.0220896875,0.006528125,0.9602874999999998,0.03318437500000001
6300,1.0220596874999999,0.006512500000000001,0.9610593749999998,0.032428124999999995
6400,1.0224524999999998,0.006803124999999999,0.9608687499999996,0.032328124999999985
6500,1.0225040625000004,0.006859374999999999,0.9601874999999999,0.032953125
6600,1.0224418749999997,0.0067375,0.960703125,0.032559375
6700,1.0223034375000002,0.006865625,0.9611062499999999,0.032028124999999984
6800,1.0226225,0.007078124999999999,0.9611343750000003,0.031787499999999996
6900,1.0228124999999997,0.007200000000000001,0.9607843749999998,0.032015625
7000,1.023448125,0.007284374999999999,0.9604968750000001,0.03221874999999999
7100,1.0239015625000003,0.007474999999999999,0.9596749999999998,0.03285000000000001
7200,1.0241928125,0.007509375,0.9596812500000002,0.032809374999999995
7300,1.0245084375000002,0.007809375,0.9594250000000002,0.032765625
7400,1.0246053125,0.007821874999999999,0.9595687499999997,0.032609374999999996
7500,1.0249828125,0.007859375,0.9591749999999998,0.032965625000000005
7600,1.0252759375,0.00815625,0.9587718750000002,0.033071874999999994
7700,1.025985625,0.00834375,0.9587843750000005,0.032871875
7800,1.0265234375,0.00848125,0.9580312500000001,0.033487499999999996
7900,1.0274715625000004,0.008937500000000001,0.9571843749999998,0.03387812499999999
8000,1.0277043749999997,0.0090375,0.9567843750000004,0.034178125
8100,1.0282906249999997,0.009293749999999998,0.9570625,0.033643749999999986
8200,1.0283225000000003,0.0094375,0.9576656250000001,0.032896875000000006
8300,1.0286065624999998,0.0096,0.9569218749999999,0.033478125000000004
8400,1.0289718750000003,0.009721875,0.9566156250000002,0.03366250000000001
8500,1.0290925,0.0098875,0.9572031249999999,0.032909375
8600,1.0293965624999997,0.0098875,0.9567812499999999,0.03333124999999999
8700,1.0297178125000004,0.01000625,0.9569031250000002,0.03309062500000001
8800,1.0296628125000002,0.010040625,0.9565406250000001,0.03341875
8900,1.0300759375000006,0.010190624999999998,0.9565843749999998,0.03322499999999999
9000,1.0308815624999996,0.01054375,0.95588125,0.03357500000000001
9100,1.0313993749999997,0.010784374999999999,0.955209375,0.03400624999999999
9200,1.0317843750000002,0.011015625000000001,0.9550937499999997,0.033890625
9300,1.0326075,0.01129375,0.9546187499999996,0.0340875
9400,1.0333200000000002,0.011678125,0.9539312499999998,0.034390625
9500,1.0341906250000001,0.012112499999999998,0.9534562500000001,0.03443125
9600,1.0347015624999998,0.012321875000000001,0.95325625,0.034421875
9700,1.0350199999999998,0.0124625,0.9532125,0.03432499999999998
9800,1.0358281250000003,0.012965625,0.9524531249999999,0.03458125
9900,1.03740625,0.013590625000000002,0.951234375,0.035175
10000,1.0380625,0.013981249999999999,0.9513624999999998,0.034656250000000006
10100,1.0390637500000002,0.014378125,0.9503093749999997,0.035312500000000004
10200,1.040045625,0.014681250000000002,0.949628125,0.035690625
10300,1.0403765624999999,0.014890625,0.9497093749999997,0.03540000000000001
10400,1.0409643750000004,0.015140625000000001,0.949296875,0.03556250000000001
10500,1.0417428125,0.015378125,0.9487218750000002,0.0359
10600,1.0424403124999997,0.015721875000000003,0.9480656249999999,0.03621250000000001
10700,1.0434953125000002,0.01628125,0.9476343749999998,0.03608437499999998
10800,1.0441284375000002,0.016484375,0.9473593749999999,0.03615625
10900,1.044868125,0.01686875,0.9467843749999999,0.03634687500000001
11000,1.0452274999999998,0.017075,0.946678125,0.036246875
11100,1.0456103125,0.017459375000000003,0.947178125,0.035362500000000005
11200,1.0458737500000004,0.0176375,0.9473062500000001,0.03505624999999998
11300,1.0460471875000004,0.017693749999999998,0.9470437499999999,0.035262499999999995
11400,1.0455690625,0.017565625,0.9472062499999997,0.035228125
11500,1.0452390625,0.017287499999999997,0.9475062499999999,0.03520625
11600,1.0449012500000003,0.017031249999999998,0.9473843750000002,0.035584375
11700,1.044775625,0.017003125,0.9474812499999998,0.035515624999999995
11800,1.0449681249999998,0.017287499999999997,0.9480156249999999,0.03469687500000001
11900,1.0451999999999997,0.017374999999999998,0.94736875,0.03525625
12000,1.0458515624999998,0.017684375,0.9473250000000002,0.03499062500000001
12100,1.0463821875000003,0.017909375,0.946740625,0.03534999999999999
12200,1.047023125,0.018059375,0.9462968750000001,0.035643749999999995
12300,1.0479196875,0.018390625,0.9459218749999998,0.035687500000000004
12400,1.04856875,0.018678125,0.9452125000000001,0.03610937499999999
12500,1.0485309374999998,0.0186125,0.9452468749999998,0.036140625
12600,1.0488406249999997,0.018650000000000003,0.9450156249999999,0.03633437499999999
12700,1.0490921874999997,0.0186,0.9440718750000001,0.037328125
12800,1.0495249999999998,0.018834375,0.943984375,0.03718124999999999
12900,1.0497953124999997,0.01890625,0.94380625,0.037287499999999994
13000,1.0506140624999998,0.01924375,0.9434593750000002,0.037296875
13100,1.0513234375,0.019496875,0.9423749999999999,0.038128124999999985
13200,1.0517281250000001,0.01969375,0.9425937499999999,0.03771250000000001
13300,1.0520578125,0.019999999999999997,0.9421812499999999,0.03781874999999999
13400,1.0530340624999999,0.020496874999999998,0.9416750000000003,0.037828125000000004
13500,1.05381125,0.020784375,0.9413249999999999,0.037890625
13600,1.0544846875,0.020918750000000003,0.9404312499999999,0.03865000000000001
13700,1.0546000000000002,0.020862500000000003,0.9400031249999999,0.039134375
13800,1.0547093749999996,0.0210125,0.9406249999999999,0.0383625
13900,1.0547059375,0.021249999999999998,0.9408968750000001,0.03785312499999999
14000,1.0552890625000002,0.021425,0.940475,0.0381
14100,1.0557225000000001,0.02175625,0.9400062499999999,0.0382375
14200,1.0567515625,0.022253125,0.9396687499999999,0.03807812499999999
14300,1.0578865625000002,0.022821875000000002,0.9384531250000002,0.038724999999999996
14400,1.0590181250000004,0.023268749999999998,0.9380406250000003,0.038690625
14500,1.0594446875,0.023306249999999997,0.9375906250000001,0.039103124999999996
14600,1.0597790625,0.023478124999999996,0.9374343749999997,0.03908750000000001
14700,1.0597628125,0.023521874999999998,0.937221875,0.03925625
14800,1.05988625,0.023440625,0.9372187500000002,0.039340625000000025
14900,1.0601946875000001,0.023575,0.9375218750000002,0.03890312499999999
15000,1.0600346875,0.023709375,0.938134375,0.03815625
15100,1.0601118749999998,0.02359375,0.9378593749999999,0.038546874999999994
15200,1.0597668750000002,0.023421875,0.9381437499999999,0.038434375
15300,1.0589434375,0.023424999999999998,0.9388437499999998,0.03773124999999999
15400,1.0585481250000002,0.023246875,0.9396187500000003,0.03713437500000001
15500,1.0582275,0.02321875,0.9393625000000001,0.03741875
15600,1.0579371874999999,0.023012499999999998,0.9394687500000003,0.03751875
15700,1.05754125,0.02303125,0.9398187499999996,0.037150000000000016
15800,1.0577874999999999,0.023087499999999997,0.9397062499999997,0.03720625000000002
15900,1.0584118749999998,0.023278125000000004,0.9389812499999999,0.03774062499999999
16000,1.058660625,0.023412499999999996,0.939640625,0.036946875
16100,1.0590815625,0.0235625,0.939121875,0.037315625
16200,1.0588303124999994,0.023503125000000003,0.93930625,0.037190625000000005
16300,1.0587846875000002,0.023465625,0.9386625,0.037871875000000006
16400,1.0581406250000003,0.02321875,0.939421875,0.03735937499999999
16500,1.0575,0.02296875,0.940065625,0.036965625000000016
16600,1.0566625,0.022665625000000002,0.9410500000000002,0.03628437500000002
16700,1.056356875,0.022453125000000004,0.9409468750000002,0.0366
16800,1.0562049999999998,0.02246875,0.9414343750000002,0.036096875000000014
16900,1.0558571875,0.022446874999999998,0.9416437499999999,0.035909375000000014
17000,1.0556528125000002,0.022453124999999997,0.9420968750000001,0.03544999999999999
17100,1.0557453125,0.022275,0.9415968750000004,0.036128125
17200,1.0554415625000002,0.0221875,0.9415968749999996,0.03621562500000001
17300,1.0555096875,0.022003125,0.9414749999999997,0.036521875
17400,1.0554987500000002,0.0221625,0.9417531249999997,0.03608437499999998
17500,1.0553896875,0.02214375,0.9418093750000004,0.036046875000000006
17600,1.0554174999999997,0.022115625,0.941396875,0.0364875
17700,1.0553840625000004,0.022087500000000003,0.9418593750000003,0.036053125
17800,1.0560443749999997,0.022562499999999996,0.9414062500000003,0.03603125000000001
17900,1.0566909375000002,0.022834375,0.9406312500000003,0.036534374999999994
18000,1.0574459375,0.023,0.9401437499999997,0.03685625000000001
18100,1.057429375,0.023090625,0.9401937499999997,0.03671562500000002
18200,1.057800625,0.0232125,0.939815625,0.03697187500000001
18300,1.0581568749999997,0.023665625000000003,0.9397562499999996,0.03657812500000001
18400,1.0587165625000001,0.023999999999999997,0.9396875000000001,0.03631250000000001
18500,1.0593796875000001,0.024371874999999998,0.9394375000000003,0.036190625
18600,1.0599318750000004,0.02441875,0.9392781250000001,0.036303125
18700,1.0602425,0.024687499999999998,0.9392562500000001,0.036056250000000005
18800,1.0608071874999998,0.02501875,0.9387687499999998,0.036212499999999995
18900,1.0610978125000001,0.025231249999999997,0.9386281250000004,0.036140625
19000,1.0621396875000002,0.025815625,0.9378093749999997,0.036375000000000005
19100,1.0627043749999998,0.025903125,0.9377031250000003,0.036393749999999996
19200,1.0629965625000002,0.02604375,0.937446875,0.036509375
19300,1.0634374999999998,0.026284375,0.9370343749999999,0.036681250000000006
19400,1.0638921874999998,0.026499999999999996,0.9368062499999998,0.03669375000000001
19500,1.06422375,0.026640625,0.936709375,0.036649999999999995
19600,1.0640225000000003,0.026299999999999997,0.936515625,0.037184375
19700,1.0644928125000004,0.026312500000000003,0.9356218750000003,0.038065625
19800,1.0647653124999998,0.026259375,0.9355312499999999,0.03820937500000001
19900,1.0654696874999996,0.0263125,0.9347468749999996,0.038940625
20000,1.0656406250000003,0.0261125,0.934128125,0.039759374999999986
20100,1.0656087499999998,0.025975,0.9339968750000003,0.040028125
20200,1.0657484375,0.0260875,0.9343281249999998,0.039584375
20300,1.0661628125000002,0.0263,0.9343687500000001,0.03933125
20400,1.0667953124999998,0.026681250000000004,0.9339218749999998,0.039396875000000005
20500,1.0668715625000003,0.026709374999999997,0.9339062500000002,0.039384375
20600,1.0669643750000002,0.026562500000000003,0.9334875000000002,0.03995
20700,1.0662115625,0.026315625000000002,0.9342531250000001,0.03943125
20800,1.0662609375,0.0265125,0.9341,0.03938750000000001
20900,1.0662440625,0.026493749999999996,0.9345468749999999,0.038959375
21000,1.0658962500000002,0.026290624999999998,0.9346531250000002,0.03905625000000001
21100,1.0650859375,0.025996875,0.9351375000000003,0.03886562500000001
21200,1.0648340625,0.02591875,0.9355906250000003,0.038490624999999994
21300,1.06401625,0.025753124999999995,0.9359468750000001,0.03830000000000001
21400,1.0642299999999998,0.025787499999999998,0.9356156249999995,0.03859687500000001
21500,1.0637871874999998,0.025775000000000003,0.9362906249999999,0.03793437500000001
21600,1.0635681250000002,0.025606249999999997,0.9362937499999998,0.0381
21700,1.0637643750000003,0.025796875000000004,0.9361312499999999,0.038071875
21800,1.0639187499999996,0.0257875,0.9358843750000002,0.038328125
21900,1.0639828125,0.025865625,0.9360468749999998,0.03808749999999999
22000,1.0639440625,0.025615625,0.9359500000000003,0.038434375
22100,1.0638706249999998,0.0255875,0.9359531249999998,0.038459375
22200,1.0635365625000004,0.025315625,0.9361,0.03858437499999999
22300,1.0629909375000002,0.025249999999999998,0.9364250000000002,0.038325
22400,1.0623684375000002,0.02508125,0.9367593749999996,0.03815937500000001
22500,1.0615278125,0.0245375,0.9375593750000002,0.03790312499999999
22600,1.0609990624999999,0.024428125000000002,0.9377468749999998,0.03782500000000002
22700,1.0607187500000002,0.024359375000000003,0.938303125,0.0373375
22800,1.06100375,0.024396875,0.9377531250000002,0.03785
22900,1.0610746875000001,0.024499999999999997,0.9383249999999996,0.037175
23000,1.060891875,0.0244625,0.9385624999999999,0.03697500000000001
23100,1.061100625,0.024503125,0.9382062499999996,0.037290625000000015
23200,1.060700625,0.024296875,0.9386687500000003,0.03703437499999999
23300,1.0602740625000002,0.024156250000000004,0.9390468750000002,0.036796874999999986
23400,1.06026125,0.024074999999999996,0.9389531250000002,0.036971874999999994
23500,1.0608115625,0.0242,0.9383906249999998,0.037409375
23600,1.0608846875,0.02405,0.9372968750000001,0.03865312499999998
23700,1.0607575000000002,0.0242,0.9374531250000002,0.038346875000000016
23800,1.0607478125,0.024178125,0.9379031250000001,0.037918749999999994
23900,1.0610790625000002,0.024321875,0.937484375,0.03819374999999998
24000,1.060168125,0.02395625,0.9383124999999999,0.03773124999999998
24100,1.0602534375000001,0.02381875,0.937928125,0.03825312499999999
24200,1.0597809374999998,0.023634374999999996,0.9387187500000002,0.037646875
24300,1.0592365625000002,0.02356875,0.9386437499999996,0.0377875
24400,1.058878125,0.0235125,0.939925,0.03656250000000001
24500,1.0586568749999998,0.023481250000000002,0.9397125000000002,0.03680624999999999
24600,1.0586509375,0.02349375,0.9398281249999998,0.036678124999999985
24700,1.0591818750000002,0.023725,0.9390812499999998,0.03719375
24800,1.0595878124999998,0.023934375,0.938859375,0.037206249999999996
24900,1.0601540625,0.024271875,0.938640625,0.0370875
25000,1.061108125,0.024771875,0.9387218750000001,0.03650625000000001
25100,1.0617662499999998,0.02505625,0.93776875,0.03717499999999999
25200,1.0622115625000002,0.025321875,0.9371562500000001,0.03752187500000001
25300,1.0625290625000001,0.02545625,0.936715625,0.037828125
25400,1.0627856249999996,0.02538125,0.9365125,0.03810625000000001
25500,1.0630112499999997,0.025715625,0.937253125,0.03703125
25600,1.0628212500000003,0.025640625,0.9375499999999998,0.036809375000000005
25700,1.0630303124999998,0.025759374999999998,0.9371437499999998,0.03709687499999999
25800,1.0633587500000001,0.025725,0.9371312500000002,0.037143749999999996
25900,1.0639021875000005,0.026090625000000003,0.9367656249999999,0.037143749999999996
26000,1.0643221875,0.026281250000000003,0.9360093749999996,0.037709374999999996
26100,1.0650953125,0.026521875,0.9354312499999999,0.038046875
26200,1.0656284375,0.026709375,0.9349156249999998,0.03837499999999999
26300,1.0660312500000002,0.026846874999999996,0.9345406249999999,0.03861250000000001
26400,1.06734625,0.02750625,0.93378125,0.03871249999999999
26500,1.0674303125,0.0275,0.9341281250000003,0.038371875
26600,1.0675653124999998,0.027693749999999996,0.9340156250000001,0.03829062500000001
26700,1.0674181249999999,0.027834375,0.9342812500000004,0.03788437499999999
26800,1.06704,0.0277375,0.9350000000000002,0.0372625
26900,1.066971875,0.02764375,0.9347187499999999,0.037637500000000004
27000,1.0666059375,0.027431250000000004,0.9353281249999998,0.037240625
27100,1.0664574999999998,0.027309374999999993,0.9350281249999997,0.03766250000000001
27200,1.0663362500000002,0.027190625000000003,0.935146875,0.0376625
27300,1.0660449999999997,0.0272,0.9354124999999999,0.03738749999999999
27400,1.0658496875,0.026981250000000002,0.9353343750000002,0.037684375
27500,1.06554125,0.0270625,0.9362000000000001,0.0367375
27600,1.0659818749999999,0.027334375,0.935940625,0.03672500000000001
27700,1.0662140625000003,0.027303124999999994,0.9354249999999996,0.037271874999999996
27800,1.0664490625000003,0.027412500000000003,0.9354468750000002,0.037140625000000003
27900,1.0665040625000002,0.027624999999999997,0.9352093749999998,0.037165625
28000,1.0672212499999998,0.027771875,0.9351156250000001,0.03711250000000001
28100,1.0678196875000001,0.028025,0.9345,0.037474999999999994
28200,1.067718125,0.02788125,0.9348156250000001,0.037303124999999986
28300,1.0678968749999997,0.028028125,0.9349687499999999,0.037003125000000005
28400,1.0681503124999998,0.0280375,0.9347656249999999,0.037196875000000004
28500,1.0679590624999997,0.027765625000000002,0.9344499999999999,0.03778437500000001
28600,1.068325,0.027734375000000002,0.9340750000000002,0.03819062500000001
28700,1.0681765625000004,0.027503125000000003,0.9338437500000004,0.038653125
28800,1.0680571875,0.0275625,0.9342593749999999,0.038178125000000014
28900,1.0674771875,0.027309375000000004,0.9348593750000002,0.037831250000000004
29000,1.06694875,0.0270375,0.9351812500000001,0.03778125
29100,1.0664012499999997,0.026834375,0.9357468749999999,0.037418749999999994
29200,1.0659128124999997,0.026703125,0.9358718750000001,0.03742500000000001
29300,1.0653921875,0.026400000000000003,0.9360687499999998,0.03753125
29400,1.0650737499999998,0.026256250000000002,0.936296875,0.03744687499999999
29500,1.0647621874999997,0.0258,0.9361406250000004,0.038059375
29600,1.0640871875,0.025465625000000002,0.9368625,0.037671874999999994
29700,1.0636446875000003,0.025343749999999998,0.9367499999999999,0.03790625000000001
29800,1.0621725000000002,0.024840624999999998,0.938259375,0.03690000000000001
29900,1.0615325,0.024321875,0.938234375,0.03744375
30000,1.060615625,0.023765625000000002,0.9385500000000001,0.037684375000000006
30100,1.0598474999999998,0.023481250000000002,0.939265625,0.03725312499999999
30200,1.0587553125,0.023193750000000006,0.9402812500000001,0.036525
30300,1.0584249999999997,0.0230375,0.9407281250000002,0.036234374999999985
30400,1.0579318750000002,0.022821875,0.94046875,0.036709374999999995
30500,1.0574493749999998,0.02265,0.9408156249999999,0.036534375
30600,1.0575284375000005,0.022693750000000002,0.9408937499999996,0.03641249999999999
30700,1.0576459374999998,0.022671875,0.9405906250000001,0.036737500000000006
30800,1.0578159374999996,0.022809375,0.9399156250000001,0.037274999999999996
30900,1.0581815624999997,0.02296875,0.9399062499999997,0.03712500000000001
31000,1.0584131249999997,0.022853125,0.9394468749999998,0.03769999999999998
31100,1.0581168749999998,0.022887499999999998,0.9398125000000005,0.037300000000000014
31200,1.0575271875,0.0225875,0.9401093749999999,0.03730312500000001
31300,1.0571978125000003,0.022434375000000003,0.94079375,0.036771875
31400,1.0572568750000007,0.022571874999999998,0.9406187499999996,0.036809374999999984
31500,1.0571481249999999,0.022665625,0.941025,0.036309375
31600,1.0563790624999998,0.022328124999999997,0.94101875,0.036653125
31700,1.0554796875,0.021915624999999998,0.94228125,0.035803125000000005
31800,1.0548724999999999,0.0215875,0.942409375,0.03600312499999999
31900,1.0545584375,0.02136875,0.9422906249999999,0.036340625
32000,1.0547018750000001,0.021596875,0.9425562500000001,0.035846875
32100,1.0547059374999996,0.021625000000000002,0.9427,0.035675
32200,1.0544546875000003,0.021534375,0.9427843749999999,0.03568125000000002
32300,1.0545737499999996,0.021556250000000002,0.9422906249999998,0.036153124999999994
32400,1.0547684375000002,0.02138125,0.9416125000000001,0.03700625
32500,1.0547571875,0.02151875,0.9425843749999999,0.035896874999999995
32600,1.0551378125,0.02161875,0.9422499999999999,0.03613125
32700,1.0550196875000002,0.021665625,0.94245625,0.03587812500000001
32800,1.0556515624999998,0.02206875,0.9423281250000001,0.035603125
32900,1.05618,0.022209374999999996,0.942040625,0.03574999999999998
33000,1.0559165625,0.022125000000000002,0.9422062499999999,0.03566874999999999
33100,1.0562159374999998,0.022112500000000004,0.941684375,0.036203125
33200,1.0562028125,0.022215625000000003,0.9413125000000002,0.03647187500000001
33300,1.0565862499999996,0.02224375,0.9415999999999999,0.03615625
33400,1.0565878125,0.022165625,0.9416312500000001,0.03620312499999999
33500,1.05654125,0.022353125,0.9417218749999998,0.03592499999999999
33600,1.0570721874999998,0.02244375,0.9411625000000002,0.036393749999999996
33700,1.0576203124999999,0.022746875,0.940546875,0.03670625000000001
33800,1.0582796875,0.022918749999999998,0.9399500000000003,0.03713125
33900,1.0590709374999998,0.022909375000000003,0.9386093749999997,0.03848125000000001
34000,1.0598568750000001,0.023334374999999997,0.9382031250000001,0.038462500000000004
34100,1.0602759375,0.023378125,0.9381312500000002,0.038490625
34200,1.0602575,0.023178125,0.9378249999999998,0.03899687500000001
34300,1.0607625,0.023540625,0.937534375,0.03892500000000001
34400,1.0608215625000001,0.023684374999999997,0.9380437500000001,0.038271875000000004
34500,1.0609962499999999,0.02401875,0.9379937500000002,0.0379875
34600,1.0599468749999998,0.023834374999999998,0.9393093749999998,0.03685624999999998
34700,1.0594275000000004,0.0237,0.93979375,0.036506250000000004
34800,1.0591571875,0.0236625,0.9394624999999999,0.036875000000000005
34900,1.0585196875000003,0.023606250000000002,0.940340625,0.03605312499999999
35000,1.0581021874999998,0.023215624999999997,0.9403874999999999,0.036396874999999995
35100,1.0581415624999997,0.023121874999999997,0.9400749999999999,0.03680312500000001
35200,1.0584028124999998,0.023171874999999998,0.9396093750000003,0.037218749999999995
35300,1.0583178125,0.023096875000000003,0.9397156250000002,0.03718750000000002
35400,1.0579,0.02285,0.9397093750000002,0.037440624999999984
35500,1.0578159375,0.02286875,0.939765625,0.037365625
35600,1.0577121875,0.022790625000000002,0.9399406250000003,0.03726874999999999
35700,1.0578946875000002,0.022928125,0.9400718749999998,0.037
35800,1.0581528125000002,0.02308125,0.9401031249999999,0.03681562500000002
35900,1.0581575000000003,0.022996875000000007,0.9398218749999996,0.03718125
36000,1.0580549999999997,0.022925000000000004,0.9398062500000002,0.03726875000000001
36100,1.0579462500000003,0.022840625,0.939565625,0.03759375000000001
36200,1.0574559374999999,0.022665625000000002,0.9401062499999999,0.037228124999999994
36300,1.0572546875,0.0224875,0.9402937499999998,0.03721875
36400,1.0571346874999998,0.022484375,0.940721875,0.03679375
36500,1.0572159375,0.02235,0.9400593750000003,0.037590624999999996
36600,1.0574603124999997,0.022653125,0.9398781249999999,0.03746875000000001
36700,1.057579375,0.0226375,0.9400625000000001,0.03730000000000001
36800,1.0576574999999997,0.022824999999999998,0.939290625,0.037884375
36900,1.0584309374999996,0.023118749999999997,0.9395375000000001,0.03734375000000002
37000,1.0591625,0.023375,0.9396343750000001,0.03699062500000001
37100,1.0590190625000002,0.023521875,0.9393843749999998,0.03709375000000001
37200,1.0589368749999997,0.023565625,0.939946875,0.03648749999999999
37300,1.05957375,0.02376875,0.9395906250000002,0.036640625
37400,1.0596921874999998,0.0237625,0.9396531249999999,0.036584375
37500,1.0598293749999999,0.024,0.9390437500000002,0.03695625000000001
37600,1.0597437499999998,0.024190624999999997,0.9394437500000001,0.036365625000000006
37700,1.0597343749999997,0.024065625000000004,0.9395031250000003,0.03643125000000001
37800,1.059760625,0.024146874999999998,0.93944375,0.036409374999999994
37900,1.05988125,0.024359375,0.9398718749999999,0.035768749999999995
38000,1.05960625,0.024125,0.9397843750000003,0.03609062499999998
38100,1.0595343750000001,0.02388125,0.9396781249999998,0.03644062500000002
38200,1.0595037499999997,0.02394375,0.9399937500000002,0.03606249999999999
38300,1.0590984375,0.023918750000000003,0.9400812500000003,0.036000000000000004
38400,1.0593403125000003,0.024090624999999997,0.9395500000000002,0.036359375
38500,1.0597743749999997,0.024046875,0.9390999999999999,0.03685312500000001
38600,1.0601687500000003,0.024303125,0.93889375,0.03680312499999999
38700,1.0604928125,0.02445625,0.93848125,0.03706249999999999
38800,1.0611328125,0.024765625,0.9381999999999999,0.03703437499999998
38900,1.06141125,0.024753125,0.93796875,0.03727812500000001
39000,1.0615834375000002,0.024878125000000004,0.937946875,0.037175
39100,1.0620518749999996,0.024915625,0.9375281250000002,0.03755625
39200,1.0626646875000003,0.025184375,0.9375093750000001,0.03730625000000001
39300,1.0631518750000002,0.025303125000000003,0.9372312500000001,0.03746562499999999
39400,1.0629640625000003,0.0252375,0.9378124999999998,0.03695000000000002
39500,1.0625668749999995,0.025174999999999996,0.9379093749999999,0.036915624999999994
39600,1.0622793750000001,0.024937499999999998,0.9379531250000002,0.03710937500000001
39700,1.0623012500000004,0.025031249999999998,0.9382343750000004,0.036734375
39800,1.0622656250000004,0.025146875,0.93775,0.037103124999999994
39900,1.0622978124999998,0.025234375,0.9375406249999998,0.037225000000000015
40000,1.0623996875000004,0.025224999999999997,0.9374875000000001,0.037287499999999994
40100,1.0630171875,0.025378124999999998,0.9371625000000002,0.037459375
40200,1.0630459375,0.025428125,0.9371937500000002,0.037378125
40300,1.0632634375,0.025653125,0.9370218750000003,0.03732499999999999
40400,1.06329625,0.025715624999999992,0.9372218749999999,0.037062500000000005
40500,1.0632775,0.025809375000000002,0.9369875000000002,0.03720312499999998
40600,1.0632243749999999,0.025740625,0.9372656250000003,0.036993750000000006
40700,1.063495625,0.02591875,0.9371875,0.03689375000000001
40800,1.063573125,0.02615625,0.9374812499999998,0.03636249999999999
40900,1.0637106250000001,0.026059375,0.9374250000000002,0.036515624999999996
41000,1.0635346875000002,0.025993750000000003,0.9373531249999997,0.03665312500000001
41100,1.0630481250000001,0.025715625000000002,0.9376718750000002,0.0366125
41200,1.0629734375,0.02578125,0.9378937499999999,0.03632499999999999
41300,1.0630465625000005,0.025709374999999996,0.9376906250000001,0.0366
41400,1.0635665625000001,0.0258125,0.936784375,0.03740312500000001
41500,1.0635853125,0.025796875,0.9370687499999998,0.03713437500000001
41600,1.0637231249999997,0.025703125,0.9367437499999998,0.03755312499999998
41700,1.06338125,0.025543749999999997,0.937046875,0.037409374999999995
41800,1.0627415624999998,0.02533125,0.937675,0.03699375000000001
41900,1.0623028125,0.0250375,0.9381062499999998,0.03685625
42000,1.0611868750000002,0.02459375,0.9388531249999996,0.036553125
42100,1.0608600000000001,0.024271875000000005,0.9390250000000001,0.03670312500000002
42200,1.060161875,0.02399375,0.9397625000000001,0.03624375000000001
42300,1.0592165625000003,0.023734375,0.9400593749999997,0.03620625000000001
42400,1.0581812499999999,0.023265624999999998,0.9403749999999998,0.036359375000000006
42500,1.05754625,0.022962500000000004,0.9407875,0.036250000000000004
42600,1.0569934375,0.022631250000000002,0.9412343749999998,0.036134375000000024
42700,1.0567350000000002,0.022556249999999996,0.9410093749999997,0.036434375
42800,1.0565421875,0.022371875,0.941365625,0.0362625
42900,1.0569868750000002,0.022428125000000004,0.940846875,0.036724999999999994
43000,1.0573474999999999,0.02270625,0.9405249999999998,0.03676875
43100,1.0572921874999996,0.022615625,0.940415625,0.03696875000000001
43200,1.0572296875000002,0.02238125,0.9407374999999999,0.03688124999999999
43300,1.0572896875000004,0.022321875,0.9402750000000001,0.037403124999999995
43400,1.0574781250000005,0.022574999999999998,0.9403125,0.03711250000000001
43500,1.0572449999999998,0.02254375,0.9408500000000002,0.03660625000000001
43600,1.0567612500000003,0.022440625,0.9410031249999996,0.03655625
43700,1.0562075,0.0222875,0.9417156249999998,0.035996875
43800,1.0560712499999998,0.02218125,0.9416343750000001,0.036184375
43900,1.0560196874999999,0.022150000000000003,0.94128125,0.036568750000000004
44000,1.0561078125,0.022325,0.9413468750000004,0.03632812499999999
44100,1.0568246874999998,0.0225875,0.9407156249999998,0.036696875
44200,1.0575006250000003,0.02275,0.9403374999999998,0.03691249999999998
44300,1.0581490625000003,0.023140625,0.93990625,0.036953125
44400,1.0586662499999997,0.0234125,0.9398531249999998,0.03673437499999999
44500,1.0591446875,0.023659375,0.9395468750000003,0.03679374999999999
44600,1.0603890625000003,0.024268750000000002,0.938753125,0.036978125
44700,1.0611131249999999,0.02469375,0.9383781249999997,0.036928125
44800,1.0617812500000001,0.024903125,0.9378124999999999,0.03728437500000001
44900,1.0618550000000004,0.024859375,0.9379031249999998,0.03723750000000001
45000,1.0625956250000002,0.025112500000000003,0.93748125,0.03740625
45100,1.0633965625000001,0.025590625,0.937271875,0.0371375
45200,1.0635153124999999,0.02566875,0.9366812500000002,0.03765000000000001
45300,1.0639125,0.025840625,0.9365406250000001,0.03761875
45400,1.0638681249999995,0.026053125,0.936315625,0.037631250000000005
45500,1.0633809375000003,0.0257375,0.9373687500000001,0.03689375
45600,1.0633815625000003,0.025728125,0.9370250000000006,0.03724687499999998
45700,1.0633006250000003,0.02574375,0.937059375,0.037196875000000004
45800,1.0628925000000005,0.025374999999999998,0.9373468749999998,0.037278124999999995
45900,1.0627634375000001,0.025343749999999998,0.9375656250000001,0.037090624999999995
46000,1.0622396875,0.025284375,0.9383437499999998,0.036371875
46100,1.0620862499999997,0.025203125000000003,0.9381281249999998,0.03666875000000002
46200,1.0621178125000001,0.0251875,0.9383281250000002,0.036484375
46300,1.0621859375,0.025196875,0.9375312499999997,0.037271875
46400,1.0623646875,0.0252375,0.9379812499999998,0.03678125000000001
46500,1.062881875,0.025265625,0.9373749999999997,0.03735937499999999
46600,1.0631687499999998,0.025303124999999996,0.9368656249999999,0.03783124999999999
46700,1.0633831250000003,0.025196874999999997,0.936496875,0.038306250000000014
46800,1.0628665624999998,0.025115625,0.9369687499999998,0.03791562500000001
46900,1.062576875,0.0249125,0.937084375,0.03800312499999999
47000,1.0631,0.025015625,0.9364343750000002,0.03855
47100,1.0638621874999998,0.02519375,0.9363906250000001,0.038415624999999995
47200,1.0641084375,0.025265624999999996,0.9358531250000001,0.038881250000000006
47300,1.0638628125,0.025181250000000002,0.9361218749999998,0.038696875
47400,1.0634921875,0.024887500000000003,0.9366312500000001,0.038481249999999995
47500,1.0627515625000001,0.02465,0.9368593749999997,0.03849062500000001
47600,1.0620284374999998,0.024343749999999997,0.9370281249999997,0.038628125000000006
47700,1.0619290624999997,0.0244625,0.9373531249999996,0.038184375000000007
47800,1.06238,0.024784375,0.9373125000000002,0.03790312500000001
47900,1.0625031249999999,0.0248125,0.9374687499999996,0.03771874999999999
48000,1.06243875,0.024615625,0.9370468750000004,0.03833749999999998
48100,1.0619190625,0.024409374999999997,0.9374437499999998,0.03814687500000001
48200,1.0615068749999998,0.02429375,0.9382062499999998,0.037500000000000006
48300,1.0607124999999997,0.024153124999999998,0.9387874999999999,0.037059374999999985
48400,1.0601081250000004,0.023734375,0.9391125000000001,0.03715312500000001
48500,1.0591981250000002,0.02346875,0.9399843749999999,0.03654687500000001
48600,1.0582521875,0.02306875,0.9406843749999999,0.03624687500000002
48700,1.0577128125,0.022787500000000002,0.9407312500000001,0.03648125
48800,1.05709375,0.022434375,0.9410062499999999,0.036559374999999984
48900,1.0564053124999997,0.022040624999999998,0.9416281250000001,0.03633125
49000,1.0556721874999997,0.02185625,0.9421687500000001,0.03597499999999999
49100,1.0546656250000002,0.02131875,0.9422187500000001,0.0364625
49200,1.0540421875000001,0.02105,0.9426093750000001,0.03634062499999999
49300,1.0536937499999997,0.020909374999999997,0.9430374999999999,0.03605312500000001
49400,1.0525159375000002,0.020406249999999997,0.9437874999999997,0.03580625000000001
49500,1.0519162499999997,0.0202,0.9447312499999999,0.03506875
49600,1.0512050000000002,0.019778124999999997,0.9449593749999998,0.03526250000000001
49700,1.0506390625000004,0.019596875000000003,0.9453687499999999,0.035034374999999986
49800,1.05008375,0.019284375,0.9458218750000003,0.03489374999999999
49900,1.0495262499999998,0.01915,0.9461093749999998,0.03474062499999999
50000,1.04942375,0.019193750000000002,0.9461156250000001,0.034690625
50100,1.0493118749999997,0.019253125000000003,0.9463562500000002,0.034390625
50200,1.0492493750000003,0.019015625,0.9462531249999999,0.034731250000000005
50300,1.049004375,0.018978125000000002,0.9466406249999997,0.03438125
50400,1.0489765624999998,0.019049999999999997,0.9464937499999999,0.03445625
50500,1.0488559375000002,0.018775,0.9465,0.034724999999999985
50600,1.048485625,0.018671875,0.9468156249999999,0.03451249999999999
50700,1.048646875,0.0187875,0.9459968749999998,0.03521562499999999
50800,1.048783125,0.018790625000000002,0.9465999999999996,0.03460937500000001
50900,1.0493262499999998,0.019040625000000002,0.946159375,0.03480000000000001
51000,1.0497668749999998,0.019265624999999998,0.9452531250000001,0.03548125
51100,1.0502509375000002,0.01946875,0.9448468750000001,0.035684375000000004
51200,1.0507490625,0.019884375,0.9447343749999999,0.03538124999999999
51300,1.0514896875000002,0.019975,0.9440781250000001,0.035946875
51400,1.0522659375,0.02035,0.943703125,0.03594687500000001
51500,1.0523768750000002,0.020534375,0.9437781249999999,0.0356875
51600,1.05223875,0.020256250000000003,0.9437781250000002,0.035965625000000015
51700,1.0522834375,0.02034375,0.9437718750000001,0.035884374999999996
51800,1.0520168749999996,0.020284375,0.9437468750000002,0.03596875
51900,1.0520550000000006,0.020075,0.9436281249999998,0.036296875000000006
52000,1.0524378124999998,0.020296875,0.9434062499999999,0.03629687499999999
52100,1.0522937500000002,0.0200625,0.9435812499999999,0.03635625000000001
52200,1.0528884375,0.02040625,0.9431843750000002,0.036409375
52300,1.0528543749999995,0.020496874999999998,0.9431593749999997,0.03634375
52400,1.0531996874999994,0.02046875,0.9425906250000003,0.036940625000000005
52500,1.0536900000000002,0.020487500000000002,0.9422031249999999,0.037309375000000006
52600,1.054001875,0.020659374999999997,0.9422781250000003,0.0370625
52700,1.0544253125000003,0.0209375,0.941709375,0.03735312500000001
52800,1.0542346875000002,0.02088125,0.9423968749999997,0.03672187500000001
52900,1.054140625,0.0208375,0.9429218750000001,0.036240625
53000,1.0543400000000003,0.021043749999999996,0.9422906249999998,0.036665625
53100,1.054769375,0.021371875,0.9420125000000004,0.036615625000000006
53200,1.0549009375,0.021321875000000004,0.9423499999999999,0.036328124999999996
53300,1.05467125,0.02130625,0.9426968750000003,0.035996875000000005
53400,1.0547321875000002,0.021328125000000003,0.9424375000000002,0.03623437500000002
53500,1.0549015625,0.021365625000000003,0.942215625,0.03641875
53600,1.0545759375000006,0.021171875,0.942565625,0.03626250000000001
53700,1.0545593749999997,0.021225,0.9425499999999998,0.03622500000000001
53800,1.0542925,0.021212500000000002,0.9430656250000002,0.03572187500000001
53900,1.0541340625000002,0.02123125,0.9429093749999998,0.035859375
54000,1.0539781249999998,0.021171874999999996,0.9436968750000002,0.03513125000000001
54100,1.0536471875000002,0.021121875,0.9440406250000002,0.0348375
54200,1.0530768749999997,0.021,0.9442781249999999,0.034721875
54300,1.0527306250000004,0.020834374999999995,0.9442687499999999,0.034896875
54400,1.0525168749999996,0.020890625000000003,0.9443687500000001,0.034740625000000004
54500,1.0523453124999997,0.02091875,0.9443000000000001,0.03478125000000001
54600,1.0524646874999997,0.02111875,0.9443218749999998,0.034559374999999996
54700,1.0529018749999999,0.021150000000000002,0.9438218750000003,0.035028125
54800,1.0531006250000003,0.021225,0.9440874999999999,0.03468750000000001
54900,1.0538549999999993,0.021634375,0.943678125,0.03468750000000001
55000,1.0543521875000001,0.021865625,0.9435687500000003,0.03456562500000001
55100,1.0545506249999996,0.0218125,0.9429656249999997,0.035221875
55200,1.0543774999999997,0.0217875,0.943328125,0.034884374999999995
55300,1.0541884374999997,0.021756249999999998,0.9434562500000002,0.03478749999999999
55400,1.0543315624999998,0.021737499999999996,0.9428499999999999,0.035412500000000006
55500,1.0545371875,0.021809375,0.94335,0.03484062500000001
