step,msd_global,n_round,n_elongated
0,0.0,2500,0
100,28.0218287347749,2500,0
200,29.65817157855729,2491,9
300,31.112043413856732,2490,10
400,35.265646068781436,2487,13
500,35.53664738049751,2488,12
600,37.229915102289866,2483,17
700,36.441919761708924,2479,21
800,38.17547086417134,2471,29
900,41.131555810513795,2462,38
1000,41.805321675311475,2451,49
1100,42.58115713900836,2449,51
1200,45.63073641571187,2442,58
1300,47.582441813053805,2434,66
1400,52.855808916439905,2424,76
1500,57.33252506999122,2417,83
1600,62.000841647828125,2405,95
1700,67.0586578905876,2395,105
1800,72.82175184154944,2388,112
1900,79.1652021868789,2377,123
2000,85.44091028724104,2358,142
2100,93.74074999407388,2345,155
2200,103.2308602631238,2337,163
2300,114.52571500476142,2323,177
2400,122.41062669682866,2318,182
2500,133.54917442956787,2314,186
2600,146.57727029942825,2294,206
2700,158.02561194165895,2284,216
2800,170.64569611364323,2278,222
2900,184.04232057496407,2258,242
3000,187.35247075569714,2248,252
3100,198.76606769137464,2231,269
3200,213.53146593773766,2221,279
3300,227.97793109009018,2208,292
3400,244.4753550242628,2206,294
3500,260.3254289505665,2192,308
3600,279.84736674682733,2192,308
3700,297.6285377369712,2190,310
3800,310.9637425655055,2191,309
3900,324.6786188261632,2176,324
4000,340.72298163682353,2156,344
4100,360.8674834649031,2144,356
4200,384.3487586508953,2129,371
4300,409.9189877573504,2119,381
4400,439.81812869424334,2114,386
4500,459.6982664880232,2098,402
4600,468.2768540868586,2089,411
4700,470.89550743533226,2065,435
4800,482.9100079566677,2052,448
4900,492.2111149637694,2040,460
5000,514.5128596921614,2039,461
5100,537.6954864071486,2059,441
5200,568.5843186162072,2062,438
5300,600.5286999530551,2054,446
5400,621.8356260544376,2047,453
5500,650.7541032326303,2033,467
5600,674.122137308316,2015,485
5700,684.6421194211925,2016,484
5800,704.6579573027486,2016,484
5900,711.7044490770988,2012,488
6000,732.0525651202355,1998,502
6100,750.7760209463806,1990,510
6200,764.0671742574027,1994,506
6300,798.6498192680998,1983,517
6400,826.2134537493009,1962,538
6500,865.4057638746492,1946,554
6600,896.9060136515785,1936,564
6700,929.7325072861241,1919,581
6800,955.8320384887135,1916,584
6900,976.6246009748683,1904,596
7000,1009.2773610975487,1898,602
7100,1030.475023512535,1889,611
7200,1050.6690067586687,1878,622
7300,1071.8715360634528,1874,626
7400,1079.8906710823162,1879,621
7500,1107.2090460118097,1897,603
7600,1143.6631907730568,1907,593
7700,1176.7836300981921,1898,602
7800,1220.768095747827,1895,605
7900,1263.9267158335815,1890,610
8000,1304.4086736557767,1884,616
8100,1348.972781175734,1884,616
8200,1392.4097690498713,1885,615
8300,1462.8013043972223,1879,621
8400,1509.1499004819916,1885,615
8500,1558.684465973267,1892,608
8600,1608.5924631817493,1888,612
8700,1652.2744060642037,1872,628
8800,1693.0391823179857,1867,633
8900,1724.3467685672604,1858,642
9000,1792.2586388058792,1843,657
9100,1844.1174915325425,1822,678
9200,1883.4865970170663,1806,694
9300,1940.3585334707695,1785,715
9400,1987.611792707647,1775,725
9500,2043.8577777362016,1770,730
9600,2091.1145117076635,1777,723
9700,2137.771389750036,1783,717
9800,2172.0249814263007,1778,722
9900,2220.4051125703345,1787,713
10000,2273.533222391873,1779,721
10100,2308.125154617091,1750,750
10200,2359.1762271623516,1738,762
10300,2419.0674683851134,1722,778
10400,2484.137044585249,1699,801
10500,2563.7180428688253,1690,810
10600,2662.8690991965645,1678,822
10700,2741.862063150492,1671,829
10800,2819.646969483659,1668,832
10900,2902.2796807668196,1659,841
11000,2972.166911148527,1648,852
11100,3033.736815993584,1653,847
11200,3105.355342677585,1642,858
11300,3183.9709743630087,1635,865
11400,3228.683250160559,1625,875
11500,3306.9508704762557,1621,879
11600,3385.2111173701824,1607,893
11700,3472.0805900386513,1592,908
11800,3559.557003018877,1590,910
11900,3659.917736263925,1582,918
12000,3755.8207106459095,1586,914
12100,3863.936343505002,1574,926
12200,3969.010254347782,1571,929
12300,4065.190435764169,1584,916
12400,4146.145055010596,1592,908
12500,4249.251821930832,1595,905
12600,4357.8791221097845,1581,919
12700,4473.9486081940295,1558,942
12800,4592.424304210941,1547,953
12900,4719.695025082257,1521,979
13000,4824.146899077507,1503,997
13100,4917.202932837986,1468,1032
13200,5031.813980615368,1436,1064
13300,5145.341241434396,1397,1103
13400,5291.681882728153,1379,1121
13500,5439.470506188434,1376,1124
13600,5569.967748129636,1363,1137
13700,5732.834053167978,1341,1159
13800,5880.408041711,1327,1173
13900,6003.376588473135,1312,1188
14000,6170.973190895581,1307,1193
14100,6333.661912628752,1292,1208
14200,6503.787406562487,1266,1234
14300,6656.076509985514,1263,1237
14400,6802.816970164988,1249,1251
14500,6963.816899645421,1228,1272
14600,7146.88914268371,1215,1285
14700,7289.869477770475,1188,1312
14800,7436.989893189585,1169,1331
14900,7608.287222129267,1145,1355
15000,7770.561480595368,1117,1383
15100,7936.691121144411,1104,1396
15200,8099.926824951192,1087,1413
15300,8284.77248312738,1089,1411
15400,8449.882051409177,1090,1410
15500,8600.080064400623,1092,1408
15600,8786.79424710683,1095,1405
15700,8959.087162179416,1104,1396
15800,9145.015420868114,1101,1399
15900,9359.315895698423,1099,1401
16000,9577.68088112911,1095,1405
16100,9821.721370547648,1093,1407
16200,10041.368790870141,1083,1417
16300,10284.99029070317,1070,1430
16400,10512.818596568008,1061,1439
16500,10774.441615466192,1051,1449
16600,11007.09007253524,1037,1463
16700,11282.072645366748,1028,1472
16800,11524.088209429776,1019,1481
16900,11824.65591737813,1002,1498
17000,12136.522398376033,979,1521
17100,12491.48098373582,962,1538
17200,12889.98380409757,934,1566
17300,13282.136186119413,925,1575
17400,13661.579598595936,922,1578
17500,14062.420575634342,914,1586
17600,14389.872758686364,915,1585
17700,14716.441984735533,902,1598
17800,15057.14884437552,895,1605
17900,15374.399281626755,896,1604
18000,15707.916742237205,883,1617
18100,16048.584649972892,879,1621
18200,16401.64489295148,859,1641
18300,16753.68754682048,838,1662
18400,17141.101586509783,812,1688
18500,17551.49387215455,802,1698
18600,17984.093008992197,791,1709
18700,18494.761809092615,791,1709
18800,19017.743469030465,810,1690
18900,19506.078965974528,815,1685
19000,20060.381074479523,810,1690
19100,20653.929277367166,809,1691
19200,21207.481402311994,809,1691
19300,21767.574448289313,796,1704
19400,22350.17617476623,783,1717
19500,22934.646230170845,774,1726
19600,23517.230638484405,757,1743
19700,24096.96308229027,730,1770
19800,24600.997020217343,716,1784
19900,25089.39719409559,703,1797
20000,25624.825650586725,699,1801
20100,26107.57354207738,689,1811
20200,26605.258619170036,674,1826
20300,27115.26676081402,659,1841
20400,27641.453325384795,646,1854
20500,28186.80214571584,637,1863
20600,28790.59845619306,626,1874
20700,29444.203387181402,621,1879
20800,30080.923545909096,602,1898
20900,30719.568704120313,594,1906
21000,31450.875339500122,572,1928
21100,32212.672605921936,560,1940
21200,32969.306941300754,545,1955
21300,33733.02907715972,531,1969
21400,34533.48259391404,514,1986
21500,35303.234461558786,501,1999
21600,36106.84551228924,486,2014
21700,36827.4569279359,470,2030
21800,37620.64521472491,458,2042
21900,38324.54245557148,442,2058
22000,38995.086868301936,421,2079
22100,39693.59862482687,422,2078
22200,40375.160448694136,409,2091
22300,41041.84549486698,404,2096
22400,41753.536136078634,404,2096
22500,42463.17627041192,422,2078
22600,43226.622323027615,410,2090
22700,44011.07217137351,407,2093
22800,44824.416715172985,426,2074
22900,45640.57416206622,430,2070
23000,46394.52459422753,426,2074
23100,47169.690980181345,422,2078
23200,48007.4507325272,437,2063
23300,48827.64507823703,438,2062
23400,49617.13735764914,448,2052
23500,50450.773618998275,451,2049
23600,51310.16067915763,464,2036
23700,52147.13196027781,470,2030
23800,52954.23832949872,483,2017
23900,53681.71370342775,507,1993
24000,54510.44312991488,522,1978
24100,55293.37858688955,528,1972
24200,55942.51197737935,538,1962
24300,56620.3651211241,538,1962
24400,57384.85672064249,542,1958
24500,58113.946701585606,551,1949
24600,58811.52334539583,556,1944
24700,59514.32209947162,557,1943
24800,60273.271164912745,553,1947
24900,61027.835812685895,555,1945
25000,61861.54116501648,556,1944
25100,62629.900052875055,557,1943
25200,63367.53270785867,562,1938
25300,64179.394597896506,556,1944
25400,65090.86413191373,552,1948
25500,65957.02627717436,541,1959
25600,66792.82074186379,532,1968
25700,67670.03788367237,518,1982
25800,68561.9487491731,509,1991
25900,69463.36342739298,495,2005
26000,70338.8968837758,479,2021
26100,71115.43125180695,469,2031
26200,71998.24202957694,458,2042
26300,72869.31646422959,455,2045
26400,73659.12063564338,456,2044
26500,74486.44696816242,459,2041
26600,75439.56867235465,461,2039
26700,76294.04911237204,469,2031
26800,77159.29208851048,469,2031
26900,78099.15991261504,471,2029
27000,78963.01901627278,464,2036
27100,80031.88913056024,452,2048
27200,81019.20927707884,445,2055
27300,82120.41663242115,417,2083
27400,83161.355612556,401,2099
27500,84270.39063504759,378,2122
27600,85431.77039096718,359,2141
27700,86464.45383825479,346,2154
27800,87474.99486075269,331,2169
27900,88676.47562042753,323,2177
28000,89794.57182956112,302,2198
28100,90891.62251469262,274,2226
28200,92081.36330653274,260,2240
28300,93214.1383923694,256,2244
28400,94448.8086126563,248,2252
28500,95628.83893333972,251,2249
28600,96707.11693277728,250,2250
28700,97937.15569279366,237,2263
28800,99042.34167912135,240,2260
28900,100359.63321563254,230,2270
29000,101615.93131017439,227,2273
29100,103028.35873099658,220,2280
29200,104297.20569826853,220,2280
29300,105566.7903110897,217,2283
29400,106948.87783061662,211,2289
29500,108441.7167610156,212,2288
29600,109986.20126243567,216,2284
29700,111470.99543472023,219,2281
29800,112950.06898147237,224,2276
29900,114493.92308049393,222,2278
30000,115963.82670354981,223,2277
30100,117474.38816885804,225,2275
30200,119110.21962232614,229,2271
30300,120553.45082671588,236,2264
30400,122150.2454001222,240,2260
30500,123604.93350636482,243,2257
30600,125072.30964996447,255,2245
30700,126523.72699331831,267,2233
30800,127886.81279961088,278,2222
30900,129103.3501141758,291,2209
31000,130416.20035317462,298,2202
31100,131758.51517593578,313,2187
31200,133197.75639272307,319,2181
31300,134671.05701464205,322,2178
31400,136115.64412042283,330,2170
31500,137615.34686172914,330,2170
31600,139078.70027809183,324,2176
31700,140588.36322973648,317,2183
31800,142116.23800309113,309,2191
31900,143687.89714938778,293,2207
32000,145156.65534763716,271,2229
32100,146795.05547925504,247,2253
32200,148425.1168734601,227,2273
32300,150071.412406795,217,2283
32400,151679.1866405119,202,2298
32500,153262.79603536834,174,2326
32600,154740.13936628416,147,2353
32700,156393.3965572348,133,2367
32800,157827.4863956865,125,2375
32900,159166.3977280283,111,2389
33000,160680.22730854078,106,2394
33100,162207.15380724324,109,2391
33200,163755.24625432803,121,2379
33300,165436.5455826275,124,2376
33400,167300.78828483124,126,2374
33500,169132.52064419855,124,2376
33600,170901.00083977438,120,2380
33700,172759.61354923825,120,2380
33800,174704.17596520516,125,2375
33900,176642.70735840453,127,2373
34000,178608.7700264307,131,2369
34100,180578.29487557203,126,2374
34200,182700.67943156854,117,2383
34300,184885.73831955442,113,2387
34400,186983.67966313494,104,2396
34500,189164.88993776945,99,2401
34600,191115.51307053515,91,2409
34700,193134.54722077204,87,2413
34800,195118.2726749088,84,2416
34900,197038.23871020752,83,2417
35000,199129.07948310004,82,2418
35100,201083.22448786945,81,2419
35200,202996.28301672547,80,2420
35300,205029.31888660588,78,2422
35400,207224.80513858423,78,2422
35500,209461.06715312315,80,2420
35600,211542.24111643014,81,2419
35700,213563.94881367518,82,2418
35800,215637.42599483347,79,2421
35900,217840.82703991013,80,2420
36000,220075.80562832975,78,2422
36100,222259.47673190618,77,2423
36200,224525.21301532022,81,2419
36300,226809.53252635666,78,2422
36400,229128.72264474674,78,2422
36500,231456.84929444114,78,2422
36600,233695.6369739791,78,2422
36700,235989.12224249006,78,2422
36800,238234.29463767871,78,2422
36900,240337.5811855443,77,2423
37000,242457.22870243172,76,2424
37100,244624.69430680218,75,2425
37200,246835.89144524556,72,2428
37300,248908.94768719058,69,2431
37400,251241.8068574574,68,2432
37500,253352.53211078563,67,2433
37600,255639.90909277744,65,2435
37700,257915.10599143172,65,2435
37800,260246.7831958165,64,2436
37900,262740.96414150845,64,2436
38000,264833.7072567594,63,2437
38100,267206.2723776144,60,2440
38200,269709.1709090543,58,2442
38300,272260.31150721695,53,2447
38400,274785.9655919971,46,2454
38500,277682.2148426115,38,2462
38600,280539.1080554249,31,2469
38700,283124.86034005234,25,2475
38800,285673.5081287587,17,2483
38900,288134.674872258,11,2489
39000,290916.6343133883,10,2490
39100,293422.0487631725,8,2492
39200,296003.4163359588,9,2491
39300,298560.07079930534,9,2491
39400,301151.8227687882,9,2491
39500,303835.6265204081,7,2493
39600,306253.1445920984,8,2492
39700,309014.12958843797,7,2493
39800,311795.4965608665,8,2492
39900,314563.4596183185,8,2492
40000,317515.895947592,6,2494
40100,320444.93735342054,6,2494
40200,323336.49819893885,8,2492
40300,326255.58876761026,9,2491
40400,329039.2356318415,8,2492
40500,332031.6295780404,4,2496
40600,335069.5239389568,4,2496
40700,338032.7955282292,2,2498
40800,341058.76263655466,2,2498
40900,343899.3677311169,2,2498
41000,346796.64381859795,1,2499
41100,349791.5103985158,1,2499
41200,352681.3567537589,1,2499
41300,355639.45418046624,1,2499
41400,358484.4769607813,1,2499
41500,361157.3148077959,1,2499
41600,364091.3408986066,1,2499
41700,367019.26107476436,1,2499
41800,369902.99958698946,1,2499
41900,373076.24115306005,1,2499
42000,376041.4558667107,1,2499
42100,378989.3631041776,1,2499
42200,382157.24163817195,1,2499
42300,385391.71522253007,1,2499
42400,388548.9927106361,1,2499
42500,391669.2539826496,0,2500
42600,394873.61559970316,0,2500
42700,398215.7116204682,0,2500
42800,401353.7830648106,0,2500
42900,404462.3744525342,0,2500
43000,407486.148878863,0,2500
43100,410597.26967363845,0,2500
43200,413721.30128807935,0,2500
43300,416678.45738143387,0,2500
43400,419768.14107917855,0,2500
43500,422809.6319788622,0,2500
43600,425832.0274283667,0,2500
43700,429147.60510916216,0,2500
43800,432418.7034981131,0,2500
43900,435598.7848465162,0,2500
44000,438723.9943937688,0,2500
44100,442209.0982033555,0,2500
44200,445584.78610812855,0,2500
44300,448971.9167007263,0,2500
44400,452648.2649087338,0,2500
44500,456237.2134100063,0,2500
44600,460088.2317338314,0,2500
44700,463755.0556689844,0,2500
44800,467501.5322422457,0,2500
44900,470990.9440183258,0,2500
45000,474668.0647400734,0,2500
45100,478240.2041288099,0,2500
45200,481948.3472467253,0,2500
45300,485569.4428078283,0,2500
45400,489147.8512719435,0,2500
45500,492622.65907622623,0,2500
45600,495937.4605454643,0,2500
45700,499586.0007860035,0,2500
45800,503294.4185992506,0,2500
45900,506860.7183998372,0,2500
46000,510407.0349510814,0,2500
46100,514265.9233130079,0,2500
46200,517855.35855026386,0,2500
46300,521569.75890929165,0,2500
46400,525483.6857106322,0,2500
46500,529244.2440159529,0,2500
46600,533340.2002572214,0,2500
46700,537229.4107748598,0,2500
46800,541135.6380153998,0,2500
46900,545296.4134262365,0,2500
47000,549112.696410632,0,2500
47100,552868.979172989,0,2500
47200,556748.6637425399,0,2500
47300,560652.5637871096,0,2500
47400,564364.6547446934,0,2500
47500,567822.2687036311,0,2500
47600,571629.7380179227,0,2500
47700,575287.400004096,0,2500
47800,579090.7245737928,0,2500
47900,582861.597372868,0,2500
48000,586574.3987035898,0,2500
48100,590258.8204998208,0,2500
48200,594121.4033018796,0,2500
48300,598035.398357005,0,2500
48400,601967.9618328165,0,2500
48500,605930.5766503046,0,2500
48600,609889.2309715957,0,2500
48700,614088.8781173162,0,2500
48800,618355.370781263,0,2500
48900,622601.6346976259,0,2500
49000,627088.2927115196,0,2500
49100,631056.2955169965,0,2500
49200,635397.2230144462,0,2500
49300,639678.124401234,0,2500
49400,644002.5998927313,0,2500
49500,648307.1824667259,0,2500
49600,652424.4410302368,0,2500
49700,656437.1926639684,0,2500
49800,660569.0476240605,0,2500
49900,664826.8319237134,0,2500
50000,669073.4175879657,0,2500
