step,msd_global,n_round,n_elongated
0,0.0,2500,0
100,27.304769814448093,2500,0
200,28.940487588308997,2500,0
300,32.84951090755776,2500,0
400,32.11405868978021,2500,0
500,30.826023622996605,2500,0
600,31.473243199755764,2500,0
700,33.434061790236896,2500,0
800,30.940409139721485,2500,0
900,32.841137742062415,2500,0
1000,33.536287244659704,2500,0
1100,34.76829827004974,2500,0
1200,37.38673656285639,2500,0
1300,36.72079352388819,2500,0
1400,36.7578738112993,2500,0
1500,38.03889608693554,2500,0
1600,38.72820577667556,2500,0
1700,37.42696395960012,2500,0
1800,37.48691016208154,2500,0
1900,37.54436437066874,2500,0
2000,37.544567553149605,2500,0
2100,38.79608195673998,2500,0
2200,38.15085791820027,2500,0
2300,37.47605521945417,2500,0
2400,38.80963071033993,2500,0
2500,37.59598289337865,2500,0
2600,37.60545080062987,2500,0
2700,37.52996469938477,2500,0
2800,38.2009403134172,2500,0
2900,37.553947796024,2500,0
3000,38.80432108525179,2500,0
3100,38.885181444586316,2500,0
3200,40.08640325940704,2500,0
3300,40.12277855868868,2500,0
3400,39.46920710355259,2500,0
3500,39.469867200955925,2500,0
3600,38.82307790714706,2500,0
3700,41.42665871360771,2500,0
3800,39.47357081707982,2500,0
3900,39.47306887565787,2500,0
4000,39.48548771738692,2500,0
4100,39.48478961352669,2500,0
4200,39.49603395521579,2500,0
4300,39.49847143093208,2500,0
4400,39.48865204227346,2500,0
4500,39.48962278451041,2500,0
4600,39.47437773073789,2500,0
4700,39.48931494633752,2500,0
4800,39.486441218752425,2500,0
4900,38.922014747639615,2500,0
5000,40.12497150230021,2500,0
5100,39.48066587332674,2500,0
5200,40.136390323413096,2500,0
5300,40.136060639461284,2500,0
5400,40.13939771831044,2500,0
5500,40.14004125206937,2500,0
5600,40.14373775868242,2500,0
5700,40.15233840087399,2500,0
5800,40.15350351960253,2500,0
5900,40.166321570446584,2500,0
6000,40.15196134781773,2500,0
6100,40.145965656670036,2500,0
6200,40.15219843723308,2500,0
6300,40.144385999150515,2500,0
6400,40.15229051522459,2500,0
6500,40.1521557745405,2500,0
6600,40.15217875505809,2500,0
6700,40.153383329434114,2500,0
6800,40.14995294318471,2500,0
6900,40.152862493394274,2500,0
7000,40.15606664756557,2500,0
7100,40.15487347635996,2500,0
7200,40.158530678791834,2500,0
7300,40.166888658955294,2500,0
7400,40.15183295309502,2500,0
7500,40.156235155291824,2500,0
7600,40.15643526113003,2500,0
7700,40.15131152577015,2500,0
7800,40.1596740207199,2500,0
7900,40.15951963309697,2500,0
8000,40.15764338864997,2500,0
8100,40.14212186152624,2500,0
8200,39.52753542802067,2500,0
8300,40.16170812074599,2500,0
8400,39.53447933233755,2500,0
8500,39.53452312422644,2500,0
8600,39.54366372514833,2500,0
8700,39.53752519711451,2500,0
8800,38.895998094580925,2500,0
8900,38.89949180124943,2500,0
9000,38.90112830992926,2500,0
9100,38.88604322846282,2500,0
9200,38.250158115922936,2500,0
9300,38.89438581057726,2500,0
9400,39.54006053294676,2500,0
9500,38.2632121224769,2500,0
9600,37.679503159388844,2500,0
9700,38.26852991201855,2500,0
9800,38.2556807469349,2500,0
9900,38.25858384861967,2500,0
10000,38.908559728241535,2500,0
10100,38.26486847940624,2500,0
10200,39.550693544642094,2500,0
10300,38.277317908342894,2500,0
10400,39.55237016514728,2500,0
10500,38.277600388391875,2500,0
10600,38.91653699879444,2500,0
10700,38.27053394688892,2500,0
10800,39.58993117914251,2500,0
10900,38.29151706777255,2500,0
11000,39.594173910272794,2500,0
11100,39.594701314126645,2500,0
11200,39.59987779280081,2500,0
11300,39.60572361435261,2500,0
11400,39.60895441966962,2500,0
11500,39.60650920666346,2500,0
11600,39.00723572384693,2500,0
11700,39.62528219749389,2500,0
11800,40.25993373767365,2500,0
11900,39.615693481457456,2500,0
12000,39.03406623744804,2500,0
12100,39.58351678639428,2500,0
12200,38.94659515177149,2500,0
12300,39.631596304701176,2500,0
12400,39.603060642487335,2500,0
12500,39.02192949058351,2500,0
12600,38.29667411098781,2500,0
12700,39.03612562583389,2500,0
12800,37.7094842941471,2500,0
12900,38.30185819176178,2500,0
13000,38.431082149273664,2500,0
13100,35.7709912170454,2500,0
13200,37.645377594111864,2500,0
13300,35.7162610837011,2500,0
13400,35.067909732004836,2500,0
13500,34.372372328816226,2500,0
13600,35.0335710739827,2500,0
13700,35.02848407087028,2500,0
13800,34.38587170935307,2500,0
13900,34.38243541440718,2500,0
14000,34.38514969324969,2500,0
14100,35.02687719555795,2500,0
14200,34.99401411702274,2500,0
14300,35.006450800516944,2500,0
14400,34.38515994963001,2500,0
14500,33.71391266797259,2500,0
14600,35.00482878874616,2500,0
14700,34.34045630781805,2500,0
14800,34.33854576837652,2500,0
14900,33.719687522299935,2500,0
15000,34.999993130957975,2500,0
15100,35.00606279714009,2500,0
15200,35.64120885435024,2500,0
15300,34.98542282001983,2500,0
15400,33.71767789141207,2500,0
15500,34.33027787383071,2500,0
15600,34.99831129961581,2500,0
15700,35.00774001234352,2500,0
15800,34.3524255045356,2500,0
15900,35.010648421535365,2500,0
16000,34.34469474240935,2500,0
16100,34.34259242744761,2500,0
16200,34.350858470504775,2500,0
16300,34.38588468788599,2500,0
16400,34.34384560379641,2500,0
16500,35.012058296841545,2500,0
16600,35.00636632708514,2500,0
16700,35.010457709379125,2500,0
16800,35.00456065352432,2500,0
16900,35.00308908349375,2500,0
17000,34.32854740559949,2500,0
17100,34.33617723188821,2500,0
17200,34.33627674277556,2500,0
17300,34.32667570512536,2500,0
17400,34.329320088386325,2500,0
17500,34.31759981292339,2500,0
17600,34.319013417616986,2500,0
17700,34.31282585341103,2500,0
17800,34.322296288564154,2500,0
17900,34.317136768948636,2500,0
18000,34.32155726044632,2500,0
18100,34.31398356870966,2500,0
18200,34.324088948913655,2500,0
18300,34.33090804619304,2500,0
18400,34.320205713492214,2500,0
18500,34.3223198220577,2500,0
18600,34.32812716968754,2500,0
18700,34.332174097892086,2500,0
18800,34.318147815541344,2500,0
18900,34.330257939877754,2500,0
19000,34.317742402234316,2500,0
19100,34.3154408550478,2500,0
19200,34.316445555200296,2500,0
19300,34.32239527777643,2500,0
19400,34.33288022921866,2500,0
19500,34.31616252538492,2500,0
19600,34.32403041784135,2500,0
19700,34.33579421883804,2500,0
19800,34.32350083001994,2500,0
19900,34.33181417839576,2500,0
20000,34.32837558657587,2500,0
20100,34.3169284857622,2500,0
20200,34.31434069861314,2500,0
20300,34.307935914963295,2500,0
20400,34.31578157875127,2500,0
20500,34.316394915194145,2500,0
20600,34.31484806790341,2500,0
20700,34.31854934688594,2500,0
20800,34.31246163711589,2500,0
20900,34.31393792844553,2500,0
21000,34.31231056914407,2500,0
21100,34.323913654672644,2500,0
21200,34.31505272439539,2500,0
21300,34.32120012849516,2500,0
21400,34.327538065941745,2500,0
21500,34.31018744274323,2500,0
21600,34.32449931502997,2500,0
21700,34.316231349652256,2500,0
21800,34.313767422357714,2500,0
21900,34.97281680165491,2500,0
22000,34.319186758894546,2500,0
22100,34.321258979809066,2500,0
22200,34.32815593274544,2500,0
22300,34.324793190979314,2500,0
22400,34.326734255670345,2500,0
22500,34.32781354095368,2500,0
22600,34.321484295704614,2500,0
22700,34.33287890640767,2500,0
22800,34.32918140079412,2500,0
22900,34.329155832705375,2500,0
23000,34.33417877169122,2500,0
23100,34.32538028378504,2500,0
23200,34.32974191695984,2500,0
23300,34.32407742227677,2500,0
23400,34.326129238973444,2500,0
23500,34.33483579133808,2500,0
23600,34.3312638906634,2500,0
23700,34.33595452210572,2500,0
23800,34.32913390895885,2500,0
23900,34.32287839519728,2500,0
24000,34.32760026951308,2500,0
24100,34.32461974215614,2500,0
24200,34.321534122798234,2500,0
24300,34.32280990701568,2500,0
24400,34.326070483245715,2500,0
24500,34.32887108720293,2500,0
24600,34.32812269019357,2500,0
24700,34.318434644148304,2500,0
24800,34.32274606406263,2500,0
24900,34.332565020612414,2500,0
25000,34.32820278569886,2500,0
25100,34.325073573948195,2500,0
25200,34.31618430845064,2500,0
25300,34.31621258324001,2500,0
25400,34.32084046683733,2500,0
25500,34.3207383347659,2500,0
25600,34.32187676970585,2500,0
25700,34.324636132762684,2500,0
25800,34.337582710447094,2500,0
25900,34.96982882163549,2500,0
26000,34.32116998293855,2500,0
26100,34.32375334125495,2500,0
26200,34.96425417876332,2500,0
26300,34.330907894208806,2500,0
26400,34.32058579489712,2500,0
26500,34.323765714354444,2500,0
26600,34.32361705132259,2500,0
26700,34.31925772940488,2500,0
26800,34.32313374626713,2500,0
26900,34.32676301142302,2500,0
27000,34.32483139844423,2500,0
27100,34.324381435773105,2500,0
27200,34.324062843317144,2500,0
27300,34.31820828896636,2500,0
27400,34.327228983163266,2500,0
27500,34.31824369891371,2500,0
27600,34.973687076508526,2500,0
27700,34.32174668757329,2500,0
27800,34.97261654584404,2500,0
27900,34.326558256922304,2500,0
28000,34.9679008686661,2500,0
28100,34.32672064166517,2500,0
28200,34.97054351323909,2500,0
28300,34.966106168372484,2500,0
28400,34.98025237262248,2500,0
28500,34.98702410495884,2500,0
28600,34.990063908029455,2500,0
28700,34.983669140824645,2500,0
28800,34.98304669222451,2500,0
28900,34.98345172379654,2500,0
29000,34.983878319909856,2500,0
29100,34.98253189360304,2500,0
29200,34.97761926078675,2500,0
29300,34.97515897324696,2500,0
29400,34.97817902014343,2500,0
29500,34.97340101173406,2500,0
29600,34.96320427840539,2500,0
29700,34.97753324853675,2500,0
29800,34.96778904595196,2500,0
29900,34.98463487135189,2500,0
30000,34.98150193770649,2500,0
30100,34.98421120805548,2500,0
30200,34.97753278086903,2500,0
30300,34.98301038885894,2500,0
30400,34.97900000410985,2500,0
30500,34.97006652194825,2500,0
30600,34.97233831527705,2500,0
30700,35.58341425913723,2500,0
30800,34.966415754328665,2500,0
30900,34.96467966491367,2500,0
31000,34.96776212806301,2500,0
31100,34.97437270731409,2500,0
31200,34.962107822557,2500,0
31300,34.95288131881015,2500,0
31400,34.959944766546236,2500,0
31500,34.962012493552045,2500,0
31600,34.957831135682525,2500,0
31700,34.95871495673921,2500,0
31800,34.96778912339415,2500,0
31900,34.954259103375385,2500,0
32000,34.96412602749879,2500,0
32100,34.96654630783568,2500,0
32200,34.97239554151731,2500,0
32300,34.31129087254554,2500,0
32400,34.96255610014469,2500,0
32500,34.315342104976615,2500,0
32600,35.57853559391772,2500,0
32700,34.95860633957651,2500,0
32800,34.96625623165518,2500,0
32900,35.575116846098005,2500,0
33000,34.93875669283868,2500,0
33100,34.95390955128021,2500,0
33200,34.96246630138104,2500,0
33300,34.96136977220068,2500,0
33400,34.95802942012757,2500,0
33500,34.96490099894855,2500,0
33600,34.961582666667525,2500,0
33700,34.31400089872806,2500,0
33800,34.329385926744386,2500,0
33900,34.93467268797965,2500,0
34000,34.32185739622871,2500,0
34100,34.32084950206445,2500,0
34200,33.65331091006705,2500,0
34300,34.332328590964664,2500,0
34400,34.329114960001654,2500,0
34500,34.31545112905881,2500,0
34600,34.32661244837227,2500,0
34700,34.3294984223076,2500,0
34800,34.32390576543731,2500,0
34900,34.325299201309626,2500,0
35000,34.965456211937116,2500,0
35100,34.9731461289014,2500,0
35200,34.33793683384358,2500,0
35300,34.976261525062725,2500,0
35400,34.97570053981204,2500,0
35500,34.97606208485935,2500,0
35600,34.988763052880216,2500,0
35700,34.96774102242594,2500,0
35800,34.96640154913427,2500,0
35900,34.328606130779136,2500,0
36000,34.97672866442389,2500,0
36100,34.9734276708039,2500,0
36200,34.97463631468891,2500,0
36300,34.33438970568919,2500,0
36400,34.33728507058234,2500,0
36500,34.97569855154263,2500,0
36600,34.322470045435516,2500,0
36700,34.332175531992505,2500,0
36800,34.969579728787686,2500,0
36900,34.963697800827255,2500,0
37000,34.32166466616532,2500,0
37100,34.97006405917866,2500,0
37200,34.964693817766246,2500,0
37300,34.97512005181506,2500,0
37400,34.33486146786364,2500,0
37500,34.972423064460585,2500,0
37600,34.32800751419379,2500,0
37700,34.33238781190715,2500,0
37800,34.32463485212804,2500,0
37900,34.96931662338599,2500,0
38000,34.97489921328969,2500,0
38100,34.98242661557172,2500,0
38200,34.973601078336365,2500,0
38300,34.330042955362245,2500,0
38400,34.34283462182406,2500,0
38500,34.97011342576613,2500,0
38600,34.96376349040969,2500,0
38700,34.96757390349012,2500,0
38800,34.954472630691306,2500,0
38900,34.96411539846052,2500,0
39000,34.971680185886335,2500,0
39100,34.33595959242436,2500,0
39200,34.970911561683494,2500,0
39300,34.34087296021443,2500,0
39400,34.97007966384216,2500,0
39500,34.33670836750442,2500,0
39600,34.97216291594537,2500,0
39700,34.97198702311164,2500,0
39800,33.69960227329527,2500,0
39900,34.97571958687623,2500,0
40000,34.96644455165841,2500,0
40100,34.9664225281873,2500,0
40200,34.972576262259295,2500,0
40300,34.35151729763707,2500,0
40400,34.97061303366037,2500,0
40500,34.33897563296349,2500,0
40600,34.970386327148965,2500,0
40700,34.96560690181262,2500,0
40800,34.966891719351246,2500,0
40900,34.33612792274402,2500,0
41000,34.97702556535477,2500,0
41100,34.3383452271277,2500,0
41200,34.34103032538544,2500,0
41300,34.97302697206321,2500,0
41400,34.97109801409238,2500,0
41500,34.34255909519198,2500,0
41600,34.32538729904959,2500,0
41700,34.32476811404921,2500,0
41800,34.31555853182809,2500,0
41900,34.330260747878945,2500,0
42000,34.971212393210656,2500,0
42100,34.969643702941674,2500,0
42200,34.32727694718061,2500,0
42300,34.971558841574414,2500,0
42400,34.344909784199295,2500,0
42500,34.97835221893277,2500,0
42600,34.3423730796381,2500,0
42700,34.97608577253335,2500,0
42800,34.35138080505368,2500,0
42900,34.98461221243741,2500,0
43000,34.359200623576704,2500,0
43100,34.986169421614605,2500,0
43200,34.98392209417985,2500,0
43300,34.98672523245775,2500,0
43400,34.35130308028416,2500,0
43500,34.982485584069515,2500,0
43600,34.97771090592132,2500,0
43700,34.35317444156911,2500,0
43800,34.363064469490936,2500,0
43900,33.719783297453155,2500,0
44000,34.97469958096995,2500,0
44100,33.7076278887728,2500,0
44200,34.33493731294772,2500,0
44300,34.339354120682756,2500,0
44400,34.34945801489704,2500,0
44500,34.982009623116376,2500,0
44600,34.983401372090626,2500,0
44700,34.98094251102751,2500,0
44800,34.981062388223,2500,0
44900,34.99295103244662,2500,0
45000,34.990047437075745,2500,0
45100,34.98063359780165,2500,0
45200,34.97381663721913,2500,0
45300,34.980625281882325,2500,0
45400,34.97739126966913,2500,0
45500,34.97566299512773,2500,0
45600,34.98576732051091,2500,0
45700,34.98470781197148,2500,0
45800,34.99301508265369,2500,0
45900,34.97637559678665,2500,0
46000,34.980461712157464,2500,0
46100,34.99238153295508,2500,0
46200,34.98492276371341,2500,0
46300,34.98405819024078,2500,0
46400,34.3493078202951,2500,0
46500,34.98606361897455,2500,0
46600,34.99040692234367,2500,0
46700,34.99136303125135,2500,0
46800,34.98902081836545,2500,0
46900,34.98861090933504,2500,0
47000,34.98607611506492,2500,0
47100,34.99235983503345,2500,0
47200,34.3624162172238,2500,0
47300,34.98503129067131,2500,0
47400,34.992967748525146,2500,0
47500,34.34230633615336,2500,0
47600,34.98269930012347,2500,0
47700,34.988904123038765,2500,0
47800,34.34538560697088,2500,0
47900,34.982291414222516,2500,0
48000,34.98911705422519,2500,0
48100,34.983425473591,2500,0
48200,34.992284742608746,2500,0
48300,34.362532932861065,2500,0
48400,34.97827830556023,2500,0
48500,34.98567239862452,2500,0
48600,34.99442305066677,2500,0
48700,34.976408996648644,2500,0
48800,34.984627389372385,2500,0
48900,34.99285932680493,2500,0
49000,34.981890584347674,2500,0
49100,34.985485829602645,2500,0
49200,34.97750746241896,2500,0
49300,34.980908558417696,2500,0
49400,34.975128722167554,2500,0
49500,34.97553932672439,2500,0
49600,34.98050500385087,2500,0
49700,34.985118825608446,2500,0
49800,34.97696676222016,2500,0
49900,34.969203527287235,2500,0
50000,34.993871482210324,2500,0
