step,msd_global,n_round,n_elongated
0,0.0,2500,0
100,18.898732023578184,2500,0
200,19.92007418459325,2481,19
300,25.99771884948347,2466,34
400,29.5120111255406,2455,45
500,33.59680496273489,2437,63
600,35.29384908044763,2416,84
700,36.33975924667787,2398,102
800,38.38964050373076,2366,134
900,46.948148239154335,2341,159
1000,51.618492725291524,2314,186
1100,57.720633437445294,2285,215
1200,68.18798697701145,2250,250
1300,77.75795270769505,2226,274
1400,90.01528698946862,2201,299
1500,105.45112550975755,2169,331
1600,119.48148462236584,2124,376
1700,137.48257355482193,2096,404
1800,154.20031278144393,2072,428
1900,172.10165515277097,2039,461
2000,196.42143665792426,2016,484
2100,225.2329918367869,2004,496
2200,245.68229124990316,1995,505
2300,267.26085373163863,1991,509
2400,290.26122296910586,1986,514
2500,313.10469962391903,1949,551
2600,338.5761392088098,1932,568
2700,360.91060040231145,1910,590
2800,384.5833781969673,1897,603
2900,413.2856954551771,1870,630
3000,439.9822412509693,1848,652
3100,476.0489869617889,1853,647
3200,499.2945871552374,1852,648
3300,535.4847005855582,1845,655
3400,566.3160839646825,1812,688
3500,585.4387076473157,1823,677
3600,611.0384118746317,1814,686
3700,640.6025967119623,1800,700
3800,676.1247626143554,1769,731
3900,708.9942183894318,1755,745
4000,752.5970353413045,1744,756
4100,794.2430404321626,1732,768
4200,837.1726429602974,1718,782
4300,886.1481312142719,1699,801
4400,916.3508773854275,1680,820
4500,938.4764172774505,1668,832
4600,959.4040897055909,1677,823
4700,973.6456175382983,1660,840
4800,999.1036987121731,1657,843
4900,1022.779039739571,1643,857
5000,1057.1822403274189,1635,865
5100,1097.464254416698,1609,891
5200,1141.4917004647154,1593,907
5300,1192.3135572895733,1585,915
5400,1252.2820926163292,1582,918
5500,1322.0562690883194,1575,925
5600,1395.1121586687607,1568,932
5700,1464.1418179587238,1563,937
5800,1527.2426062710083,1541,959
5900,1598.215902716303,1509,991
6000,1663.917326027444,1485,1015
6100,1736.4013011733093,1459,1041
6200,1791.0660870874103,1436,1064
6300,1842.3289166022096,1420,1080
6400,1907.4892285016476,1403,1097
6500,1988.580032753761,1408,1092
6600,2057.9196951318063,1437,1063
6700,2138.385568757983,1449,1051
6800,2220.4691939308395,1445,1055
6900,2279.115100792127,1440,1060
7000,2338.4573488260557,1452,1048
7100,2387.11693203424,1467,1033
7200,2457.944454041504,1447,1053
7300,2534.987813469115,1430,1070
7400,2618.3074892849863,1400,1100
7500,2702.0277214053403,1391,1109
7600,2787.9025948836597,1388,1112
7700,2896.3186551898807,1370,1130
7800,3013.9907142605093,1352,1148
7900,3130.3778586116696,1348,1152
8000,3245.0303861437437,1315,1185
8100,3345.4872144302594,1307,1193
8200,3443.6505696741447,1325,1175
8300,3569.2264599746004,1314,1186
8400,3695.0328473310374,1290,1210
8500,3808.140671437408,1284,1216
8600,3897.354661527589,1296,1204
8700,3958.239577874266,1294,1206
8800,4031.034485713289,1298,1202
8900,4083.2078814573674,1296,1204
9000,4144.960518336522,1306,1194
9100,4201.372645405445,1306,1194
9200,4282.4970823515205,1312,1188
9300,4339.284026215452,1322,1178
9400,4398.322985965402,1320,1180
9500,4459.854215743429,1303,1197
9600,4523.541271809779,1293,1207
9700,4612.527386380453,1299,1201
9800,4712.993389858995,1312,1188
9900,4808.543174275587,1321,1179
10000,4913.898673382632,1340,1160
10100,5055.737710587743,1344,1156
10200,5199.125536813074,1353,1147
10300,5374.712407889123,1378,1122
10400,5562.162179973168,1383,1117
10500,5724.678961006362,1375,1125
10600,5841.161043135914,1390,1110
10700,5980.005099799238,1391,1109
10800,6112.317545532062,1395,1105
10900,6225.941442706592,1384,1116
11000,6310.858110311794,1383,1117
11100,6389.378716226296,1375,1125
11200,6492.738354768035,1384,1116
11300,6583.125200885782,1387,1113
11400,6675.41518647906,1382,1118
11500,6807.1239103273365,1363,1137
11600,6894.369219166262,1344,1156
11700,6936.3107653101415,1326,1174
11800,7043.241565343189,1314,1186
11900,7158.269247704202,1270,1230
12000,7289.649868579096,1257,1243
12100,7432.998612156704,1221,1279
12200,7578.367391257512,1199,1301
12300,7763.669039342651,1192,1308
12400,7982.760780032301,1203,1297
12500,8205.728320152291,1191,1309
12600,8424.311463210586,1175,1325
12700,8659.479277689066,1162,1338
12800,8860.049436120451,1168,1332
12900,9041.916917384067,1159,1341
13000,9246.664808017214,1165,1335
13100,9434.884367985145,1162,1338
13200,9591.063920790592,1135,1365
13300,9715.912413499615,1119,1381
13400,9874.387657242774,1109,1391
13500,10041.883461789994,1083,1417
13600,10205.11040046462,1084,1416
13700,10336.407784873994,1077,1423
13800,10524.14910439277,1059,1441
13900,10696.66299165115,1054,1446
14000,10929.991186262483,1044,1456
14100,11162.893531224081,1030,1470
14200,11375.620778357843,1019,1481
14300,11572.376402274776,1014,1486
14400,11789.787847704807,992,1508
14500,12010.901838769292,980,1520
14600,12161.203464106,980,1520
14700,12361.948536159183,984,1516
14800,12580.560562730483,1015,1485
14900,12793.339416131517,1023,1477
15000,12991.61288444458,1042,1458
15100,13213.510489434175,1045,1455
15200,13434.33806079427,1075,1425
15300,13652.369922320313,1104,1396
15400,13864.358381150496,1122,1378
15500,14051.92657635088,1140,1360
15600,14255.052288628602,1131,1369
15700,14434.698531005502,1142,1358
15800,14635.601444609501,1167,1333
15900,14845.422558750975,1195,1305
16000,15074.004664524713,1195,1305
16100,15304.885062526972,1206,1294
16200,15522.990968403423,1215,1285
16300,15632.647538792753,1219,1281
16400,15706.356539204035,1231,1269
16500,15819.20394774603,1235,1265
16600,15945.883367563783,1218,1282
16700,16092.19702322773,1196,1304
16800,16210.137549096054,1169,1331
16900,16388.87597653705,1162,1338
17000,16592.18890505262,1158,1342
17100,16722.00363422748,1164,1336
17200,16842.478433285134,1143,1357
17300,16937.465095099597,1136,1364
17400,17065.119246611954,1106,1394
17500,17251.621645045565,1089,1411
17600,17427.578639594263,1081,1419
17700,17654.542873174607,1070,1430
17800,17802.094272150574,1074,1426
17900,17999.37964874503,1052,1448
18000,18206.732747997798,1062,1438
18100,18436.702392512285,1056,1444
18200,18657.419248012695,1070,1430
18300,18873.70290796273,1081,1419
18400,19118.49500633993,1080,1420
18500,19359.750379651,1072,1428
18600,19577.020665024305,1063,1437
18700,19820.994944015678,1056,1444
18800,20090.699169638436,1040,1460
18900,20255.669712603176,1044,1456
19000,20455.78267916287,1025,1475
19100,20626.671451918428,1029,1471
19200,20824.17849289729,998,1502
19300,21050.127635784876,988,1512
19400,21266.95114850974,964,1536
19500,21448.224083431254,949,1551
19600,21579.270511146682,953,1547
19700,21684.56287058161,961,1539
19800,21852.443438676863,956,1544
19900,22024.335892345865,953,1547
20000,22219.19308010974,950,1550
20100,22443.781472333532,960,1540
20200,22699.207135511657,964,1536
20300,22959.88738439093,980,1520
20400,23265.01011957476,979,1521
20500,23526.593185297246,994,1506
20600,23907.591030881176,976,1524
20700,24293.811878583132,963,1537
20800,24656.8715621233,943,1557
20900,25054.538103368966,936,1564
21000,25440.44297327346,933,1567
21100,25823.121519125583,921,1579
21200,26180.500992033078,911,1589
21300,26471.54137416493,896,1604
21400,26800.51705874909,878,1622
21500,27105.079399136244,841,1659
21600,27343.43579621784,806,1694
21700,27634.933361180734,799,1701
21800,27886.498363918643,786,1714
21900,28133.476944380796,764,1736
22000,28463.682696776392,747,1753
22100,28805.254022049176,738,1762
22200,29110.438391343927,731,1769
22300,29401.726885409786,713,1787
22400,29671.788310320877,699,1801
22500,29982.798447342382,689,1811
22600,30293.13106641301,691,1809
22700,30689.033734661873,699,1801
22800,31029.369946995183,694,1806
22900,31425.204738068474,687,1813
23000,31826.22452832656,691,1809
23100,32207.03328223443,701,1799
23200,32684.0252977554,714,1786
23300,33200.82083505088,710,1790
23400,33660.697474783425,744,1756
23500,34105.325629433464,752,1748
23600,34587.20156408797,776,1724
23700,35078.21347847088,782,1718
23800,35534.6198993403,787,1713
23900,36031.20356178145,782,1718
24000,36542.09528598347,790,1710
24100,36958.32037226572,787,1713
24200,37469.687172673264,776,1724
24300,37823.506352646014,763,1737
24400,38249.81849978633,758,1742
24500,38648.100819975945,763,1737
24600,39037.04432343912,755,1745
24700,39478.95630817604,752,1748
24800,39955.7986692843,750,1750
24900,40322.05466468406,733,1767
25000,40691.66926576471,716,1784
25100,41121.592561232654,691,1809
25200,41526.75072754331,665,1835
25300,41942.77637040833,642,1858
25400,42485.14552649748,623,1877
25500,43050.36405837472,599,1901
25600,43539.87238378965,584,1916
25700,44149.329823452914,565,1935
25800,44699.49089430678,555,1945
25900,45239.00814071398,550,1950
26000,45837.717562728656,544,1956
26100,46412.198694901155,538,1962
26200,46990.8473856388,524,1976
26300,47597.51681235981,519,1981
26400,48167.38253258481,508,1992
26500,48865.79306536747,495,2005
26600,49534.494063159815,491,2009
26700,50234.806907432736,484,2016
26800,50878.4062898148,466,2034
26900,51408.73552064502,446,2054
27000,51780.750420009055,431,2069
27100,52294.98201601498,406,2094
27200,52865.3839221223,397,2103
27300,53424.69575209614,398,2102
27400,54047.76114291754,392,2108
27500,54751.48211494222,381,2119
27600,55349.08970307702,385,2115
27700,55940.15130372534,388,2112
27800,56610.81877060266,374,2126
27900,57248.95700772556,373,2127
28000,57936.45157256311,376,2124
28100,58675.83207701488,384,2116
28200,59387.23729185643,372,2128
28300,60106.846422269155,380,2120
28400,60910.89233062026,382,2118
28500,61611.74022510296,380,2120
28600,62386.726993403325,376,2124
28700,63167.4026647501,387,2113
28800,63934.94985851795,390,2110
28900,64800.78204188959,386,2114
29000,65623.95464103093,402,2098
29100,66371.03281760441,402,2098
29200,67201.06584936849,405,2095
29300,67870.82417235649,418,2082
29400,68536.82014299138,428,2072
29500,69243.14449096085,442,2058
29600,69946.07028734355,468,2032
29700,70673.54086991759,476,2024
29800,71574.2291989294,488,2012
29900,72311.07406605837,487,2013
30000,73060.41461667173,492,2008
30100,73914.14442967066,507,1993
30200,74806.04191366336,521,1979
30300,75583.83410732946,537,1963
30400,76477.53782955685,525,1975
30500,77279.69828293688,520,1980
30600,78189.82480484585,520,1980
30700,79076.3666786205,509,1991
30800,79936.63108132702,507,1993
30900,80762.79594038063,504,1996
31000,81607.28417664407,515,1985
31100,82519.22028377806,492,2008
31200,83471.84103348396,495,2005
31300,84375.55331408604,486,2014
31400,85351.80286294417,497,2003
31500,86285.85392447756,495,2005
31600,87087.01424704964,486,2014
31700,87792.26814082994,470,2030
31800,88781.97676681928,464,2036
31900,89494.55251553988,445,2055
32000,90443.72800424705,438,2062
32100,91425.06657129536,436,2064
32200,92433.1178139323,433,2067
32300,93329.13602252699,440,2060
32400,94177.22717219203,442,2058
32500,95264.89799702918,440,2060
32600,96300.24483330737,434,2066
32700,97318.55168369277,433,2067
32800,98310.50276884758,413,2087
32900,99391.054439312,404,2096
33000,100456.068925438,395,2105
33100,101574.76974208512,380,2120
33200,102629.38861114088,356,2144
33300,103673.18491562373,334,2166
33400,104785.22672669642,314,2186
33500,105835.64055425141,289,2211
33600,107007.16600233036,267,2233
33700,108100.9361143966,245,2255
33800,109332.14694069118,220,2280
33900,110447.32628917179,194,2306
34000,111602.33182134874,167,2333
34100,112565.04841963002,145,2355
34200,113590.58795397256,131,2369
34300,114751.0761360765,127,2373
34400,115900.56272430094,133,2367
34500,117273.31601380349,143,2357
34600,118539.33670110641,139,2361
34700,119855.31847421474,140,2360
34800,121203.60999423527,144,2356
34900,122514.58562701377,140,2360
35000,123788.21322096167,129,2371
35100,125152.90714540727,136,2364
35200,126501.03459016442,129,2371
35300,127957.91941025753,121,2379
35400,129331.13556726034,112,2388
35500,130770.6506054645,102,2398
35600,132128.1347208052,94,2406
35700,133577.0738609033,85,2415
35800,134955.98614840774,76,2424
35900,136361.93984911952,71,2429
36000,137892.01409094696,66,2434
36100,139290.46954551394,61,2439
36200,140833.22386611023,46,2454
36300,142240.38241023422,44,2456
36400,143660.72347100507,50,2450
36500,145115.52195256113,36,2464
36600,146576.09402113067,41,2459
36700,148019.38998478482,38,2462
36800,149660.99521609192,36,2464
36900,151391.62540568938,38,2462
37000,153112.57257377496,40,2460
37100,154844.6862004485,37,2463
37200,156355.4127019316,30,2470
37300,157934.48909017767,26,2474
37400,159597.80528150522,30,2470
37500,161291.42077227088,28,2472
37600,163104.34126545503,31,2469
37700,164802.58225830246,31,2469
37800,166619.79958898062,29,2471
37900,168417.25087378683,28,2472
38000,170271.80796303492,29,2471
38100,172114.7706074789,28,2472
38200,173678.32900132047,28,2472
38300,175481.50154272042,28,2472
38400,177227.15523692753,30,2470
38500,178915.60294787746,30,2470
38600,180508.64365656432,31,2469
38700,182258.06625752797,31,2469
38800,183970.3688520766,31,2469
38900,185898.1629775331,32,2468
39000,187687.46218576288,36,2464
39100,189808.55549187693,36,2464
39200,191849.61114238526,36,2464
39300,193899.0489490881,36,2464
39400,195825.09319928757,36,2464
39500,197831.65403703618,36,2464
39600,199815.44763704584,36,2464
39700,201879.1259668958,36,2464
39800,203892.96939553393,36,2464
39900,205953.6090990437,36,2464
40000,208049.5922970347,34,2466
40100,210152.61482884287,31,2469
40200,212269.3905815437,27,2473
40300,214411.66501344307,23,2477
40400,216522.06468385912,18,2482
40500,218433.00933754616,14,2486
40600,220562.3563821558,12,2488
40700,222535.43504679026,10,2490
40800,224394.53945254555,8,2492
40900,226357.86387288655,6,2494
41000,228468.7174174384,6,2494
41100,230437.90580276583,7,2493
41200,232783.03797550756,7,2493
41300,235192.3531661667,7,2493
41400,237608.72647623104,7,2493
41500,239730.77292517902,7,2493
41600,241866.0441968226,7,2493
41700,244218.1557599995,8,2492
41800,246605.33848641606,7,2493
41900,248856.10685263757,9,2491
42000,251187.24917107535,9,2491
42100,253610.97438310098,9,2491
42200,256157.42216607695,9,2491
42300,258627.17220113226,9,2491
42400,261023.9657686205,9,2491
42500,263563.6077926519,9,2491
42600,265866.6149362461,9,2491
42700,268186.82267694327,8,2492
42800,270394.143894559,8,2492
42900,272627.71053692227,8,2492
43000,274882.67368295934,8,2492
43100,277230.43968437106,8,2492
43200,279550.61320335703,8,2492
43300,282089.4349407994,8,2492
43400,284730.0869809352,8,2492
43500,287480.11481065734,8,2492
43600,290106.1653771956,8,2492
43700,292533.0006021185,6,2494
43800,295032.6287887077,6,2494
43900,297635.10703082517,6,2494
44000,300391.68459572067,6,2494
44100,303052.54360203276,6,2494
44200,305828.778352112,6,2494
44300,308664.5375799825,6,2494
44400,311473.2827524655,11,2489
44500,314076.92423039465,14,2486
44600,316767.52655130095,19,2481
44700,319586.430731749,31,2469
44800,322154.1469085847,36,2464
44900,324823.8252108799,39,2461
45000,327418.83236943866,42,2458
45100,329874.9380124774,45,2455
45200,332525.297486085,46,2454
45300,335148.1813589461,49,2451
45400,338085.8407874159,49,2451
45500,341029.91212868155,57,2443
45600,343958.88998465776,57,2443
45700,346702.7477553856,64,2436
45800,349417.6522804511,74,2426
45900,352361.46705273946,87,2413
46000,355118.6605461319,96,2404
46100,357793.3046748358,107,2393
46200,360806.5052564686,126,2374
46300,363784.7370685354,141,2359
46400,366395.6396751935,146,2354
46500,369472.77015686524,156,2344
46600,372309.17550996173,173,2327
46700,375114.6138092989,178,2322
46800,377959.6734138273,195,2305
46900,380572.7103872775,203,2297
47000,383367.79670732,208,2292
47100,385936.8825067282,221,2279
47200,388396.6295132335,230,2270
47300,391189.9540519104,240,2260
47400,393820.8638108912,250,2250
47500,396684.82782580116,260,2240
47600,399537.07538630156,279,2221
47700,402379.42857313977,281,2219
47800,405041.0368026797,283,2217
47900,407874.5689921607,291,2209
48000,410422.740683608,288,2212
48100,413101.255811041,281,2219
48200,415576.24080521805,277,2223
48300,418309.86715692683,274,2226
48400,420993.78180183447,271,2229
48500,423822.65107716,267,2233
48600,426588.14020864817,265,2235
48700,429466.9469386628,267,2233
48800,432421.6350965328,262,2238
48900,435151.9918594141,264,2236
49000,438132.09332795045,262,2238
49100,441159.37148690794,260,2240
49200,443839.7601638956,256,2244
49300,446978.13291399763,252,2248
49400,449700.3488584325,247,2253
49500,452878.3564666468,245,2255
49600,456048.22624630487,246,2254
49700,459255.807318173,241,2259
49800,462254.89866408746,236,2264
49900,465472.97683494654,236,2264
50000,468620.35078779457,233,2267
