step,msd_global,n_round,n_elongated
0,0.0,2500,0
100,24.14625177752225,2500,0
200,29.128382865426932,2491,9
300,31.702193860739936,2486,14
400,35.07346051771558,2481,19
500,35.06550570035286,2474,26
600,38.57219608887383,2461,39
700,39.195984136928935,2449,51
800,41.27919901669564,2436,64
900,43.90668828980507,2421,79
1000,50.296209644158786,2408,92
1100,53.82508987707648,2389,111
1200,61.3598411373039,2371,129
1300,67.02808835528062,2342,158
1400,75.55512244363057,2319,181
1500,86.64648960402366,2296,204
1600,95.19187177732734,2272,228
1700,106.02597451694831,2245,255
1800,114.99655142195961,2233,267
1900,129.94319308317134,2207,293
2000,142.9676515661255,2177,323
2100,164.09618101226917,2147,353
2200,183.48042618605425,2131,369
2300,203.22462135208548,2109,391
2400,223.84478722620355,2079,421
2500,236.3924970303041,2066,434
2600,244.7515538992566,2041,459
2700,265.53717165019606,2032,468
2800,288.86808837855057,2025,475
2900,308.0569359936041,2012,488
3000,326.5831142763001,1994,506
3100,348.09882729424316,1979,521
3200,370.33194983015954,1986,514
3300,393.51302257936027,1986,514
3400,418.8174949382064,1980,520
3500,446.1670062717317,1975,525
3600,472.5055486475069,1953,547
3700,502.3694856383657,1932,568
3800,528.7548971290663,1927,573
3900,557.4266360605998,1907,593
4000,587.9043194347041,1895,605
4100,626.3496518692134,1893,607
4200,665.460866244981,1881,619
4300,703.714107213225,1891,609
4400,752.7129492771325,1896,604
4500,802.4030403315819,1877,623
4600,845.9534192488596,1862,638
4700,885.0010934770352,1842,658
4800,920.5099325608275,1827,673
4900,953.817972150081,1807,693
5000,990.6433593223968,1796,704
5100,1023.2008628834676,1778,722
5200,1063.5650816284035,1778,722
5300,1101.375528672689,1771,729
5400,1138.3780469525375,1765,735
5500,1181.1006490499099,1767,733
5600,1226.8909739706664,1760,740
5700,1278.2088346184821,1759,741
5800,1327.110451414191,1749,751
5900,1379.187754241638,1743,757
6000,1415.648625845034,1737,763
6100,1461.60766574509,1722,778
6200,1494.8764052420684,1706,794
6300,1524.501000278462,1670,830
6400,1557.1706801364041,1645,855
6500,1582.3399891808322,1626,874
6600,1624.760601214006,1623,877
6700,1659.1489714403779,1602,898
6800,1710.6595588825382,1585,915
6900,1773.1157024453237,1576,924
7000,1836.8229725318197,1573,927
7100,1905.0680703756161,1563,937
7200,1981.4251189678687,1567,933
7300,2062.1739421737657,1546,954
7400,2146.73902726892,1531,969
7500,2222.622732673607,1508,992
7600,2298.587462657849,1503,997
7700,2361.208411966382,1500,1000
7800,2431.2813851734495,1480,1020
7900,2484.8376796068633,1458,1042
8000,2549.5087851872677,1449,1051
8100,2633.61746877429,1445,1055
8200,2714.538255225021,1444,1056
8300,2781.9083031585574,1434,1066
8400,2878.117095219717,1418,1082
8500,2973.580019877635,1410,1090
8600,3073.8420745472235,1396,1104
8700,3191.17276296018,1385,1115
8800,3273.312504539327,1376,1124
8900,3361.8102897223107,1377,1123
9000,3461.9705366473677,1373,1127
9100,3579.760107207293,1369,1131
9200,3705.817739370148,1342,1158
9300,3835.522236574544,1344,1156
9400,3979.9537381673326,1330,1170
9500,4117.384863633912,1322,1178
9600,4241.138995405239,1317,1183
9700,4384.299356854866,1320,1180
9800,4484.70250485084,1318,1182
9900,4583.385022981769,1319,1181
10000,4682.595986039845,1315,1185
10100,4769.550798540774,1313,1187
10200,4865.208703797081,1307,1193
10300,4990.5820310257595,1303,1197
10400,5112.747192672982,1296,1204
10500,5223.167467635688,1273,1227
10600,5373.137976211919,1268,1232
10700,5518.732482021114,1258,1242
10800,5696.696408302152,1257,1243
10900,5869.287026800409,1227,1273
11000,6069.543994710328,1219,1281
11100,6265.454187477091,1189,1311
11200,6460.685179403122,1205,1295
11300,6663.748750294655,1193,1307
11400,6861.688780123272,1191,1309
11500,7070.464567710501,1177,1323
11600,7254.255842760053,1172,1328
11700,7475.056622660516,1185,1315
11800,7691.139312262558,1176,1324
11900,7922.196561688048,1171,1329
12000,8109.993477745628,1169,1331
12100,8261.862885025159,1199,1301
12200,8420.416060987827,1209,1291
12300,8568.650209608644,1222,1278
12400,8719.865764503977,1249,1251
12500,8863.757820499324,1233,1267
12600,9005.23214667078,1224,1276
12700,9138.882622758649,1204,1296
12800,9313.153500043149,1193,1307
12900,9462.857458665387,1177,1323
13000,9645.977555705917,1186,1314
13100,9851.484549915054,1187,1313
13200,10050.550241623683,1177,1323
13300,10299.600127504653,1176,1324
13400,10530.236563893568,1154,1346
13500,10783.306966335049,1141,1359
13600,11032.458559633385,1157,1343
13700,11276.66366998299,1156,1344
13800,11534.566232312043,1160,1340
13900,11777.047294182312,1194,1306
14000,11984.11665334889,1187,1313
14100,12181.028981109703,1198,1302
14200,12352.724800877635,1195,1305
14300,12516.876246827629,1202,1298
14400,12601.998225064961,1201,1299
14500,12749.766569860465,1197,1303
14600,12899.01703355607,1181,1319
14700,13021.741662129649,1166,1334
14800,13163.691129865621,1162,1338
14900,13328.78602749924,1155,1345
15000,13485.666811807263,1150,1350
15100,13674.033105990202,1146,1354
15200,13815.822286757135,1148,1352
15300,13963.331174920088,1132,1368
15400,14144.862884472794,1116,1384
15500,14300.629293091384,1119,1381
15600,14476.387714479995,1112,1388
15700,14639.589435348835,1133,1367
15800,14818.29160236386,1130,1370
15900,15023.759648175686,1114,1386
16000,15192.287141128498,1129,1371
16100,15329.669901080766,1121,1379
16200,15459.410425200334,1138,1362
16300,15623.945485349259,1143,1357
16400,15835.258205275768,1120,1380
16500,16034.303917635063,1096,1404
16600,16215.821938152834,1067,1433
16700,16427.37781233524,1070,1430
16800,16632.587151267762,1065,1435
16900,16830.483820955746,1074,1426
17000,17068.568574125766,1076,1424
17100,17346.355686433464,1077,1423
17200,17626.145233928524,1068,1432
17300,17926.22470526352,1058,1442
17400,18172.102682786925,1076,1424
17500,18399.513610971044,1085,1415
17600,18593.179601022024,1092,1408
17700,18701.013358192435,1097,1403
17800,18720.66659606843,1084,1416
17900,18741.318755987846,1069,1431
18000,18771.351995295197,1054,1446
18100,18806.37132210502,1062,1438
18200,18837.15949154648,1038,1462
18300,18940.44622131288,1016,1484
18400,19046.035311322554,1003,1497
18500,19151.457310339727,1000,1500
18600,19252.536996484156,1001,1499
18700,19365.28077141509,1027,1473
18800,19446.629863333397,1023,1477
18900,19500.472220341773,1015,1485
19000,19573.146012943762,1017,1483
19100,19650.329034892464,1017,1483
19200,19760.298635722746,1000,1500
19300,19910.276134275613,986,1514
19400,20079.27858335441,985,1515
19500,20169.921066293024,985,1515
19600,20395.48962747379,959,1541
19700,20632.704376769474,944,1556
19800,20838.232625540215,935,1565
19900,21077.561935659556,913,1587
20000,21279.6437064452,897,1603
20100,21465.143934970092,900,1600
20200,21721.700494546883,894,1606
20300,21955.638137390295,871,1629
20400,22229.788954104395,864,1636
20500,22529.1110184678,845,1655
20600,22845.329654336165,845,1655
20700,23222.500840048073,822,1678
20800,23546.940532186207,811,1689
20900,23905.300035197597,781,1719
21000,24276.916069824016,795,1705
21100,24618.274871729314,801,1699
21200,24982.13803654611,795,1705
21300,25385.25991220006,775,1725
21400,25795.766554975224,756,1744
21500,26194.291754801707,744,1756
21600,26617.55438212456,735,1765
21700,27025.254520874536,727,1773
21800,27429.346343168443,704,1796
21900,27841.619334047387,696,1804
22000,28264.060055160768,700,1800
22100,28645.596100503873,684,1816
22200,29034.82922324783,659,1841
22300,29467.13802686302,644,1856
22400,29900.86204278399,631,1869
22500,30286.174889304388,628,1872
22600,30745.32381976575,619,1881
22700,31196.212464360477,611,1889
22800,31665.48941304971,614,1886
22900,32096.960255341943,618,1882
23000,32557.79086447816,618,1882
23100,32951.282911695445,621,1879
23200,33363.59290312494,620,1880
23300,33804.55171526448,616,1884
23400,34293.15552879393,606,1894
23500,34768.870462816245,603,1897
23600,35312.35611925022,582,1918
23700,35857.388646142754,581,1919
23800,36424.94249747633,582,1918
23900,37045.96189060687,575,1925
24000,37573.547104782236,566,1934
24100,38118.53136251381,541,1959
24200,38715.91232485561,533,1967
24300,39261.70605202564,515,1985
24400,39810.80416587627,481,2019
24500,40382.40081719311,465,2035
24600,40994.41572610652,451,2049
24700,41640.90503282715,440,2060
24800,42319.01639891899,436,2064
24900,42967.01742622906,420,2080
25000,43648.49585823294,420,2080
25100,44328.75849822289,405,2095
25200,44950.580189076536,382,2118
25300,45560.00149481872,372,2128
25400,46224.88612357908,355,2145
25500,46829.83133262031,348,2152
25600,47462.737407875524,364,2136
25700,48136.81733683952,363,2137
25800,48719.98533642481,370,2130
25900,49356.485393490104,389,2111
26000,50021.28201409865,402,2098
26100,50653.00074297588,401,2099
26200,51314.65871532973,419,2081
26300,51983.85234134748,436,2064
26400,52662.0388116983,466,2034
26500,53323.6018355424,502,1998
26600,54058.16982322603,525,1975
26700,54777.11927035959,551,1949
26800,55397.22328583535,590,1910
26900,56059.719760858294,597,1903
27000,56685.84497272696,615,1885
27100,57369.933257261,650,1850
27200,57955.40584366319,682,1818
27300,58517.996424954035,693,1807
27400,59132.4930348809,703,1797
27500,59747.00930439713,707,1793
27600,60336.773138136385,698,1802
27700,60875.67262859196,691,1809
27800,61392.21915912415,686,1814
27900,61930.882746746516,684,1816
28000,62399.35709835726,674,1826
28100,62939.8147588755,668,1832
28200,63431.18970556266,667,1833
28300,64041.46000960464,663,1837
28400,64557.84547906957,662,1838
28500,65143.990774200836,660,1840
28600,65800.12949395803,653,1847
28700,66429.99892918386,644,1856
28800,67081.93930765681,648,1852
28900,67949.08254909942,652,1848
29000,68734.28401704507,653,1847
29100,69602.55627048758,656,1844
29200,70390.8589158683,651,1849
29300,71235.6577356721,651,1849
29400,72131.42066819653,656,1844
29500,73055.32847978336,670,1830
29600,73957.16567440014,667,1833
29700,74879.61450418587,650,1850
29800,75768.23442660684,637,1863
29900,76680.67747924663,617,1883
30000,77701.47490388752,601,1899
30100,78668.78209643185,597,1903
30200,79643.65027632372,595,1905
30300,80705.83818540347,591,1909
30400,81758.84885146563,579,1921
30500,82852.83054427935,574,1926
30600,83860.21795720149,565,1935
30700,84954.2984940031,550,1950
30800,85939.09907305427,539,1961
30900,86958.91257155393,528,1972
31000,88080.15929562108,520,1980
31100,89168.64714484935,513,1987
31200,90339.66004743664,512,1988
31300,91401.28955030326,507,1993
31400,92504.9091624846,500,2000
31500,93520.9165796214,494,2006
31600,94511.73421963202,484,2016
31700,95591.72389637296,467,2033
31800,96676.56781908967,451,2049
31900,97826.15643835362,444,2056
32000,98851.480394499,432,2068
32100,99815.73211229143,419,2081
32200,100809.91038649598,389,2111
32300,101815.04652840139,377,2123
32400,102949.19402240746,364,2136
32500,103874.59821828148,355,2145
32600,105000.35259646057,325,2175
32700,106056.73410514258,299,2201
32800,107057.35340459507,282,2218
32900,108046.92792524738,283,2217
33000,109137.88388156178,291,2209
33100,110137.82956193342,297,2203
33200,111194.9213707109,292,2208
33300,112249.43332044587,285,2215
33400,113353.9279006835,275,2225
33500,114584.00716455087,262,2238
33600,115800.45104321079,269,2231
33700,117149.82482841222,265,2235
33800,118412.013428995,263,2237
33900,119785.26749514455,266,2234
34000,121216.6606827068,263,2237
34100,122788.25752004483,263,2237
34200,124453.69076886556,260,2240
34300,126026.90811599712,256,2244
34400,127595.96767551436,254,2246
34500,129025.78746857142,252,2248
34600,130560.81719832771,254,2246
34700,132154.6975975812,254,2246
34800,133756.69727874605,254,2246
34900,135496.6913988596,249,2251
35000,137055.5183022174,246,2254
35100,138580.90540767097,246,2254
35200,140064.13951267005,238,2262
35300,141612.40960035368,226,2274
35400,143097.7005822224,207,2293
35500,144500.23001880923,182,2318
35600,146103.63856924308,167,2333
35700,147770.68799941265,148,2352
35800,149316.00281277703,137,2363
35900,150958.42509585994,119,2381
36000,152545.8530727194,105,2395
36100,154252.38268271112,96,2404
36200,155988.04874988928,92,2408
36300,157868.94800492798,81,2419
36400,159612.38016469145,80,2420
36500,161355.58155501087,79,2421
36600,162958.13628921527,73,2427
36700,164662.96892769152,70,2430
36800,166412.20740969176,73,2427
36900,168132.75949528557,66,2434
37000,169721.72275496836,67,2433
37100,171374.66745450048,65,2435
37200,173100.25711077312,63,2437
37300,174637.95993298746,59,2441
37400,176249.48162750775,58,2442
37500,177676.74208393064,52,2448
37600,179216.3046966394,51,2449
37700,180730.05884964086,51,2449
37800,182343.47460926126,51,2449
37900,184077.61407991027,50,2450
38000,185850.4001580884,50,2450
38100,187645.18331336643,48,2452
38200,189444.92993136545,47,2453
38300,191408.5383954827,46,2454
38400,193390.20573170422,45,2455
38500,195450.29989727054,46,2454
38600,197632.48850875016,45,2455
38700,199702.56870612546,43,2457
38800,201896.78689598953,38,2462
38900,204284.70788991035,34,2466
39000,206655.86194829614,30,2470
39100,209021.960930003,30,2470
39200,211277.0406146172,32,2468
39300,213454.94954389887,32,2468
39400,215727.81841069504,28,2472
39500,217968.16842852745,27,2473
39600,220215.23667041992,28,2472
39700,222406.9945971348,31,2469
39800,224434.15708183803,33,2467
39900,226674.19521437105,33,2467
40000,228748.8258868123,33,2467
40100,230982.37463592816,35,2465
40200,233210.72318757576,37,2463
40300,235363.4732099154,37,2463
40400,237613.8545751344,37,2463
40500,239973.39481376868,38,2462
40600,242307.21554788886,38,2462
40700,244778.99674808895,38,2462
40800,247224.22358862543,38,2462
40900,249654.9513438797,39,2461
41000,251983.4907198186,39,2461
41100,254422.1152560513,39,2461
41200,257012.3869787302,39,2461
41300,259549.60339354933,39,2461
41400,262086.98145567795,39,2461
41500,264541.79795702593,39,2461
41600,266855.8958803134,38,2462
41700,269191.43153149256,36,2464
41800,271433.9814592043,32,2468
41900,273568.3201580795,30,2470
42000,275906.81411262427,25,2475
42100,278174.11370296736,24,2476
42200,280452.64671446173,20,2480
42300,282761.9546695208,18,2482
42400,285120.6207406857,14,2486
42500,287427.73822437966,14,2486
42600,289807.76011915883,13,2487
42700,292258.10585727723,12,2488
42800,294758.02440035745,10,2490
42900,297563.512676314,6,2494
43000,300161.9827776004,5,2495
43100,302918.27044168225,5,2495
43200,305569.7548432131,5,2495
43300,308436.3794382104,5,2495
43400,311455.19768034114,5,2495
43500,314359.02400028246,5,2495
43600,317463.17670512095,5,2495
43700,320524.8622596494,5,2495
43800,323312.89471839933,5,2495
43900,326287.8245754944,6,2494
44000,329157.695221807,7,2493
44100,331900.88634007575,5,2495
44200,334722.3024415778,5,2495
44300,337668.830777265,5,2495
44400,340386.90167330054,5,2495
44500,343197.32396637136,5,2495
44600,346066.08952346677,5,2495
44700,348781.5788350419,5,2495
44800,351755.89274112595,5,2495
44900,354708.7795755878,4,2496
45000,357771.53759394225,4,2496
45100,360792.14347455074,4,2496
45200,363994.2824524313,4,2496
45300,367244.3140136361,4,2496
45400,370477.0554947217,4,2496
45500,373613.71614540176,4,2496
45600,376806.4981230794,4,2496
45700,380108.87666680716,4,2496
45800,383421.2862209795,4,2496
45900,386836.9612935965,4,2496
46000,389988.76059227774,4,2496
46100,393112.65019175597,4,2496
46200,396113.6309513568,4,2496
46300,399289.80934559717,4,2496
46400,402239.196771231,4,2496
46500,405256.8460991541,4,2496
46600,408299.88679902075,4,2496
46700,411240.2824549726,4,2496
46800,414260.08238095464,4,2496
46900,417326.3114161908,4,2496
47000,420325.57744272024,4,2496
47100,423349.3118360906,4,2496
47200,426565.2606144092,4,2496
47300,429859.81660769624,3,2497
47400,433049.7738514719,3,2497
47500,436216.9798838337,2,2498
47600,439593.7111367071,2,2498
47700,443055.42080325185,3,2497
47800,446510.71746703284,7,2493
47900,449993.86477478297,8,2492
48000,453695.05431580736,8,2492
48100,457222.2280254721,9,2491
48200,460763.68058197224,9,2491
48300,464357.74718201294,9,2491
48400,467823.13549885683,9,2491
48500,471268.20077383134,9,2491
48600,474504.21345352614,9,2491
48700,478045.99452024174,9,2491
48800,481479.4418635092,9,2491
48900,484818.89511862356,9,2491
49000,488228.88616143825,9,2491
49100,491823.6237878381,9,2491
49200,495336.7170340664,9,2491
49300,498957.7258699158,9,2491
49400,502744.85739039566,9,2491
49500,506183.5478234488,9,2491
49600,509950.8927753378,9,2491
49700,513843.5480506111,9,2491
49800,517696.6360301258,9,2491
49900,521693.81781953084,9,2491
50000,525460.77837157,8,2492
