step,msd_global,n_round,n_elongated
0,0.0,2500,0
100,20.7380174769986,2500,0
200,24.484158053028363,2495,5
300,26.1003651001812,2493,7
400,27.046644743281043,2491,9
500,28.012246334852318,2488,12
600,30.081194706253754,2486,14
700,31.094773034867323,2478,22
800,30.98061608394403,2474,26
900,32.36745441331019,2469,31
1000,33.237011990299294,2460,40
1100,35.02893543353729,2455,45
1200,37.24282445459177,2442,58
1300,40.53695589713264,2431,69
1400,44.97428538777485,2421,79
1500,51.055928300001675,2413,87
1600,53.71527790349028,2402,98
1700,58.3878215040012,2392,108
1800,59.29925314507915,2380,120
1900,62.668458585858765,2365,135
2000,67.95121561267833,2345,155
2100,71.85623998043236,2323,177
2200,76.17435403913552,2305,195
2300,86.35040967355118,2282,218
2400,95.87543701318508,2257,243
2500,107.75724259025324,2223,277
2600,119.21852959337528,2202,298
2700,130.65321571342793,2180,320
2800,138.66675586844437,2158,342
2900,153.82382815473437,2135,365
3000,160.28277632198515,2118,382
3100,171.3386247029848,2092,408
3200,181.68628279086548,2074,426
3300,194.8041557526334,2064,436
3400,213.15375196757418,2058,442
3500,227.88484572861856,2049,451
3600,250.8733535274037,2034,466
3700,275.47266816116525,2006,494
3800,295.18956587180713,1987,513
3900,324.2703149445028,1967,533
4000,350.50121192547994,1953,547
4100,381.7598752655857,1942,558
4200,410.954088454578,1935,565
4300,447.5141107355995,1915,585
4400,483.405505865874,1891,609
4500,524.1200579890537,1876,624
4600,557.0822687038034,1871,629
4700,582.2115792387295,1868,632
4800,616.5893571024272,1862,638
4900,655.1895429206812,1857,643
5000,703.4501965022961,1838,662
5100,758.1098120796129,1837,663
5200,811.8907688480223,1818,682
5300,866.7758144337106,1799,701
5400,913.786695328172,1778,722
5500,953.6494455066718,1759,741
5600,993.1168917688102,1730,770
5700,1033.3228264777988,1708,792
5800,1072.108364287865,1694,806
5900,1103.591438457706,1698,802
6000,1135.090034288056,1680,820
6100,1162.1186902582294,1677,823
6200,1197.209030624901,1650,850
6300,1243.9173762213911,1618,882
6400,1297.6478048146942,1598,902
6500,1349.3872952491918,1577,923
6600,1387.979447443418,1565,935
6700,1441.4031389573313,1538,962
6800,1510.266543658115,1496,1004
6900,1598.7771168695983,1478,1022
7000,1677.1663910174248,1466,1034
7100,1759.12122001359,1449,1051
7200,1842.9033300746776,1445,1055
7300,1924.1053651907332,1429,1071
7400,2020.6529525629726,1425,1075
7500,2124.113570460373,1414,1086
7600,2228.7992291519413,1390,1110
7700,2347.9829324643206,1366,1134
7800,2475.251693699242,1350,1150
7900,2616.4852338717997,1326,1174
8000,2744.9617744659467,1314,1186
8100,2852.882535149381,1296,1204
8200,2968.6994280549484,1288,1212
8300,3087.6825572504476,1275,1225
8400,3211.0805544363393,1270,1230
8500,3332.0459312621792,1263,1237
8600,3462.006533932404,1260,1240
8700,3604.5797277385204,1248,1252
8800,3740.4413276196183,1249,1251
8900,3889.2661584512,1237,1263
9000,4016.208059844938,1216,1284
9100,4145.467625381345,1196,1304
9200,4305.875931987108,1175,1325
9300,4464.852143337248,1151,1349
9400,4631.682755810054,1123,1377
9500,4813.275415646548,1104,1396
9600,4973.8238760291415,1089,1411
9700,5156.181089737508,1082,1418
9800,5328.336754560022,1061,1439
9900,5554.069419841808,1054,1446
10000,5803.33219274676,1040,1460
10100,6088.106544708631,1019,1481
10200,6348.698509272981,1005,1495
10300,6604.412107053505,993,1507
10400,6888.23332706098,980,1520
10500,7155.658226223883,952,1548
10600,7420.417556508953,930,1570
10700,7696.979859483818,902,1598
10800,7998.46040396194,879,1621
10900,8290.281771732902,850,1650
11000,8548.975032982242,833,1667
11100,8868.844484053006,825,1675
11200,9168.401938512447,806,1694
11300,9443.496048535158,792,1708
11400,9783.593397856457,766,1734
11500,10096.535048730115,759,1741
11600,10440.34006393342,747,1753
11700,10803.158569779094,735,1765
11800,11175.173676750182,727,1773
11900,11534.146604185853,714,1786
12000,11941.465494111686,707,1793
12100,12366.44224087742,698,1802
12200,12821.07698388865,710,1790
12300,13250.6272341077,705,1795
12400,13692.137289362048,694,1806
12500,14114.755299936676,686,1814
12600,14562.383364883292,680,1820
12700,15011.359927095362,651,1849
12800,15455.668518870541,632,1868
12900,15921.410177762034,612,1888
13000,16366.74123033424,597,1903
13100,16836.9072730729,586,1914
13200,17320.691674481062,576,1924
13300,17833.097903884154,573,1927
13400,18373.26712741501,563,1937
13500,18870.50108138957,544,1956
13600,19375.257045678252,525,1975
13700,19867.27272552402,524,1976
13800,20470.474407847665,519,1981
13900,21039.320858269533,499,2001
14000,21603.039028263713,493,2007
14100,22219.0907933534,474,2026
14200,22860.06812706392,480,2020
14300,23529.741098878516,474,2026
14400,24142.85273537092,467,2033
14500,24770.270696859476,465,2035
14600,25368.496822628906,465,2035
14700,26006.4728951175,457,2043
14800,26621.217209041355,449,2051
14900,27303.102290146922,424,2076
15000,27982.027678531467,409,2091
15100,28588.809939519513,389,2111
15200,29278.06856355077,373,2127
15300,29998.875125660597,357,2143
15400,30701.28965413532,343,2157
15500,31436.198333354,328,2172
15600,32157.879010421057,313,2187
15700,32883.69554523963,309,2191
15800,33722.374274864385,300,2200
15900,34518.19315176211,290,2210
16000,35286.41195395622,290,2210
16100,36146.596446024014,290,2210
16200,37000.65396415925,285,2215
16300,37862.51253711239,278,2222
16400,38696.56887133128,279,2221
16500,39574.34958223648,279,2221
16600,40446.18076709017,277,2223
16700,41315.181983771894,277,2223
16800,42127.75170460922,279,2221
16900,42996.902966059046,280,2220
17000,43954.954016242875,280,2220
17100,44758.25522298748,280,2220
17200,45741.827587146094,280,2220
17300,46700.029259474315,280,2220
17400,47627.759553851305,280,2220
17500,48660.01600011592,283,2217
17600,49601.79795699272,282,2218
17700,50619.398205630896,283,2217
17800,51637.34279626831,283,2217
17900,52683.4784004231,283,2217
18000,53794.90320335158,284,2216
18100,54871.41203221393,286,2214
18200,56017.758207853236,284,2216
18300,57091.34086325445,281,2219
18400,58195.87379286797,282,2218
18500,59347.61487493339,284,2216
18600,60424.37054210794,289,2211
18700,61568.79666308069,294,2206
18800,62694.25216177955,295,2205
18900,63784.0456125983,296,2204
19000,64872.18176037198,293,2207
19100,66059.91136726078,292,2208
19200,67258.33365638397,292,2208
19300,68460.61840877896,292,2208
19400,69697.21127723879,292,2208
19500,70925.20103667425,293,2207
19600,72161.07577460523,293,2207
19700,73414.51432361048,293,2207
19800,74684.46766699411,293,2207
19900,75979.59135908482,293,2207
20000,77285.43495298288,292,2208
20100,78699.45766817912,292,2208
20200,80010.8695400184,292,2208
20300,81366.72238245151,292,2208
20400,82723.7713766325,292,2208
20500,84104.57821034436,292,2208
20600,85455.94490099215,293,2207
20700,86794.50200722158,292,2208
20800,88175.75053563743,292,2208
20900,89569.65586591738,293,2207
21000,90981.49759990681,295,2205
21100,92363.32009637522,297,2203
21200,93679.38442215636,303,2197
21300,95144.95772941974,304,2196
21400,96673.6462707717,309,2191
21500,98168.07018623939,311,2189
21600,99630.15571493762,316,2184
21700,101076.29909160711,330,2170
21800,102585.70945424863,333,2167
21900,104054.2468397726,342,2158
22000,105610.30512471369,335,2165
22100,107104.35319431563,335,2165
22200,108642.23164151554,338,2162
22300,110221.83242579487,330,2170
22400,111768.79787912779,321,2179
22500,113393.51797560877,318,2182
22600,115001.01011154217,314,2186
22700,116467.75990073367,308,2192
22800,117949.77087370539,305,2195
22900,119530.68206331012,301,2199
23000,121145.42361076661,302,2198
23100,122825.52581356298,298,2202
23200,124424.57344874334,297,2203
23300,126145.3752961185,301,2199
23400,127861.28605022152,298,2202
23500,129499.11745134983,304,2196
23600,131093.58431706094,310,2190
23700,132716.6370044122,322,2178
23800,134308.8967863706,325,2175
23900,135958.32591017507,321,2179
24000,137659.33579028977,315,2185
24100,139351.33336466405,307,2193
24200,141146.0031331501,303,2197
24300,142905.01924582847,299,2201
24400,144700.38983768833,298,2202
24500,146550.1813737689,295,2205
24600,148383.17328402406,296,2204
24700,150163.584916757,299,2201
24800,151947.5742741869,299,2201
24900,153764.75702699192,296,2204
25000,155630.88243528613,295,2205
25100,157513.2602377395,295,2205
25200,159347.05205664135,297,2203
25300,161354.51252047415,297,2203
25400,163216.65106471762,297,2203
25500,164972.1912102497,298,2202
25600,166861.07438999432,297,2203
25700,168751.87183431932,298,2202
25800,170615.02391451626,298,2202
25900,172401.3782437662,298,2202
26000,174369.47728812456,298,2202
26100,176274.9473277049,298,2202
26200,178328.654108553,298,2202
26300,180318.14428100694,299,2201
26400,182332.7598065657,299,2201
26500,184517.52999649598,299,2201
26600,186633.48665365993,299,2201
26700,188610.69805476352,299,2201
26800,190740.4884826568,299,2201
26900,192846.2330736741,299,2201
27000,194987.9577532754,300,2200
27100,197128.2922120738,299,2201
27200,199142.55523513103,299,2201
27300,201320.13240610558,299,2201
27400,203482.35105572187,299,2201
27500,205597.8693106525,299,2201
27600,207728.9096803963,300,2200
27700,209842.4698759892,299,2201
27800,211923.85887035352,299,2201
27900,214075.7275930459,299,2201
28000,216151.20162179598,299,2201
28100,218428.34273944725,299,2201
28200,220607.5342191496,299,2201
28300,222852.8758018553,299,2201
28400,225072.22013617333,299,2201
28500,227465.7076949595,299,2201
28600,229812.602075419,299,2201
28700,232235.88864134927,299,2201
28800,234589.33530499248,299,2201
28900,236897.7134772915,299,2201
29000,239274.17920183667,299,2201
29100,241688.66014275127,299,2201
29200,244046.95391945125,300,2200
29300,246510.15413978734,300,2200
29400,248784.58058593655,300,2200
29500,251268.04574226204,300,2200
29600,253748.66537826986,300,2200
29700,256049.08775248498,300,2200
29800,258287.74978321706,300,2200
29900,260744.1517582651,300,2200
30000,263168.63642682525,300,2200
30100,265521.4580559471,300,2200
30200,267949.46742127166,300,2200
30300,270491.02496541356,300,2200
30400,273037.3001328901,300,2200
30500,275508.0765080182,301,2199
30600,278187.00342938106,300,2200
30700,280864.7597764123,301,2199
30800,283453.8085572103,301,2199
30900,285993.7581301913,301,2199
31000,288734.32505706645,301,2199
31100,291196.6442386399,301,2199
31200,293805.22076696425,301,2199
31300,296643.8178547999,301,2199
31400,299396.10302622773,301,2199
31500,302015.75433491723,301,2199
31600,304751.6354636719,301,2199
31700,307337.16834191163,301,2199
31800,309775.83699175465,301,2199
31900,312437.52745471714,301,2199
32000,315065.6811661743,301,2199
32100,317707.2856660882,301,2199
32200,320451.2605398397,301,2199
32300,323159.1605628994,301,2199
32400,326009.8228630358,301,2199
32500,328773.94160703366,302,2198
32600,331693.4324386198,303,2197
32700,334666.9498392506,301,2199
32800,337510.70136092283,301,2199
32900,340351.462795504,301,2199
33000,343096.63402799255,301,2199
33100,346039.13316630526,301,2199
33200,349019.76493172284,301,2199
33300,351905.13914518675,301,2199
33400,354690.14557458065,302,2198
33500,357774.5388405063,301,2199
33600,360758.136617901,301,2199
33700,363721.8973582953,301,2199
33800,366610.228639324,301,2199
33900,369341.2719778187,301,2199
34000,372104.5739414208,301,2199
34100,374926.5864453105,301,2199
34200,377811.34425389714,301,2199
34300,380698.37565471634,301,2199
34400,383788.6796633924,301,2199
34500,386913.6656301037,301,2199
34600,390042.48913019564,301,2199
34700,393324.8467986824,301,2199
34800,396586.0193632315,301,2199
34900,399755.63136934006,301,2199
35000,402789.41470694676,301,2199
35100,406064.8240715825,301,2199
35200,409156.74161243,301,2199
35300,412255.218094958,301,2199
35400,415519.1890244242,301,2199
35500,418633.0089922027,301,2199
35600,421816.34983860486,301,2199
35700,425074.92424062995,301,2199
35800,428212.676282202,301,2199
35900,431372.18078161357,301,2199
36000,434281.0258826436,301,2199
36100,437472.71607507934,301,2199
36200,440561.28317583335,301,2199
36300,443645.13450023625,301,2199
36400,446719.1961423266,301,2199
36500,450190.44836547755,301,2199
36600,453590.00904886686,301,2199
36700,457066.80467990495,301,2199
36800,460521.5563056363,300,2200
36900,463848.0170952927,300,2200
37000,467332.97481671674,300,2200
37100,470896.902824915,300,2200
37200,474380.11519870843,300,2200
37300,477715.2744306281,300,2200
37400,481111.7951405836,300,2200
37500,484504.3044539118,300,2200
37600,488061.5574266555,300,2200
37700,491616.711750878,300,2200
37800,495001.93426954193,300,2200
37900,498331.42126874294,300,2200
38000,501632.25554566423,300,2200
38100,504974.7654729475,300,2200
38200,508208.6962483241,301,2199
38300,511622.4165105188,302,2198
38400,514958.972765312,302,2198
38500,518509.3396601847,302,2198
38600,522150.570003857,302,2198
38700,526041.5960869133,302,2198
38800,529651.8600353495,302,2198
38900,533468.0874118786,302,2198
39000,537108.3977615635,302,2198
39100,540890.080125521,302,2198
39200,544517.6357511549,302,2198
39300,548177.8946874073,302,2198
39400,551629.0715617489,302,2198
39500,555426.9534766916,302,2198
39600,559226.6601841126,302,2198
39700,562929.1318666621,303,2197
39800,566639.2497042026,305,2195
39900,570296.6905803474,307,2193
40000,573877.8855700016,303,2197
40100,577454.0903252258,303,2197
40200,580937.0891782601,303,2197
40300,584569.5611140262,303,2197
40400,588221.2723896841,303,2197
40500,591872.5533291887,303,2197
40600,595825.2520361501,303,2197
40700,599566.226184767,303,2197
40800,603791.8759558147,303,2197
40900,607735.207414884,303,2197
41000,611556.529523427,303,2197
41100,615510.5698322746,303,2197
41200,619581.2949649737,303,2197
41300,623630.1767910062,303,2197
41400,627426.9669523876,303,2197
41500,631481.9431614493,303,2197
41600,635165.7662660473,303,2197
41700,639302.3704138938,303,2197
41800,643135.1504895738,303,2197
41900,647091.9259605844,303,2197
42000,651196.9293320519,304,2196
42100,655096.1251225508,304,2196
42200,658384.3445333048,304,2196
42300,662179.9897725359,304,2196
42400,666345.1245278422,304,2196
42500,670476.5416618508,304,2196
42600,674439.4923875908,304,2196
42700,678338.8460629567,304,2196
42800,682815.5706527882,304,2196
42900,687149.8747212447,304,2196
43000,691248.9233026883,304,2196
43100,695720.5892587253,304,2196
43200,700126.7605837206,304,2196
43300,704112.5004994805,304,2196
43400,708155.7894152842,304,2196
43500,712479.1277985777,304,2196
43600,716674.9774698043,304,2196
43700,721087.3747422245,304,2196
43800,725002.4644454828,304,2196
43900,729219.0569778143,304,2196
44000,733546.4489866333,304,2196
44100,737599.7735711575,304,2196
44200,741705.5657721364,305,2195
44300,745653.2686318527,305,2195
44400,749750.2607876533,306,2194
44500,754049.0983594717,306,2194
44600,758417.3674226952,306,2194
44700,762791.484886813,306,2194
44800,767236.971779345,306,2194
44900,771764.161920231,306,2194
45000,776248.8318413558,306,2194
45100,781029.485849428,306,2194
45200,785695.9011595392,306,2194
45300,790139.8177291226,306,2194
45400,794452.3581447671,306,2194
45500,798866.7157765971,306,2194
45600,803134.1577835396,306,2194
45700,807451.3172154686,306,2194
45800,812107.8749116077,306,2194
45900,816710.4468011583,307,2193
46000,821102.849738519,308,2192
46100,825410.5623161157,306,2194
46200,829733.2590437518,306,2194
46300,834036.1942125648,306,2194
46400,838364.2277016768,306,2194
46500,842990.9576335114,306,2194
46600,847486.1419657932,306,2194
46700,852008.377936302,306,2194
46800,856408.379681225,306,2194
46900,861237.1780451214,306,2194
47000,866234.0609932316,306,2194
47100,870923.3848946028,307,2193
47200,875974.8458720646,306,2194
47300,880696.8689460737,306,2194
47400,885553.1652763215,306,2194
47500,889788.8398553864,306,2194
47600,894490.8549886876,306,2194
47700,899141.6957213308,306,2194
47800,903843.8410502678,306,2194
47900,908571.5556212993,306,2194
48000,913371.6083085686,306,2194
48100,918134.0466039589,306,2194
48200,922914.2858959427,306,2194
48300,927447.6241909553,306,2194
48400,931928.1293805502,306,2194
48500,936751.4078964344,306,2194
48600,941418.9222983669,306,2194
48700,946203.2816959413,306,2194
48800,950984.6010333771,306,2194
48900,955962.0685204157,306,2194
49000,961069.7054802096,306,2194
49100,966124.4361906338,306,2194
49200,971213.2607429852,306,2194
49300,976450.4876846329,306,2194
49400,981210.8205290119,306,2194
49500,985994.0807681326,306,2194
49600,991185.0324547897,306,2194
49700,995953.2632702909,306,2194
49800,1000849.5384245117,306,2194
49900,1005869.4787365139,306,2194
50000,1010889.5798342384,306,2194
