step,msd_global,n_round,n_elongated
0,0.0,2500,0
100,27.0560068263317,2500,0
200,29.874553276029626,2495,5
300,31.367884327686554,2492,8
400,33.33549071508576,2489,11
500,36.220237740604844,2486,14
600,37.24281806712072,2482,18
700,39.96161808568519,2477,23
800,40.173425963617824,2476,24
900,41.57667772724552,2475,25
1000,43.291418448944654,2470,30
1100,45.13873390950016,2467,33
1200,46.389425137839616,2461,39
1300,49.14261969363586,2460,40
1400,49.96718481569563,2453,47
1500,52.869832656994205,2446,54
1600,55.39829323185592,2438,62
1700,59.49187901669132,2433,67
1800,59.25939524230155,2427,73
1900,61.931772510316115,2418,82
2000,66.37193245860782,2413,87
2100,69.7643612403371,2407,93
2200,71.69105088793896,2397,103
2300,76.62435895964344,2386,114
2400,83.87710262632834,2375,125
2500,92.40636916015852,2370,130
2600,96.68132545006624,2362,138
2700,106.1981015314938,2347,153
2800,112.36266181149637,2332,168
2900,123.81048120235654,2314,186
3000,132.99971183413817,2304,196
3100,148.3036522133751,2294,206
3200,164.2358846407013,2283,217
3300,179.27339395296377,2269,231
3400,190.64772876511918,2258,242
3500,196.39653799298773,2252,248
3600,202.19366690334752,2238,262
3700,218.39090972981714,2232,268
3800,234.80420815308062,2221,279
3900,247.65269739536876,2214,286
4000,273.84231991558767,2195,305
4100,292.8152208255773,2178,322
4200,312.7098859549361,2167,333
4300,344.1509941223744,2154,346
4400,372.6205583077113,2149,351
4500,396.4401283299192,2149,351
4600,425.65411202968284,2133,367
4700,453.59029453292993,2125,375
4800,477.03478102944587,2121,379
4900,496.170778990493,2100,400
5000,514.8795243171945,2085,415
5100,527.5121819931481,2078,422
5200,547.1107198573802,2074,426
5300,565.2274981858831,2075,425
5400,571.8187106086123,2063,437
5500,596.4679615024689,2062,438
5600,618.3322642631929,2053,447
5700,644.5787839176893,2050,450
5800,685.5490572604771,2033,467
5900,719.5376041752033,2024,476
6000,757.0376910006395,2006,494
6100,788.4417316180397,2000,500
6200,813.5247755407049,1986,514
6300,843.3124732634952,1973,527
6400,881.6590979159425,1963,537
6500,920.1270688907081,1950,550
6600,961.5590098164638,1943,557
6700,988.6651070122814,1945,555
6800,1019.8365306274293,1933,567
6900,1052.278122726656,1929,571
7000,1093.5225322960546,1911,589
7100,1142.2220375186098,1902,598
7200,1172.351456418151,1886,614
7300,1201.8895261740333,1889,611
7400,1218.3255711108702,1898,602
7500,1237.201266735519,1881,619
7600,1251.542255293497,1877,623
7700,1268.9509809078852,1862,638
7800,1299.676505296707,1864,636
7900,1358.9373749675815,1872,628
8000,1414.4194470994182,1890,610
8100,1461.144506027769,1895,605
8200,1498.6502040427767,1892,608
8300,1522.6395728557643,1897,603
8400,1538.7780321720243,1911,589
8500,1571.494634716975,1902,598
8600,1609.3751029233129,1889,611
8700,1647.029884824451,1879,621
8800,1667.4316051951969,1863,637
8900,1668.3959117988254,1842,658
9000,1685.4861712950487,1833,667
9100,1693.5521248894509,1814,686
9200,1728.027939203047,1817,683
9300,1778.9826277236793,1814,686
9400,1858.1309421716564,1797,703
9500,1945.1675204278577,1790,710
9600,2028.4125900665033,1791,709
9700,2113.2196297745036,1772,728
9800,2207.9794518783397,1760,740
9900,2310.261071302899,1743,757
10000,2413.4755592122888,1731,769
10100,2522.2520011334836,1723,777
10200,2644.02497785336,1716,784
10300,2731.2613916654395,1732,768
10400,2801.0010705687887,1733,767
10500,2875.3722183908794,1731,769
10600,2927.7320864918947,1735,765
10700,2971.496941579531,1723,777
10800,3014.2998869013386,1711,789
10900,3055.113983722534,1687,813
11000,3092.007412957794,1666,834
11100,3137.364182834013,1668,832
11200,3200.747825944744,1672,828
11300,3260.2318631499375,1669,831
11400,3337.04217952602,1669,831
11500,3400.178080811365,1680,820
11600,3470.9455629301297,1677,823
11700,3532.2679707126817,1681,819
11800,3594.098389894809,1693,807
11900,3671.4456155802145,1718,782
12000,3748.5068755403877,1741,759
12100,3856.2965813471196,1746,754
12200,3960.3269984771728,1780,720
12300,4062.2220028685006,1792,708
12400,4173.78213414253,1781,719
12500,4286.613322647085,1776,724
12600,4385.151859785396,1761,739
12700,4458.249046458776,1749,751
12800,4524.671501124411,1732,768
12900,4576.348098481567,1731,769
13000,4637.505058288304,1708,792
13100,4680.743021685572,1699,801
13200,4777.053119183672,1712,788
13300,4841.925980531938,1713,787
13400,4903.488938731612,1717,783
13500,4965.693890745902,1721,779
13600,5031.305398631081,1708,792
13700,5090.646500941665,1710,790
13800,5170.696034731488,1699,801
13900,5272.449365417569,1704,796
14000,5371.312581069313,1702,798
14100,5488.207871238304,1702,798
14200,5615.901099263644,1714,786
14300,5728.429536016528,1715,785
14400,5833.287479165593,1717,783
14500,5950.304564471204,1727,773
14600,6053.710957497688,1723,777
14700,6154.275640642795,1750,750
14800,6226.975564437818,1738,762
14900,6334.378607335536,1749,751
15000,6419.070218565897,1749,751
15100,6484.049706916419,1751,749
15200,6542.452361214542,1746,754
15300,6599.425985968907,1735,765
15400,6675.062042149547,1754,746
15500,6756.265836269728,1747,753
15600,6850.57815619328,1729,771
15700,6943.308939326519,1710,790
15800,7002.473829046062,1700,800
15900,7028.309423017575,1688,812
16000,7074.672427641597,1672,828
16100,7102.0129810318585,1666,834
16200,7125.637869703415,1657,843
16300,7178.876383465383,1663,837
16400,7190.375796640423,1669,831
16500,7266.667446961069,1658,842
16600,7350.242970793919,1659,841
16700,7436.774862163614,1640,860
16800,7486.255632504863,1640,860
16900,7565.231106887682,1626,874
17000,7653.894209785123,1608,892
17100,7745.340440263252,1573,927
17200,7824.2727265011,1545,955
17300,7911.754808384097,1531,969
17400,8026.830259116999,1510,990
17500,8167.181565136597,1517,983
17600,8342.714179886052,1516,984
17700,8519.514666683646,1507,993
17800,8692.5101800859,1509,991
17900,8856.63282383526,1496,1004
18000,9035.808233427118,1493,1007
18100,9201.024188033813,1499,1001
18200,9360.784347909235,1501,999
18300,9553.223792892943,1513,987
18400,9701.094267633005,1507,993
18500,9859.392039671573,1490,1010
18600,9985.216201433212,1479,1021
18700,10116.388097761792,1464,1036
18800,10186.897655088282,1444,1056
18900,10285.002309061043,1443,1057
19000,10393.899538279808,1440,1060
19100,10469.81834471532,1433,1067
19200,10569.89731312466,1431,1069
19300,10716.66577307934,1414,1086
19400,10905.809399518434,1399,1101
19500,11063.212002062453,1395,1105
19600,11219.494584951077,1395,1105
19700,11351.65424094133,1401,1099
19800,11527.828764503178,1398,1102
19900,11724.751896583743,1394,1106
20000,11905.639134922101,1375,1125
20100,12068.791900728682,1379,1121
20200,12249.629463085177,1368,1132
20300,12472.318849191928,1356,1144
20400,12692.41082957071,1345,1155
20500,12958.15400347339,1345,1155
20600,13213.199759366173,1335,1165
20700,13500.319852478979,1321,1179
20800,13764.222465882134,1306,1194
20900,14027.260285760445,1301,1199
21000,14282.925740967381,1296,1204
21100,14540.316510840785,1288,1212
21200,14776.891697116476,1284,1216
21300,15035.73583157453,1283,1217
21400,15270.79751023829,1276,1224
21500,15535.85155104146,1265,1235
21600,15869.531243485642,1264,1236
21700,16207.85790753041,1241,1259
21800,16511.566008028323,1219,1281
21900,16816.834510018925,1194,1306
22000,17136.487987442102,1173,1327
22100,17457.066669048738,1155,1345
22200,17804.544112633266,1148,1352
22300,18157.6032039695,1136,1364
22400,18459.602145059387,1128,1372
22500,18784.757158774835,1113,1387
22600,19146.399697697474,1094,1406
22700,19521.72165708184,1084,1416
22800,19875.884091094238,1078,1422
22900,20231.394103006678,1070,1430
23000,20597.837731384985,1070,1430
23100,20986.912664133437,1061,1439
23200,21352.511935327886,1043,1457
23300,21715.45772847535,1038,1462
23400,22131.436870884158,1038,1462
23500,22496.296249535684,1039,1461
23600,22814.225918794196,1046,1454
23700,23172.164010653552,1048,1452
23800,23536.60843621075,1042,1458
23900,23849.022757718816,1026,1474
24000,24213.08700591703,1015,1485
24100,24630.985494686676,1002,1498
24200,25016.545419509384,995,1505
24300,25435.252309592383,987,1513
24400,25820.520816683365,975,1525
24500,26194.60084687481,974,1526
24600,26643.648562808085,971,1529
24700,27107.45519462845,964,1536
24800,27581.18651882099,963,1537
24900,28088.51384374519,957,1543
25000,28625.523171282635,955,1545
25100,29093.867533720542,945,1555
25200,29574.731675570725,946,1554
25300,30091.110772579803,953,1547
25400,30659.98740657248,962,1538
25500,31230.503995115112,962,1538
25600,31844.244264255296,967,1533
25700,32444.13498755353,973,1527
25800,33018.75005676083,964,1536
25900,33539.949400346246,970,1530
26000,34038.191847779606,968,1532
26100,34580.119857397076,966,1534
26200,35159.89820364064,974,1526
26300,35738.800869488,982,1518
26400,36308.60673954888,982,1518
26500,36929.54821098734,973,1527
26600,37526.106378972174,956,1544
26700,38120.83815398258,939,1561
26800,38718.41253839055,922,1578
26900,39389.75072426341,906,1594
27000,40067.77798305664,903,1597
27100,40760.66898622259,876,1624
27200,41375.21615308439,861,1639
27300,41965.7560096433,834,1666
27400,42590.54576237855,804,1696
27500,43194.41581153057,785,1715
27600,43844.30003105661,783,1717
27700,44477.593011619494,766,1734
27800,45059.95008581994,754,1746
27900,45712.51983551618,749,1751
28000,46363.56361260131,734,1766
28100,46969.73272673408,730,1770
28200,47565.508778601594,724,1776
28300,48223.04308973194,725,1775
28400,48814.043911199864,719,1781
28500,49411.658763349726,697,1803
28600,50176.09068133044,689,1811
28700,50894.91475124693,675,1825
28800,51617.214202224335,655,1845
28900,52400.51521921508,643,1857
29000,53152.65301234269,635,1865
29100,53906.55494245267,638,1862
29200,54718.44861667092,626,1874
29300,55501.669975660014,626,1874
29400,56068.50441142727,610,1890
29500,56728.200735826824,602,1898
29600,57495.327101963354,594,1906
29700,58184.4564471068,583,1917
29800,59003.99309153521,578,1922
29900,59740.65345441687,568,1932
30000,60531.86754154072,562,1938
30100,61261.68487744546,560,1940
30200,62023.983676187716,548,1952
30300,62864.82083219576,534,1966
30400,63670.338228739085,525,1975
30500,64390.95157569792,506,1994
30600,65253.3511505059,487,2013
30700,66138.17264660359,470,2030
30800,67172.24095195756,470,2030
30900,68036.45491617887,470,2030
31000,69089.43675482743,458,2042
31100,70071.28746983162,450,2050
31200,71067.02935029965,434,2066
31300,72061.89368564659,430,2070
31400,72988.36146914717,419,2081
31500,73970.42078496571,421,2079
31600,75125.59511720514,419,2081
31700,76145.50124817956,432,2068
31800,77188.07848200508,431,2069
31900,78303.30138495045,433,2067
32000,79398.17359750997,427,2073
32100,80483.32030010686,427,2073
32200,81552.93628809297,431,2069
32300,82649.18230477486,428,2072
32400,83829.23163781951,420,2080
32500,85026.92741410053,423,2077
32600,86069.73811497205,425,2075
32700,87215.32296683606,424,2076
32800,88421.303732612,419,2081
32900,89720.54368299557,419,2081
33000,90990.7208039246,415,2085
33100,92312.52289136624,413,2087
33200,93603.81824839859,410,2090
33300,94994.08463921983,410,2090
33400,96456.24518486061,408,2092
33500,97823.2970569716,407,2093
33600,99247.29937649387,406,2094
33700,100672.03504057047,398,2102
33800,101949.72848438556,392,2108
33900,103260.37563287695,382,2118
34000,104643.66005415969,375,2125
34100,105911.05770291324,367,2133
34200,107301.64401499719,359,2141
34300,108760.67308531963,349,2151
34400,110161.01598877298,333,2167
34500,111586.82252990923,319,2181
34600,112933.87624228258,306,2194
34700,114392.06059198309,288,2212
34800,115830.05371310942,270,2230
34900,117301.86461861072,251,2249
35000,118689.67738449993,241,2259
35100,120026.21604406588,224,2276
35200,121476.26795010595,209,2291
35300,122858.80072463235,190,2310
35400,124287.59106889252,162,2338
35500,125691.86466149855,148,2352
35600,127152.77962196131,136,2364
35700,128579.94278403382,119,2381
35800,130005.00014659938,105,2395
35900,131222.49346322884,94,2406
36000,132512.27393489383,84,2416
36100,133984.6512906174,88,2412
36200,135486.07269089486,87,2413
36300,136911.89698508955,85,2415
36400,138212.8017682136,81,2419
36500,139866.88906797583,77,2423
36600,141336.29762904102,73,2427
36700,142926.2376341724,70,2430
36800,144460.3644490582,67,2433
36900,146083.87985893025,61,2439
37000,147749.21698017794,59,2441
37100,149372.86427135472,60,2440
37200,151128.7587104981,62,2438
37300,152914.3574117366,62,2438
37400,154633.2775673851,61,2439
37500,156332.4490873777,64,2436
37600,158208.73960934352,63,2437
37700,159890.10977024355,64,2436
37800,161639.87682127405,65,2435
37900,163320.1530703686,65,2435
38000,165048.80336179963,66,2434
38100,166837.77119624036,68,2432
38200,168564.82233739927,67,2433
38300,170493.49290872904,66,2434
38400,172369.6696198588,67,2433
38500,174245.08370493102,65,2435
38600,176243.26992207652,66,2434
38700,178324.53158386578,65,2435
38800,180249.2342952832,61,2439
38900,182215.64096426315,62,2438
39000,184255.17192691832,61,2439
39100,186408.38541135218,60,2440
39200,188435.61501359983,60,2440
39300,190402.44073116189,61,2439
39400,192563.02347304655,62,2438
39500,194694.23073463413,66,2434
39600,196728.7330658484,63,2437
39700,198845.7481923795,60,2440
39800,200979.16093359864,52,2448
39900,203103.1330488892,49,2451
40000,205213.060524166,48,2452
40100,207264.94370456366,43,2457
40200,209566.35098242888,38,2462
40300,211781.54209278847,34,2466
40400,214087.89811182782,34,2466
40500,216425.8060434915,31,2469
40600,218816.5105084959,30,2470
40700,221145.816824796,29,2471
40800,223418.32093262058,28,2472
40900,225808.53099674344,26,2474
41000,228384.56811964914,24,2476
41100,230891.1786497399,23,2477
41200,233281.45583771315,22,2478
41300,235746.42699790525,23,2477
41400,238138.63464704476,22,2478
41500,240539.98245573568,22,2478
41600,242832.76391426078,20,2480
41700,245298.6688422489,17,2483
41800,247596.0291900834,21,2479
41900,249888.44266161518,19,2481
42000,252223.88904826742,17,2483
42100,254583.37675482646,16,2484
42200,256903.94462567964,18,2482
42300,259339.58487869965,22,2478
42400,261854.58103206233,22,2478
42500,264263.1661550731,22,2478
42600,266726.81291326287,22,2478
42700,269199.6841800624,22,2478
42800,271690.82388905046,23,2477
42900,274301.7471554948,23,2477
43000,277023.73452589614,24,2476
43100,279564.78335718735,24,2476
43200,282200.20609863463,24,2476
43300,284736.88593857305,24,2476
43400,287360.2609990638,24,2476
43500,289779.0694133521,24,2476
43600,292308.663406245,24,2476
43700,294956.49419575685,24,2476
43800,297389.0950200598,24,2476
43900,300001.4264618226,24,2476
44000,302395.9619815484,24,2476
44100,304853.3145292168,24,2476
44200,307488.13902074145,24,2476
44300,310245.35938394617,24,2476
44400,312956.320505188,24,2476
44500,315802.0619261959,22,2478
44600,318540.4815873135,20,2480
44700,321442.73884407565,17,2483
44800,324403.9730976351,13,2487
44900,327226.8650148347,7,2493
45000,330336.6647042688,4,2496
45100,333350.7569397768,1,2499
45200,336267.8178386881,1,2499
45300,339281.56986537174,1,2499
45400,342255.10759745614,1,2499
45500,345375.99487404095,1,2499
45600,348236.54903454543,1,2499
45700,351065.81025377795,1,2499
45800,353971.4955419443,1,2499
45900,356950.80005880987,1,2499
46000,359823.787868832,1,2499
46100,362818.67071136064,1,2499
46200,365958.44697207614,1,2499
46300,369018.9021219504,1,2499
46400,372000.0452635801,1,2499
46500,375256.0304536589,1,2499
46600,378561.09841885255,1,2499
46700,381792.64232625085,1,2499
46800,385008.0387291041,1,2499
46900,388284.2308597222,1,2499
47000,391725.5841250706,1,2499
47100,395176.20954915835,1,2499
47200,398438.9084737942,1,2499
47300,401749.4132357247,1,2499
47400,405261.1685119839,1,2499
47500,408659.5866842807,1,2499
47600,412030.53225667786,1,2499
47700,415352.4926302261,1,2499
47800,418645.60611110803,1,2499
47900,421812.9447266466,1,2499
48000,425143.7965972586,1,2499
48100,428393.5351597444,1,2499
48200,431727.30252915475,1,2499
48300,434918.3904434387,1,2499
48400,438301.13209845655,1,2499
48500,441789.47823977034,1,2499
48600,445169.5844677942,1,2499
48700,448640.5437516371,1,2499
48800,452170.9071910053,1,2499
48900,455690.7559337532,1,2499
49000,459390.5340329246,1,2499
49100,463069.75226572296,1,2499
49200,466626.9410796854,1,2499
49300,470155.8105350625,1,2499
49400,473708.6253198511,1,2499
49500,477318.78819042566,1,2499
49600,480931.2203975519,1,2499
49700,484380.68612900906,1,2499
49800,487941.1364145298,1,2499
49900,491199.5088615116,1,2499
50000,494682.67960342596,1,2499
