step,msd_global,n_round,n_elongated
0,0.0,2500,0
100,23.21893230095565,2500,0
200,24.710601080397225,2494,6
300,24.95275900990365,2491,9
400,28.513711835081015,2487,13
500,29.485072622500837,2481,19
600,30.4608000969155,2473,27
700,30.432246416380075,2465,35
800,29.427526938898342,2458,42
900,31.983890952177067,2453,47
1000,33.59393700552082,2437,63
1100,38.46946704316847,2430,70
1200,43.3355367779664,2425,75
1300,44.12902711638007,2414,86
1400,46.04440545054508,2400,100
1500,44.60972734579486,2384,116
1600,49.16854963491782,2372,128
1700,55.195488534153625,2361,139
1800,60.94639182707237,2335,165
1900,64.34304518281989,2313,187
2000,74.4680754975224,2298,202
2100,83.6570875006637,2280,220
2200,95.32789913503227,2263,237
2300,102.77107621086034,2248,252
2400,113.16734152417953,2237,263
2500,127.5248913540287,2233,267
2600,145.95743481300605,2208,292
2700,159.54713149819335,2186,314
2800,178.62176723213156,2175,325
2900,194.89484385072717,2146,354
3000,209.9359582048992,2145,355
3100,220.26441539005913,2127,373
3200,232.6719364810516,2125,375
3300,253.2052703543102,2121,379
3400,272.1364965300942,2110,390
3500,291.5290166856682,2106,394
3600,303.7903768445347,2089,411
3700,315.7986614484768,2055,445
3800,337.3273162338517,2038,462
3900,363.4472721776941,2022,478
4000,378.5485454551679,2010,490
4100,394.4052625878098,1980,520
4200,409.28560983846177,1967,533
4300,426.72817582933476,1951,549
4400,452.1198860599145,1926,574
4500,489.4423864039978,1905,595
4600,534.6642115170023,1893,607
4700,577.670414772444,1855,645
4800,616.8530055045265,1838,662
4900,656.5823034182627,1833,667
5000,694.3067009215329,1829,671
5100,734.9859152659086,1832,668
5200,783.5346491218372,1819,681
5300,843.4943862017772,1802,698
5400,899.3787228848976,1775,725
5500,961.6682659606797,1757,743
5600,1014.7303659626058,1730,770
5700,1073.6647742975213,1702,798
5800,1149.5556782333608,1675,825
5900,1216.578098517913,1642,858
6000,1275.1534521031156,1626,874
6100,1342.3395512390227,1628,872
6200,1397.7796595813254,1621,879
6300,1458.0042891979544,1631,869
6400,1506.2213433443828,1636,864
6500,1551.42936095216,1654,846
6600,1595.68244496938,1670,830
6700,1643.3284365778786,1677,823
6800,1669.98189626725,1702,798
6900,1685.8661201213342,1697,803
7000,1698.7862739216112,1691,809
7100,1726.8575633860085,1700,800
7200,1760.6795918595947,1710,790
7300,1792.5219233140565,1723,777
7400,1838.7797164179135,1731,769
7500,1887.5106438258574,1750,750
7600,1936.219636339972,1755,745
7700,1997.3749436442174,1755,745
7800,2047.319363419207,1744,756
7900,2099.691870736657,1732,768
8000,2171.8661362228213,1726,774
8100,2243.5820078464767,1718,782
8200,2330.988115882843,1725,775
8300,2428.1745983141054,1708,792
8400,2509.5556777182937,1687,813
8500,2599.5199806517257,1678,822
8600,2679.3277592664995,1670,830
8700,2750.445295854187,1661,839
8800,2818.9760191671817,1664,836
8900,2879.1365347265432,1647,853
9000,2934.8792319663403,1631,869
9100,2989.622022362595,1603,897
9200,3029.3172788645506,1579,921
9300,3056.5438629669907,1576,924
9400,3091.5009020491784,1572,928
9500,3118.711208485393,1579,921
9600,3164.7690326581737,1576,924
9700,3219.039079806275,1562,938
9800,3279.0300483546657,1571,929
9900,3338.1650267384684,1579,921
10000,3386.8791923551657,1575,925
10100,3459.8535757129057,1554,946
10200,3539.8240240157293,1554,946
10300,3603.83001499909,1558,942
10400,3664.3891898910633,1566,934
10500,3724.466720215355,1570,930
10600,3773.453382267285,1577,923
10700,3830.1707756070273,1562,938
10800,3884.0023538368187,1570,930
10900,3951.300815171647,1551,949
11000,4020.421184748272,1531,969
11100,4095.008833337976,1522,978
11200,4192.149005452068,1494,1006
11300,4268.347743984821,1474,1026
11400,4345.725895775006,1444,1056
11500,4436.065383558539,1410,1090
11600,4538.262144122987,1383,1117
11700,4625.781339609767,1362,1138
11800,4722.410506760078,1325,1175
11900,4799.663635193448,1323,1177
12000,4890.4152842555195,1312,1188
12100,4979.3803694014405,1310,1190
12200,5065.891511532084,1295,1205
12300,5131.275784538904,1274,1226
12400,5196.192996367843,1273,1227
12500,5260.991340289999,1259,1241
12600,5297.555445146373,1260,1240
12700,5352.582570082798,1245,1255
12800,5408.3448985692785,1237,1263
12900,5483.853264352249,1236,1264
13000,5591.279295395138,1218,1282
13100,5682.5010477548185,1220,1280
13200,5781.555745362058,1221,1279
13300,5891.5186194538965,1224,1276
13400,6008.140900803218,1216,1284
13500,6156.942253838223,1217,1283
13600,6340.363793004837,1192,1308
13700,6540.192002709522,1168,1332
13800,6764.845328177059,1147,1353
13900,6998.504769228704,1136,1364
14000,7220.176694299153,1133,1367
14100,7459.18113525784,1133,1367
14200,7681.0419488832595,1126,1374
14300,7883.647541099526,1113,1387
14400,8102.661737249268,1104,1396
14500,8290.600322018918,1100,1400
14600,8475.74492912281,1087,1413
14700,8703.198743231713,1094,1406
14800,8903.239823786014,1096,1404
14900,9111.175634569354,1092,1408
15000,9336.290893917549,1089,1411
15100,9541.468463773892,1074,1426
15200,9746.68293212838,1065,1435
15300,9939.292797130718,1058,1442
15400,10138.057022772273,1045,1455
15500,10326.871334571371,1053,1447
15600,10532.361755947051,1039,1461
15700,10730.31593511074,1034,1466
15800,10998.487921465603,1017,1483
15900,11244.642700795057,998,1502
16000,11525.584030489053,983,1517
16100,11794.427254988896,963,1537
16200,12063.252953500374,961,1539
16300,12337.102836413433,957,1543
16400,12625.548035308675,956,1544
16500,12909.168700119772,939,1561
16600,13230.039094222266,929,1571
16700,13551.375939317291,938,1562
16800,13839.584997410393,923,1577
16900,14140.229019624445,905,1595
17000,14449.779370937795,882,1618
17100,14736.039959372785,872,1628
17200,15052.66614999589,862,1638
17300,15369.441325482308,858,1642
17400,15685.80883964951,837,1663
17500,16025.18711809024,819,1681
17600,16314.845606621975,811,1689
17700,16625.614240683026,804,1696
17800,16974.92754564097,790,1710
17900,17322.26891223906,780,1720
18000,17709.09970123318,775,1725
18100,18109.72836263252,764,1736
18200,18521.22105122083,751,1749
18300,18951.51666582214,735,1765
18400,19413.423053130948,716,1784
18500,19879.49838180937,707,1793
18600,20328.518852104382,697,1803
18700,20817.94560510597,674,1826
18800,21314.41199551448,646,1854
18900,21814.384673277058,632,1868
19000,22296.09043858363,616,1884
19100,22806.235868703858,581,1919
19200,23297.772595340848,547,1953
19300,23800.36487865194,537,1963
19400,24285.585404270285,535,1965
19500,24764.86333627899,539,1961
19600,25260.63144574112,527,1973
19700,25781.26928601823,527,1973
19800,26255.166731532765,552,1948
19900,26750.75252716482,548,1952
20000,27216.679322304823,541,1959
20100,27774.41879719856,545,1955
20200,28364.416392836876,540,1960
20300,28942.261535025464,570,1930
20400,29586.62483159315,582,1918
20500,30176.26285717169,570,1930
20600,30803.084931160225,559,1941
20700,31459.019427841307,570,1930
20800,32101.956226010858,595,1905
20900,32744.730462569834,593,1907
21000,33360.76612363791,605,1895
21100,34011.50461529716,630,1870
21200,34577.721330905006,644,1856
21300,35183.374449331335,636,1864
21400,35783.00508314816,628,1872
21500,36383.73899916612,628,1872
21600,36964.67180560124,627,1873
21700,37617.20171199465,617,1883
21800,38223.71651165853,621,1879
21900,38882.71503230909,591,1909
22000,39486.68922721275,582,1918
22100,40217.897816369245,563,1937
22200,40882.89572480382,548,1952
22300,41559.09462297083,534,1966
22400,42332.89274608282,528,1972
22500,43044.62083487411,525,1975
22600,43795.064851668,521,1979
22700,44587.959967028095,504,1996
22800,45341.674615830234,482,2018
22900,46111.53495162464,476,2024
23000,46858.735498631075,462,2038
23100,47681.506720139034,455,2045
23200,48415.023631792785,438,2062
23300,49176.92594786652,426,2074
23400,49958.19456701845,405,2095
23500,50746.3705207081,391,2109
23600,51594.188072772515,366,2134
23700,52328.807633970304,351,2149
23800,53128.89217412253,355,2145
23900,53927.25124223058,344,2156
24000,54781.73354892662,354,2146
24100,55613.50896462266,354,2146
24200,56540.52635422411,357,2143
24300,57370.75094239979,351,2149
24400,58328.65020419405,344,2156
24500,59241.79518654871,345,2155
24600,60070.73662804088,352,2148
24700,61003.22027846078,355,2145
24800,61952.71099365237,358,2142
24900,62849.55607318461,361,2139
25000,63756.312209698954,361,2139
25100,64772.819532336565,364,2136
25200,65759.59633740268,357,2143
25300,66713.37105866245,369,2131
25400,67631.38068460253,373,2127
25500,68594.59455787754,379,2121
25600,69455.59577568887,367,2133
25700,70437.1991877498,383,2117
25800,71436.92956116168,383,2117
25900,72350.75773662105,383,2117
26000,73189.53265508811,370,2130
26100,74173.43973222122,362,2138
26200,75135.54456924475,345,2155
26300,76065.66107356861,336,2164
26400,77038.1440216409,322,2178
26500,77998.36303206491,306,2194
26600,79004.45271232261,300,2200
26700,80003.46159439204,286,2214
26800,80888.4174491867,272,2228
26900,81907.72516465132,249,2251
27000,83044.33353212937,247,2253
27100,84116.93601012565,235,2265
27200,85193.0226510126,228,2272
27300,86252.40469622843,233,2267
27400,87381.0527412041,246,2254
27500,88443.10367201884,254,2246
27600,89608.22900449135,265,2235
27700,90646.71476332734,262,2238
27800,91799.4738479275,263,2237
27900,92908.79626779737,268,2232
28000,94011.67931395714,270,2230
28100,95105.67122690132,257,2243
28200,96244.9317052945,243,2257
28300,97403.30161816473,224,2276
28400,98525.7582632651,218,2282
28500,99611.91350469844,196,2304
28600,100802.1646288252,196,2304
28700,101897.54705025292,175,2325
28800,103087.109457743,161,2339
28900,104266.37738049756,139,2361
29000,105613.4960040946,122,2378
29100,106952.48555463491,120,2380
29200,108249.06596794631,114,2386
29300,109444.41625661688,102,2398
29400,110833.20582278977,87,2413
29500,112102.25178175325,92,2408
29600,113448.34027160051,83,2417
29700,114765.02288083358,96,2404
29800,116070.2116745741,95,2405
29900,117434.61312546807,90,2410
30000,118803.32810174451,87,2413
30100,120246.26777149408,82,2418
30200,121711.22036366246,83,2417
30300,123093.7360794981,80,2420
30400,124445.84189893067,73,2427
30500,125861.95361086678,62,2438
30600,127141.18196595667,66,2434
30700,128424.68318556418,59,2441
30800,129883.49447213755,53,2447
30900,131337.89174332522,47,2453
31000,132739.08420117307,39,2461
31100,134156.26652612584,40,2460
31200,135666.28565579778,46,2454
31300,137302.16056435427,52,2448
31400,138757.8045379039,53,2447
31500,140231.16296533484,48,2452
31600,141795.0636300395,54,2446
31700,143323.68682451715,62,2438
31800,144740.29869856167,60,2440
31900,146384.64857472715,70,2430
32000,148025.31638772486,79,2421
32100,149619.2016800263,83,2417
32200,151367.18074371113,80,2420
32300,152949.41905685395,84,2416
32400,154584.3588875439,100,2400
32500,156183.68394040017,112,2388
32600,157782.27424925182,119,2381
32700,159293.01454074684,123,2377
32800,160837.3430464275,132,2368
32900,162351.07594394375,144,2356
33000,163968.1462096512,151,2349
33100,165513.66760648432,169,2331
33200,167012.60980167156,179,2321
33300,168593.56271565676,198,2302
33400,170166.741648806,220,2280
33500,171748.34092542925,231,2269
33600,173367.26052175637,255,2245
33700,174906.883679642,256,2244
33800,176368.64191068636,270,2230
33900,177926.53658219113,275,2225
34000,179573.97132757516,273,2227
34100,180958.87392107182,280,2220
34200,182624.6614235466,284,2216
34300,184296.5851465848,293,2207
34400,185915.29741675695,317,2183
34500,187531.86344690245,321,2179
34600,189164.95582348312,313,2187
34700,190641.97134924322,311,2189
34800,192172.133023263,308,2192
34900,193766.3474297661,303,2197
35000,195408.04850889917,304,2196
35100,197028.14384928852,307,2193
35200,198610.14507248582,291,2209
35300,200333.78761491898,282,2218
35400,201925.15623404947,283,2217
35500,203779.33065966307,281,2219
35600,205409.80480552273,283,2217
35700,207216.91175019526,280,2220
35800,209003.39074728897,288,2212
35900,210768.55590652858,296,2204
36000,212351.13892616,307,2193
36100,213998.0996949759,306,2194
36200,215730.5593389162,306,2194
36300,217531.99886827412,311,2189
36400,219268.97381018792,313,2187
36500,220914.78398096582,313,2187
36600,222677.5806648507,317,2183
36700,224441.16608129273,321,2179
36800,226106.93267275553,321,2179
36900,227876.50116942686,330,2170
37000,229530.45201625547,333,2167
37100,231122.88623634633,335,2165
37200,232817.51822028394,335,2165
37300,234436.5625096995,330,2170
37400,236195.2851692184,331,2169
37500,238038.2073395906,327,2173
37600,239754.63684829578,326,2174
37700,241688.27013908458,324,2176
37800,243724.19089082928,321,2179
37900,245699.20551170054,324,2176
38000,247595.5363131858,318,2182
38100,249373.92544343052,319,2181
38200,251258.03280766873,315,2185
38300,253345.1886489594,319,2181
38400,255332.54053990502,319,2181
38500,257129.62498164282,323,2177
38600,258941.0107411201,322,2178
38700,260923.3501907423,333,2167
38800,262851.6079558589,340,2160
38900,264645.7787770132,334,2166
39000,266441.15087007644,326,2174
39100,268364.01968280115,312,2188
39200,270264.53923410905,306,2194
39300,272058.3156903092,294,2206
39400,273926.523736289,292,2208
39500,275909.13448310195,283,2217
39600,277899.4015449219,270,2230
39700,280006.3384402361,260,2240
39800,282120.02195910004,255,2245
39900,284169.72575533553,239,2261
40000,286373.59265294834,232,2268
40100,288411.74614513176,234,2266
40200,290504.2971554134,231,2269
40300,292614.914927867,230,2270
40400,294773.9481265887,227,2273
40500,296746.22933204984,225,2275
40600,298820.95960407984,217,2283
40700,301056.56120409945,213,2287
40800,303212.9057007862,206,2294
40900,305209.21802206367,198,2302
41000,307367.012612339,196,2304
41100,309594.4020719794,197,2303
41200,311662.3157010812,198,2302
41300,313910.91033701506,196,2304
41400,316088.9266165572,195,2305
41500,318233.42167465814,193,2307
41600,320345.42766487086,191,2309
41700,322735.1206304184,187,2313
41800,324982.2269979696,184,2316
41900,327447.8090802053,176,2324
42000,329706.1892393402,173,2327
42100,332150.9192174572,173,2327
42200,334634.57000595395,173,2327
42300,336932.772742693,175,2325
42400,339301.10235618084,176,2324
42500,341510.01772136183,173,2327
42600,343812.2817526931,175,2325
42700,346236.1223853903,183,2317
42800,348497.1666401824,180,2320
42900,350763.6518235477,181,2319
43000,353274.0109590322,181,2319
43100,355539.9678822799,179,2321
43200,357954.96921023325,178,2322
43300,360555.8249841793,183,2317
43400,362925.90911765053,185,2315
43500,365367.7801553443,184,2316
43600,367802.07758787106,185,2315
43700,370216.60068179463,184,2316
43800,372786.9586408733,182,2318
43900,375513.58332686126,182,2318
44000,378166.2646868271,183,2317
44100,380779.67847607186,187,2313
44200,383362.8852496421,187,2313
44300,385996.08958823595,187,2313
44400,388480.25740748405,191,2309
44500,391133.05090037757,191,2309
44600,393748.2360188419,193,2307
44700,396578.194960724,193,2307
44800,399023.1479844715,197,2303
44900,401652.90705064824,200,2300
45000,404206.2377007518,203,2297
45100,406623.43999191443,205,2295
45200,409230.0206900156,205,2295
45300,411829.0594258518,208,2292
45400,414302.9639218587,210,2290
45500,416633.6384306059,210,2290
45600,419351.5592419414,212,2288
45700,422217.6248527713,215,2285
45800,424833.9965453769,218,2282
45900,427540.32271627395,220,2280
46000,430463.7921281778,220,2280
46100,433335.518823582,221,2279
46200,436235.8471457216,219,2281
46300,439112.1129253979,220,2280
46400,441861.53087734594,220,2280
46500,444670.5225200486,223,2277
46600,447422.75980525266,224,2276
46700,450181.903309853,231,2269
46800,452716.94752740726,233,2267
46900,455264.04826365603,234,2266
47000,458077.9529278988,237,2263
47100,460673.64471119444,239,2261
47200,463128.2729593559,240,2260
47300,465717.24516034964,241,2259
47400,468415.194568384,242,2258
47500,471103.5398944702,242,2258
47600,473850.72367322503,245,2255
47700,476859.82282373647,246,2254
47800,479770.00439983833,246,2254
47900,482745.8523168298,246,2254
48000,485810.0885119819,247,2253
48100,489131.85815389804,247,2253
48200,492262.12441081315,251,2249
48300,495361.5967008755,251,2249
48400,498363.24699355394,250,2250
48500,501587.56035927584,249,2251
48600,504829.67982406676,245,2255
48700,507868.44444634207,243,2257
48800,510652.2711231721,243,2257
48900,513403.7168427456,242,2258
49000,516253.0400388801,242,2258
49100,519255.18495256174,247,2253
49200,521803.3160939251,252,2248
49300,524740.9227356391,249,2251
49400,527539.4933990827,248,2252
49500,530588.288298654,249,2251
49600,533635.7462699288,250,2250
49700,536741.6392348179,249,2251
49800,539729.8082780667,248,2252
49900,543070.8584264484,248,2252
50000,546452.9966945678,245,2255
