step,msd_global,n_round,n_elongated
0,0.0,2500,0
100,29.697769454281072,2500,0
200,33.149061324843125,2500,0
300,35.24814914011687,2500,0
400,34.576493290180174,2500,0
500,32.587876367746205,2500,0
600,35.986088102099316,2500,0
700,36.70240880263717,2500,0
800,36.06875059191785,2500,0
900,35.390227327152836,2500,0
1000,36.658964093581915,2500,0
1100,37.386352115636186,2500,0
1200,38.129258662415765,2500,0
1300,38.81910817112406,2500,0
1400,39.50512225147884,2500,0
1500,40.837547343510714,2500,0
1600,41.43577443967785,2500,0
1700,41.416859798709126,2500,0
1800,42.060506710235046,2500,0
1900,43.36664068866715,2500,0
2000,42.77218520880677,2500,0
2100,43.43367655979099,2500,0
2200,43.44740800751478,2500,0
2300,42.127456949967744,2500,0
2400,42.11698414111416,2500,0
2500,42.12883301419062,2500,0
2600,41.47880348557463,2500,0
2700,41.46854361791342,2500,0
2800,41.46305437223769,2500,0
2900,41.47931375632539,2500,0
3000,41.47266032230453,2500,0
3100,41.47185574070081,2500,0
3200,41.46898842593357,2500,0
3300,40.811272240375914,2500,0
3400,40.83116879224214,2500,0
3500,40.846330458681294,2500,0
3600,40.85241762245823,2500,0
3700,41.53809943103662,2500,0
3800,40.86572311219507,2500,0
3900,40.865260087329624,2500,0
4000,40.89443083476519,2500,0
4100,40.20506469163743,2500,0
4200,40.21649600091099,2500,0
4300,40.238899263235005,2500,0
4400,40.85932182539114,2500,0
4500,40.232439590427354,2500,0
4600,39.606147835309116,2500,0
4700,39.61546847781295,2500,0
4800,39.618094585239945,2500,0
4900,40.29105394388186,2500,0
5000,41.57455826168519,2500,0
5100,40.89969552756754,2500,0
5200,40.90201528774833,2500,0
5300,40.22418446467253,2500,0
5400,41.5917744480452,2500,0
5500,40.913804612139764,2500,0
5600,40.24223957837582,2500,0
5700,40.92147439523076,2500,0
5800,40.24530135340855,2500,0
5900,40.25192368666576,2500,0
6000,40.25899439754428,2500,0
6100,40.27280323903433,2500,0
6200,40.952799090396866,2500,0
6300,41.64612095680118,2500,0
6400,40.3132941006941,2500,0
6500,40.30442660576296,2500,0
6600,40.324154304098315,2500,0
6700,40.99601029253204,2500,0
6800,40.35592204276075,2500,0
6900,40.339339665870995,2500,0
7000,40.34900466556989,2500,0
7100,40.34321448586209,2500,0
7200,40.34271937023321,2500,0
7300,40.35899389740707,2500,0
7400,40.96973360353665,2500,0
7500,40.95850504510842,2500,0
7600,40.31269766469559,2500,0
7700,40.30624011966628,2500,0
7800,40.304041500442466,2500,0
7900,41.57713954890151,2500,0
8000,40.29397791985816,2500,0
8100,40.897610553970246,2500,0
8200,40.310786463674276,2500,0
8300,40.30553017588301,2500,0
8400,40.26272233435467,2500,0
8500,40.92631857656323,2500,0
8600,41.5762379185442,2500,0
8700,40.317927325585615,2500,0
8800,40.32025895834235,2500,0
8900,41.595510280851045,2500,0
9000,40.94131824866429,2500,0
9100,40.27955872839047,2500,0
9200,40.25315474924501,2500,0
9300,40.25695940709819,2500,0
9400,40.251586917608904,2500,0
9500,40.2559004461537,2500,0
9600,40.26247107876367,2500,0
9700,39.603189793192136,2500,0
9800,39.6574103686616,2500,0
9900,40.91342233309602,2500,0
10000,40.278636950371414,2500,0
10100,40.28614529106669,2500,0
10200,39.629796051964604,2500,0
10300,40.28370268762755,2500,0
10400,40.28429886025376,2500,0
10500,39.61070323089633,2500,0
10600,40.28287545031479,2500,0
10700,39.63759845483236,2500,0
10800,40.975055809241304,2500,0
10900,39.62190743782593,2500,0
11000,39.61884374898148,2500,0
11100,39.615634145904146,2500,0
11200,38.95530202413467,2500,0
11300,39.60938602680724,2500,0
11400,38.96250129708904,2500,0
11500,38.964788894675394,2500,0
11600,38.97349515204426,2500,0
11700,39.64427275799264,2500,0
11800,39.644745176786245,2500,0
11900,38.972634786201226,2500,0
12000,39.642315393855,2500,0
12100,38.96382198414628,2500,0
12200,38.95209435616082,2500,0
12300,38.95621321893919,2500,0
12400,38.967955786036924,2500,0
12500,38.956286343645615,2500,0
12600,38.955795388059876,2500,0
12700,38.961369946243764,2500,0
12800,38.957875540508304,2500,0
12900,38.951018320244984,2500,0
13000,39.61254108456869,2500,0
13100,39.56752544478212,2500,0
13200,39.5627864409578,2500,0
13300,39.5736201361786,2500,0
13400,39.559501043753585,2500,0
13500,40.220720046934694,2500,0
13600,39.57486474192721,2500,0
13700,39.56567714091048,2500,0
13800,39.561137954566526,2500,0
13900,39.55935870035275,2500,0
14000,40.224513392461176,2500,0
14100,39.55121761360533,2500,0
14200,39.560517418525635,2500,0
14300,39.549891087713654,2500,0
14400,40.897551792529825,2500,0
14500,40.24874178639783,2500,0
14600,40.90824353829545,2500,0
14700,40.240806644891094,2500,0
14800,40.24396626209769,2500,0
14900,40.25415072826147,2500,0
15000,40.91180814935096,2500,0
15100,40.916317529854005,2500,0
15200,40.24592861315198,2500,0
15300,40.24664162868566,2500,0
15400,40.90359898145648,2500,0
15500,40.23087129147009,2500,0
15600,40.26218131123006,2500,0
15700,40.92306693504363,2500,0
15800,40.90984803597287,2500,0
15900,40.914752909902866,2500,0
16000,40.25034720369445,2500,0
16100,40.92814007863244,2500,0
16200,39.59751871340031,2500,0
16300,40.266358540306825,2500,0
16400,39.595787746726856,2500,0
16500,39.604181338556145,2500,0
16600,39.605016665555304,2500,0
16700,39.59395358672604,2500,0
16800,39.595217231277225,2500,0
16900,40.26309126251856,2500,0
17000,39.59553830253073,2500,0
17100,39.604704831643936,2500,0
17200,40.28257157910544,2500,0
17300,40.274810988738714,2500,0
17400,39.60441519852664,2500,0
17500,39.61214841473912,2500,0
17600,39.60986296979579,2500,0
17700,39.60579697889948,2500,0
17800,39.60074397035304,2500,0
17900,40.93488438021246,2500,0
18000,39.60457156491095,2500,0
18100,39.60155158947031,2500,0
18200,40.26531775417916,2500,0
18300,38.95590715396676,2500,0
18400,40.29583269841795,2500,0
18500,40.28556877228817,2500,0
18600,39.61479834884297,2500,0
18700,38.958356394375166,2500,0
18800,39.657056304010496,2500,0
18900,38.96787897792545,2500,0
19000,39.64034140888084,2500,0
19100,38.97296462702221,2500,0
19200,39.642946381963455,2500,0
19300,39.6513055449611,2500,0
19400,39.64825519484404,2500,0
19500,39.63829219230056,2500,0
19600,40.97963788435427,2500,0
19700,40.32325991834324,2500,0
19800,40.32724353722538,2500,0
19900,40.32556049385057,2500,0
20000,40.329937608305364,2500,0
20100,40.30354156578343,2500,0
20200,40.98667479069645,2500,0
20300,40.313680769949215,2500,0
20400,39.63923594388906,2500,0
20500,40.98948354051757,2500,0
20600,40.31713840676757,2500,0
20700,40.31997725063468,2500,0
20800,40.32472856686488,2500,0
20900,39.65791771970525,2500,0
21000,40.341584499613134,2500,0
21100,41.0036818314135,2500,0
21200,41.01439224001141,2500,0
21300,40.34942318783035,2500,0
21400,40.338255762486995,2500,0
21500,40.33737548249805,2500,0
21600,41.0293718787523,2500,0
21700,41.71001388478407,2500,0
21800,41.70465390021271,2500,0
21900,41.709872119159726,2500,0
22000,41.70666944981592,2500,0
22100,41.70266054782552,2500,0
22200,42.36796607435762,2500,0
22300,41.01993283116545,2500,0
22400,42.39614246195985,2500,0
22500,42.397634924093225,2500,0
22600,41.71599664541391,2500,0
22700,41.025286120597166,2500,0
22800,41.72017464833066,2500,0
22900,42.401931468480406,2500,0
23000,41.04561589167226,2500,0
23100,41.039059031103996,2500,0
23200,41.71972694105634,2500,0
23300,41.03585761102581,2500,0
23400,40.36065472411638,2500,0
23500,41.73227943216488,2500,0
23600,42.410662651770934,2500,0
23700,41.71678218246203,2500,0
23800,42.39553590041732,2500,0
23900,42.40198917875611,2500,0
24000,41.71814866205156,2500,0
24100,42.406392698844,2500,0
24200,42.40440766460246,2500,0
24300,42.411885840693955,2500,0
24400,42.41539158722091,2500,0
24500,42.404880874562984,2500,0
24600,42.410690653833804,2500,0
24700,43.08625310813686,2500,0
24800,41.72660581421823,2500,0
24900,41.73039694533874,2500,0
25000,42.41236182034839,2500,0
25100,42.41703562446627,2500,0
25200,42.41812131193881,2500,0
25300,42.31166498527487,2500,0
25400,42.998268772965005,2500,0
25500,41.72793163071925,2500,0
25600,42.9998414692301,2500,0
25700,42.3111180816774,2500,0
25800,42.4275159525568,2500,0
25900,41.73695671190942,2500,0
26000,42.433956939200286,2500,0
26100,42.43346663699582,2500,0
26200,42.43515047095419,2500,0
26300,42.44174676204296,2500,0
26400,42.44591058273234,2500,0
26500,42.42744792356009,2500,0
26600,42.451043363397474,2500,0
26700,42.44013377419513,2500,0
26800,41.075582093721245,2500,0
26900,41.76946226153381,2500,0
27000,41.7726101767333,2500,0
27100,41.10766847513142,2500,0
27200,40.435598214785394,2500,0
27300,41.79765666078816,2500,0
27400,41.11981310577892,2500,0
27500,41.78924923874116,2500,0
27600,41.10747898624006,2500,0
27700,41.11292724382835,2500,0
27800,41.120134122992624,2500,0
27900,39.75625083423193,2500,0
28000,41.796996348758796,2500,0
28100,40.32693888164797,2500,0
28200,43.04903067877885,2500,0
28300,40.45162393178435,2500,0
28400,41.13152104393798,2500,0
28500,41.69587488539937,2500,0
28600,40.34346304186472,2500,0
28700,40.33808785084092,2500,0
28800,41.695183914431,2500,0
28900,42.383788962065275,2500,0
29000,41.13415847196355,2500,0
29100,40.34481281117558,2500,0
29200,41.13426762473461,2500,0
29300,41.02939794889113,2500,0
29400,39.770553546008536,2500,0
29500,40.36170692023173,2500,0
29600,41.71508511785883,2500,0
29700,41.03268911454394,2500,0
29800,40.33306812219159,2500,0
29900,40.3306608252452,2500,0
30000,41.70021640250058,2500,0
30100,40.33562642531531,2500,0
30200,41.67994346037592,2500,0
30300,40.33848045282804,2500,0
30400,41.10802575383556,2500,0
30500,41.02610551168487,2500,0
30600,41.014769398494344,2500,0
30700,41.68562889404594,2500,0
30800,41.00966919484027,2500,0
30900,42.346999509079566,2500,0
31000,40.433971468079136,2500,0
31100,40.34551419917396,2500,0
31200,39.0962353188302,2500,0
31300,39.100489116946164,2500,0
31400,39.68209057954386,2500,0
31500,39.65965918759913,2500,0
31600,40.33690983395172,2500,0
31700,39.09600653811524,2500,0
31800,40.43134895787175,2500,0
31900,40.338392239903044,2500,0
32000,40.33404690048247,2500,0
32100,39.080400596954654,2500,0
32200,39.08226420215822,2500,0
32300,40.32584689863674,2500,0
32400,41.018669184755055,2500,0
32500,39.673387909234485,2500,0
32600,40.33706402475711,2500,0
32700,39.75956719147302,2500,0
32800,39.751607331473174,2500,0
32900,39.75912462010519,2500,0
33000,41.00843476021172,2500,0
33100,40.98739198287587,2500,0
33200,40.416236065805904,2500,0
33300,40.41266481436204,2500,0
33400,39.7538860332871,2500,0
33500,40.33820521910761,2500,0
33600,40.98818544688668,2500,0
33700,40.98901916238785,2500,0
33800,39.74876822440281,2500,0
33900,39.74681213521611,2500,0
34000,39.738475803660826,2500,0
34100,39.73717825904983,2500,0
34200,40.32215105472778,2500,0
34300,40.32559610694297,2500,0
34400,40.399262929847346,2500,0
34500,42.31269567674622,2500,0
34600,40.398097911310245,2500,0
34700,40.322460176901146,2500,0
34800,40.392861820113886,2500,0
34900,40.40795353505615,2500,0
35000,41.06016613323856,2500,0
35100,40.315239067597275,2500,0
35200,40.41706095418718,2500,0
35300,41.07037446990815,2500,0
35400,41.061780748481375,2500,0
35500,40.980666922788764,2500,0
35600,40.988367173894844,2500,0
35700,41.64488661439993,2500,0
35800,40.991381028596315,2500,0
35900,41.67862302840297,2500,0
36000,40.994380624929946,2500,0
36100,41.08628559227028,2500,0
36200,41.07852918380513,2500,0
36300,40.42333357813292,2500,0
36400,40.42317766540578,2500,0
36500,40.42011202550024,2500,0
36600,40.433080437851494,2500,0
36700,41.68657299569294,2500,0
36800,41.00543528806384,2500,0
36900,41.66843511488594,2500,0
37000,40.992034426792756,2500,0
37100,41.67687349020074,2500,0
37200,41.67277607066884,2500,0
37300,41.006115420553776,2500,0
37400,41.03949227333822,2500,0
37500,41.00835421878745,2500,0
37600,41.6853645830002,2500,0
37700,41.00677534730995,2500,0
37800,41.6694879123666,2500,0
37900,41.66371991487252,2500,0
38000,41.00222996327658,2500,0
38100,40.42633919101279,2500,0
38200,40.425059123261846,2500,0
38300,41.00026588336675,2500,0
38400,41.084279845359305,2500,0
38500,41.66866656262204,2500,0
38600,40.99347788045398,2500,0
38700,41.66067188792662,2500,0
38800,41.68300733128029,2500,0
38900,42.33805420004375,2500,0
39000,41.07752450989056,2500,0
39100,41.10038072365412,2500,0
39200,41.10926876757673,2500,0
39300,42.352541251498,2500,0
39400,40.99665353190685,2500,0
39500,42.34399991938669,2500,0
39600,41.65785263435142,2500,0
39700,42.34067852079708,2500,0
39800,41.653669808072266,2500,0
39900,41.677477346253234,2500,0
40000,41.00015605855165,2500,0
40100,41.68084354971083,2500,0
40200,41.67054294450758,2500,0
40300,41.693141155166,2500,0
40400,41.67803787775481,2500,0
40500,42.333803489384174,2500,0
40600,41.685149568220645,2500,0
40700,41.673989198652635,2500,0
40800,41.67315252736144,2500,0
40900,41.676198106247014,2500,0
41000,41.6841388623512,2500,0
41100,42.3531437994237,2500,0
41200,42.33461150478206,2500,0
41300,42.335190403887715,2500,0
41400,41.00445985904583,2500,0
41500,40.42020626551112,2500,0
41600,41.087374227649576,2500,0
41700,41.096139802258186,2500,0
41800,41.1004628764416,2500,0
41900,41.6888923267628,2500,0
42000,41.67591649040288,2500,0
42100,41.76391217999968,2500,0
42200,41.7615072947895,2500,0
42300,41.095537652445145,2500,0
42400,42.33968441016599,2500,0
42500,42.44401238016149,2500,0
42600,41.106158403031515,2500,0
42700,41.76940650946795,2500,0
42800,41.102530739962475,2500,0
42900,41.784444745568344,2500,0
43000,42.355498258452386,2500,0
43100,41.101718105702815,2500,0
43200,41.68925005813463,2500,0
43300,41.106996236524694,2500,0
43400,41.780205910159495,2500,0
43500,43.02843734188439,2500,0
43600,43.02144517722091,2500,0
43700,41.775181954698475,2500,0
43800,41.089796219337984,2500,0
43900,41.76647812891122,2500,0
44000,41.786266085709855,2500,0
44100,43.019095521906614,2500,0
44200,42.436035306111336,2500,0
44300,42.4526655992304,2500,0
44400,41.77788786606951,2500,0
44500,41.11532031298949,2500,0
44600,41.114121090330194,2500,0
44700,41.79489361740408,2500,0
44800,41.115815404177546,2500,0
44900,41.12883187763208,2500,0
45000,41.778317928719055,2500,0
45100,41.69289755794429,2500,0
45200,41.70633823778244,2500,0
45300,41.77549952459744,2500,0
45400,41.79494152178509,2500,0
45500,41.79310439769352,2500,0
45600,41.12534254443283,2500,0
45700,41.124135606750784,2500,0
45800,42.46071547899494,2500,0
45900,43.03854486520166,2500,0
46000,41.128395725825875,2500,0
46100,41.801324588985686,2500,0
46200,42.38168539951581,2500,0
46300,43.03821008624223,2500,0
46400,42.4502696220734,2500,0
46500,43.04685938950198,2500,0
46600,42.35923590183962,2500,0
46700,41.704689504076896,2500,0
46800,41.788581065885445,2500,0
46900,42.373616042822746,2500,0
47000,42.46868067240843,2500,0
47100,41.70219089616164,2500,0
47200,43.03528102929201,2500,0
47300,43.04131154575211,2500,0
47400,42.36097606929401,2500,0
47500,41.78924277995909,2500,0
47600,43.03995766805124,2500,0
47700,42.46739802877616,2500,0
47800,41.80359673090834,2500,0
47900,41.11786840854565,2500,0
48000,41.78758715748116,2500,0
48100,41.805114508431046,2500,0
48200,43.04563403390195,2500,0
48300,41.80135724658919,2500,0
48400,42.37178056119725,2500,0
48500,42.457533370834646,2500,0
48600,42.380948505630215,2500,0
48700,43.04318195622066,2500,0
48800,41.804608821267216,2500,0
48900,43.039613133612555,2500,0
49000,42.37542210882439,2500,0
49100,42.3532809232973,2500,0
49200,43.028810434975355,2500,0
49300,43.03234292864596,2500,0
49400,42.361909184065695,2500,0
49500,43.0322227109646,2500,0
49600,43.03236669661791,2500,0
49700,42.46430648193337,2500,0
49800,43.034461710410405,2500,0
49900,43.03483410276101,2500,0
50000,41.801140380250445,2500,0
