step,mean_aspect_ratio,fraction_elongated,fraction_round,fraction_binary
100,1.0,0.0,1.0,0.0
200,1.0265632812499998,0.001402343750000001,0.9209609375000001,0.07763671874999999
300,1.018669921875,0.0014335937500000008,0.9406953125,0.057871093750000005
400,1.0152230468749999,0.0013398437500000005,0.94890625,0.04975390625
500,1.0129726562500005,0.0011289062500000006,0.9544843749999999,0.04438671874999999
600,1.0115667968750006,0.0009921875000000004,0.9575156249999999,0.041492187500000006
700,1.0106117187499999,0.0009296875000000003,0.9600429687499998,0.039027343750000026
800,1.0099175781249998,0.0008632812500000002,0.9618203125000001,0.03731640624999998
900,1.009356640625,0.0008671875000000002,0.9633164062499996,0.03581640625000001
1000,1.0091624999999997,0.0008671875,0.9648125000000001,0.034320312500000005
1100,1.0089515625,0.0008320312500000001,0.9653398437499998,0.03382812500000002
1200,1.0087441406249997,0.00088671875,0.96566796875,0.0334453125
1300,1.0086246093749998,0.0008359375000000001,0.9663203124999997,0.032843749999999984
1400,1.0083578125,0.0007851562499999999,0.9670898437500002,0.03212499999999997
1500,1.0083589843749998,0.0007109375000000002,0.9669101562500002,0.03237890625
1600,1.0082343750000005,0.0006835937500000002,0.9670624999999998,0.032253906250000006
1700,1.0081304687500001,0.0006875000000000002,0.9675468749999998,0.031765625000000006
1800,1.0081183593750003,0.0006992187500000002,0.9676835937500001,0.0316171875
1900,1.007984765625,0.0007109375000000001,0.96809765625,0.031191406250000015
2000,1.00800703125,0.00075,0.9683828125000001,0.030867187499999994
2100,1.0079582031250005,0.00078125,0.9684492187500005,0.030769531250000006
2200,1.0081691406250002,0.00088671875,0.9685234375000003,0.030589843749999995
2300,1.0082722656249996,0.0009687500000000001,0.9683749999999999,0.030656250000000024
2400,1.008137890625,0.0009101562499999999,0.9691250000000002,0.02996484375000001
2500,1.008281640625,0.00093359375,0.9688242187499998,0.030242187500000014
2600,1.008174609375,0.0009726562499999999,0.9688593750000005,0.030167968750000006
2700,1.0081437500000001,0.00092578125,0.9690273437499995,0.03004687499999999
2800,1.008183984375,0.0009609375,0.9689843749999997,0.030054687500000007
2900,1.00813828125,0.00099609375,0.9691054687499996,0.029898437500000007
3000,1.0083621093749997,0.0010390625,0.96920703125,0.029753906250000014
3100,1.008269921875,0.00105078125,0.9694492187500002,0.02950000000000001
3200,1.0084011718749997,0.0011562500000000002,0.9692851562499999,0.029558593750000008
3300,1.0087347656249999,0.00109375,0.9683945312499997,0.030511718749999996
3400,1.0086105468750002,0.0011445312500000001,0.9691445312499998,0.029710937500000006
3500,1.008691015625,0.0011640625000000002,0.9688437499999994,0.02999218750000001
3600,1.008673828125,0.0011093750000000001,0.9688984374999996,0.0299921875
3700,1.0088722656250004,0.0011640625000000002,0.9688906250000002,0.029945312499999995
3800,1.0084964843749997,0.0011484375000000002,0.9693085937499999,0.029542968749999992
3900,1.0085847656249995,0.0011171875000000001,0.9696679687499998,0.02921484374999999
4000,1.008599609375,0.001171875,0.9692578125000002,0.029570312499999998
4100,1.0086972656250002,0.00116015625,0.9691914062500001,0.029648437500000006
4200,1.0085835937499998,0.00123828125,0.9691992187499998,0.029562499999999988
4300,1.0086125,0.001203125,0.9694101562499995,0.029386718749999978
4400,1.00860234375,0.001203125,0.9693554687499997,0.02944140625
4500,1.0086710937500005,0.00120703125,0.97009375,0.028699218749999998
4600,1.0088566406249997,0.0013046874999999999,0.9693476562499999,0.029347656249999996
4700,1.00883203125,0.0012968749999999999,0.96913671875,0.02956640624999999
4800,1.0087921874999999,0.0012968749999999999,0.9695585937499998,0.029144531249999987
4900,1.0089324218749998,0.00130078125,0.9694492187499996,0.02925
5000,1.0090496093749999,0.0013124999999999999,0.9695234375000005,0.029164062499999983
5100,1.0092046875,0.00138671875,0.969125,0.02948828124999999
5200,1.0093101562500002,0.00146484375,0.9694257812500001,0.029109374999999993
5300,1.0092890625000002,0.00144140625,0.9694335937500002,0.029124999999999988
5400,1.0091199218750002,0.00140625,0.9696054687499998,0.028988281249999994
5500,1.0091339843749998,0.00139453125,0.9696367187499999,0.02896875
5600,1.0090496093749997,0.001453125,0.9700351562499996,0.028511718750000005
5700,1.009396875,0.00153515625,0.96953125,0.02893359375
5800,1.00942734375,0.0015390625,0.9697226562500005,0.02873828125
5900,1.0096597656250004,0.00176171875,0.9696250000000004,0.02861328124999999
6000,1.0102097656250004,0.00195703125,0.9691640625000002,0.02887890625000001
6100,1.0106078125,0.00211328125,0.9688867187500002,0.029000000000000005
6200,1.0107867187500004,0.00220703125,0.9687343749999994,0.029058593749999997
6300,1.0109667968750005,0.002265625,0.9687968749999998,0.028937499999999984
6400,1.0110734374999995,0.0022421875,0.96883203125,0.02892578125
6500,1.01117890625,0.00231640625,0.9691093749999998,0.02857421875
6600,1.011596875,0.0025117187499999996,0.9686914062500002,0.028796875000000003
6700,1.0119578124999997,0.0025664062499999997,0.9676523437499996,0.029781249999999978
6800,1.0119257812499998,0.0025937499999999997,0.9688085937499995,0.02859765625
6900,1.0121175781249998,0.0026523437499999998,0.9685664062499993,0.028781250000000005
7000,1.0122511718749996,0.0025976562499999997,0.9675976562500003,0.02980468749999999
7100,1.0124515625000001,0.0026953125,0.9673749999999999,0.029929687499999996
7200,1.0123917968749998,0.00273828125,0.96816015625,0.029101562500000008
7300,1.0124781250000001,0.00277734375,0.967734375,0.029488281250000005
7400,1.012348046875,0.00276171875,0.96823828125,0.028999999999999995
7500,1.0125917968749998,0.00279296875,0.96744140625,0.029765624999999987
7600,1.0123929687500004,0.002765625,0.9681210937500005,0.029113281249999998
7700,1.0125636718749997,0.00290625,0.9681757812499998,0.028917968750000005
7800,1.0124312500000001,0.00287890625,0.9681953124999998,0.02892578124999999
7900,1.0125113281249996,0.0028164062499999995,0.9677812499999999,0.029402343749999997
8000,1.0124519531249996,0.0028046875,0.9676562499999998,0.0295390625
8100,1.0125988281250005,0.0028398437499999995,0.9676289062499999,0.029531250000000005
8200,1.01257578125,0.0028359375,0.9680625000000005,0.029101562499999997
8300,1.012401953125,0.0028046875,0.9681562499999998,0.02903906249999999
8400,1.0124593750000002,0.0027812500000000007,0.9681484374999998,0.029070312500000004
8500,1.0122039062500001,0.0027773437500000003,0.9687851562500003,0.028437499999999998
8600,1.0120195312500002,0.002734375,0.9689531250000001,0.02831249999999999
8700,1.0117250000000002,0.0025976562499999997,0.9691601562499997,0.02824218749999999
8800,1.011587109375,0.0024257812499999996,0.9689765624999997,0.028597656250000013
8900,1.0112839843749997,0.00237890625,0.9693437500000003,0.028277343749999996
9000,1.0114874999999999,0.0023984375,0.9692656249999994,0.028335937499999995
9100,1.011691015625,0.0023710937500000004,0.9688164062499999,0.028812499999999994
9200,1.0111859375,0.00230078125,0.9694179687500001,0.02828124999999999
9300,1.0111570312499998,0.00221875,0.969578125,0.028203124999999996
9400,1.01104453125,0.0021757812499999998,0.9694726562500005,0.028351562500000003
9500,1.0112585937499998,0.0022500000000000003,0.96875,0.02899999999999999
9600,1.0110519531249997,0.0022187500000000002,0.9693554687499994,0.02842578125
9700,1.0110335937500001,0.0022382812500000003,0.9691835937500002,0.02857812500000001
9800,1.0109750000000002,0.0022539062500000003,0.9696835937499998,0.028062500000000004
9900,1.0110859375,0.0022890625000000003,0.9695195312499999,0.028191406250000002
10000,1.011325,0.0023632812500000004,0.9695468749999994,0.028089843749999996
10100,1.0112957031250003,0.0023515625000000004,0.9695742187500002,0.028074218749999998
10200,1.011423046875,0.00243359375,0.9694492187499999,0.028117187499999995
10300,1.01142734375,0.0024726562499999996,0.9691562500000004,0.02837109375
10400,1.0115472656249997,0.00253125,0.9691015625000002,0.028367187500000005
10500,1.0116273437500003,0.0026249999999999997,0.9691171874999998,0.028257812500000003
10600,1.0118796875000002,0.0026757812499999998,0.9688164062499999,0.028507812500000007
10700,1.0120468749999993,0.00269921875,0.9683398437499997,0.028960937499999995
10800,1.012149609375,0.0027343750000000003,0.9684609374999998,0.02880468749999999
10900,1.0120937500000002,0.00276953125,0.9688632812500001,0.02836718749999998
11000,1.0122171875,0.00284375,0.9689999999999999,0.028156249999999997
11100,1.0124101562500005,0.00296484375,0.9693281250000002,0.02770703124999999
11200,1.0125230468750002,0.0029296875,0.9684960937500001,0.028574218749999998
11300,1.0123765625,0.00291796875,0.9687656250000001,0.02831640624999999
11400,1.0122410156249997,0.00286328125,0.9689218750000003,0.028214843749999996
11500,1.012089453125,0.00280078125,0.96917578125,0.0280234375
11600,1.0119156249999999,0.0027421875,0.9695273437500002,0.02773046875
11700,1.0118886718749998,0.00267578125,0.9697031249999999,0.02762109374999998
11800,1.0121812500000003,0.0027343750000000003,0.9688281249999997,0.028437499999999987
11900,1.0120585937500002,0.0027539062500000003,0.9695390625000004,0.02770703125
12000,1.01215703125,0.00277734375,0.9690078125000005,0.028214843750000013
12100,1.0120636718750007,0.00278515625,0.9692421875000001,0.027972656249999995
12200,1.0119582031249996,0.0027421875,0.9697148437499999,0.027542968749999994
12300,1.0118210937500003,0.0027148437500000002,0.9697499999999993,0.027535156250000005
12400,1.0118089843749998,0.00271875,0.9694765624999999,0.027804687500000008
12500,1.0116062499999994,0.00268359375,0.9702304687500004,0.027085937499999997
12600,1.0118097656250002,0.0025781249999999997,0.9691796875000003,0.028242187500000012
12700,1.0115667968750004,0.0025390625,0.9696679687499999,0.02779296875
12800,1.01168125,0.0025937499999999997,0.9697382812499998,0.02766796874999998
12900,1.0117128906250001,0.0026640624999999998,0.9694179687500001,0.02791796875
13000,1.0119722656249999,0.0027226562500000002,0.9691445312499999,0.028132812499999993
13100,1.011912890625,0.0027109375,0.9698789062499997,0.027410156249999994
13200,1.011965625,0.0026757812499999998,0.9690273437500001,0.028296875000000006
13300,1.0116992187499998,0.0026445312499999997,0.9699453125,0.02741015624999999
13400,1.0118250000000009,0.0026328124999999997,0.9696992187499998,0.027667968749999987
13500,1.01188515625,0.002625,0.9695859374999999,0.0277890625
13600,1.0118582031250005,0.00259375,0.9695585937499999,0.027847656249999995
13700,1.0119906249999997,0.0026093749999999997,0.9693710937499999,0.028019531249999997
13800,1.0119011718749995,0.00258203125,0.9696601562500005,0.027757812499999996
13900,1.0118984375000002,0.00258203125,0.9694101562499996,0.0280078125
14000,1.01167578125,0.0025078124999999996,0.9696015625,0.027890624999999985
14100,1.011331640625,0.0024374999999999996,0.9699960937499996,0.02756640624999999
14200,1.0111175781250001,0.0024140624999999995,0.9701367187500002,0.027449218750000004
14300,1.01125390625,0.00242578125,0.9707343749999999,0.026839843749999995
14400,1.0114167968749999,0.0025390625,0.9699648437499996,0.02749609375
14500,1.01118125,0.00251171875,0.97065234375,0.026835937499999997
14600,1.0112894531249996,0.00248046875,0.9704375,0.02708203124999999
14700,1.0111769531249997,0.0024921875,0.970484375,0.027023437500000014
14800,1.0112660156250002,0.0025703124999999997,0.9701718749999998,0.0272578125
14900,1.01169921875,0.0027382812500000003,0.9695546874999997,0.027707031250000007
15000,1.0118097656249998,0.0027773437500000003,0.9699570312500002,0.027265625
15100,1.012169921875,0.00284375,0.9696640625000001,0.0274921875
15200,1.012196484375,0.002953125,0.9693359375000004,0.027710937499999994
15300,1.0123140625,0.00303125,0.9696484374999998,0.027320312499999992
15400,1.0123738281249997,0.0030859375,0.9698671875000001,0.027046874999999998
15500,1.0126601562500002,0.0031601562499999998,0.9693046874999999,0.027535156249999998
15600,1.013028515625,0.00328125,0.9690703125000001,0.027648437499999998
15700,1.0133546874999997,0.00325390625,0.96842578125,0.028320312499999997
15800,1.012929296875,0.00314453125,0.9691171875000003,0.02773828125
15900,1.0128656249999997,0.0032070312500000002,0.9695585937499998,0.02723437499999999
16000,1.0131789062499994,0.0032031250000000002,0.9685234375,0.0282734375
16100,1.0133480468749998,0.00326953125,0.9689179687499998,0.027812499999999997
16200,1.0132699218749996,0.0032734375000000003,0.9691601562499996,0.027566406249999998
16300,1.01326328125,0.0032812500000000003,0.9688437499999999,0.027875000000000004
16400,1.01309140625,0.00325390625,0.9691289062499998,0.027617187499999973
16500,1.0129167968749997,0.0031640625,0.9693398437499999,0.027496093749999995
16600,1.0131457031249997,0.0033046875,0.9694023437499993,0.027292968750000014
16700,1.013246875,0.0033437500000000004,0.9687851562500001,0.027871093749999992
16800,1.0132046875,0.0033671875,0.9694179687499997,0.027214843750000002
16900,1.0133417968749994,0.00348046875,0.9689726562500002,0.027546874999999995
17000,1.0133011718749998,0.00336328125,0.96853125,0.02810546875
17100,1.0132363281249996,0.00340234375,0.9695117187499999,0.027085937499999983
17200,1.013417578125,0.0035625,0.9691874999999999,0.027250000000000007
17300,1.013748046875,0.0036679687500000002,0.9688437499999999,0.02748828125
17400,1.0138703125000001,0.0036796875000000002,0.9682421875000001,0.02807812499999999
17500,1.0138437500000004,0.0036796875000000002,0.9689023437500001,0.02741796874999999
17600,1.0139421874999996,0.00373828125,0.9689960937499997,0.027265625
17700,1.0140316406249994,0.0036406249999999998,0.9688359374999995,0.027523437499999987
17800,1.0145070312500002,0.00375390625,0.9680039062499997,0.02824218750000001
17900,1.0146136718750003,0.0038867187500000004,0.9676562500000002,0.028457031249999994
18000,1.0149472656249996,0.0040234375,0.9682929687500001,0.027683593750000002
18100,1.0150871093749998,0.0041484375,0.9679374999999998,0.027914062499999982
18200,1.015191796875,0.004121093750000001,0.9677812499999995,0.028097656249999995
18300,1.0154570312500002,0.0042265625,0.9675390625,0.028234374999999996
18400,1.0155312499999996,0.00434375,0.96731640625,0.028339843749999993
18500,1.015805859375,0.0044296875,0.9675585937500001,0.028011718749999998
18600,1.015723046875,0.0044531250000000005,0.9675937500000006,0.027953125000000006
18700,1.0154765625000002,0.00428125,0.9677148437500004,0.028003906249999995
18800,1.0153531250000003,0.00436328125,0.9679140625000003,0.027722656249999984
18900,1.0153363281249999,0.004265625,0.968,0.027734375000000002
19000,1.0152429687500002,0.004308593749999999,0.9675976562499994,0.028093749999999987
19100,1.01513359375,0.00419140625,0.96751953125,0.028289062500000003
19200,1.0150378906250002,0.004117187499999999,0.9678242187499997,0.02805859375000001
19300,1.01518828125,0.004234375,0.9679453124999999,0.027820312500000006
19400,1.015123046875,0.00418359375,0.967953125,0.02786328124999999
19500,1.0152167968750003,0.0041171875,0.9675976562500003,0.02828515625
19600,1.0152152343750005,0.0040117187500000005,0.9673750000000002,0.028613281249999997
19700,1.0149152343750003,0.00389453125,0.9676992187500001,0.028406249999999994
19800,1.0150968750000002,0.00391015625,0.9672304687500003,0.028859374999999993
19900,1.0150019531249999,0.00396875,0.9677968750000002,0.028234375
20000,1.014487890625,0.0037421875,0.9684609374999995,0.027796875000000002
20100,1.0142394531249999,0.00351953125,0.9685429687500002,0.02793750000000001
20200,1.0139999999999998,0.0034687499999999996,0.9683085937499997,0.02822265625000001
20300,1.0138546874999999,0.00346484375,0.9686367187500006,0.027898437499999998
20400,1.0139597656250003,0.00348828125,0.9681093749999996,0.02840234374999999
20500,1.0139558593750002,0.0035546875,0.9685781250000001,0.027867187499999998
20600,1.01433828125,0.003578125,0.9682148437500002,0.028207031249999986
20700,1.0144335937499998,0.0036250000000000006,0.9684648437499999,0.027910156249999984
20800,1.0147882812499998,0.00389453125,0.9682695312499997,0.0278359375
20900,1.014975,0.00394921875,0.9680390624999999,0.028011718749999987
21000,1.015034765625,0.0040234375,0.9677265624999993,0.02824999999999999
21100,1.0148632812500005,0.004089843750000001,0.9683164062500002,0.027593750000000004
21200,1.014755078125,0.00410546875,0.96834765625,0.027546875
21300,1.0148445312500005,0.00409765625,0.9679921875000002,0.027910156249999995
21400,1.014649609375,0.00403125,0.9683984375000004,0.027570312499999982
21500,1.0143656249999997,0.0039257812500000005,0.9687773437499994,0.027296874999999988
21600,1.0142171874999997,0.0038632812500000004,0.9688046874999997,0.027332031249999986
21700,1.0144339843749999,0.0039609375,0.9688359374999999,0.027203125000000015
21800,1.0144015625000005,0.00390625,0.9689374999999998,0.02715625
21900,1.0141992187499997,0.003828125,0.969453125,0.026718749999999996
22000,1.01446015625,0.00390625,0.9687656249999995,0.027328125
22100,1.014441796875,0.00390625,0.9686406250000006,0.027453125000000012
22200,1.0145753906249995,0.0038828125,0.9682773437500001,0.02783984374999999
22300,1.0146101562500007,0.003890625,0.96895703125,0.02715234375
22400,1.014680078125,0.0038789062499999995,0.9685703125000003,0.027550781249999993
22500,1.0146617187500002,0.003921875,0.9688749999999997,0.02720312500000001
22600,1.0145539062499997,0.003796875,0.9686054687499994,0.027597656249999984
22700,1.0146417968749997,0.0038828125,0.9687851562500002,0.02733203125
22800,1.0141203124999996,0.003703125,0.9691757812499999,0.02712109375000001
22900,1.0140859375000006,0.0036406249999999998,0.96883984375,0.02751953124999999
23000,1.0137867187499998,0.0035429687499999992,0.9689609374999997,0.027496093749999995
23100,1.0139558593750004,0.0034921875000000005,0.9683164062499998,0.02819140625000001
23200,1.0136656249999998,0.0034218750000000004,0.9692578125,0.0273203125
23300,1.0132218749999997,0.0032890625000000003,0.9699726562499998,0.026738281249999996
23400,1.012856640625,0.0031328125,0.9700273437499999,0.026839843749999984
23500,1.0125597656249996,0.00294140625,0.9702343750000001,0.02682421875
23600,1.0122546875,0.00294140625,0.97073828125,0.02632031249999999
23700,1.0121722656249998,0.00293359375,0.9705429687499997,0.02652343749999999
23800,1.0119671874999998,0.00294140625,0.9706171874999998,0.026441406249999994
23900,1.0118316406249999,0.0028046875,0.97081640625,0.02637890624999999
24000,1.0116625,0.0027773437500000003,0.9704765624999997,0.026746093749999988
24100,1.0116628906249998,0.00268359375,0.9704570312499998,0.02685937499999999
24200,1.011453125,0.0026328125,0.9709414062500001,0.026425781249999995
24300,1.0113796875,0.00266015625,0.9711523437499999,0.026187500000000002
24400,1.0112015625,0.00258984375,0.9710390624999999,0.02637109374999999
24500,1.0113589843750002,0.00252734375,0.9708007812499995,0.026671874999999998
24600,1.0115359375,0.00260546875,0.9709492187499998,0.026445312499999995
24700,1.011535546875,0.0025156249999999996,0.9703710937499996,0.02711328124999999
24800,1.0115921875,0.002546875,0.9701328124999996,0.027320312499999992
24900,1.01161640625,0.00259765625,0.9707734375000002,0.02662890624999999
25000,1.0115980468750003,0.0026406249999999997,0.9708046874999998,0.026554687499999997
25100,1.0118472656249997,0.0028125,0.9705078124999998,0.02667968749999999
25200,1.0122851562500002,0.0029296875,0.9702460937500001,0.02682421875
25300,1.012582421875,0.00311328125,0.9699492187499998,0.0269375
25400,1.0130757812499995,0.0032890625000000003,0.9700664062500005,0.02664453125
25500,1.0132718749999998,0.0034765624999999996,0.9698320312500004,0.026691406249999997
25600,1.01346796875,0.0034921874999999996,0.96969921875,0.026808593749999988
25700,1.0137082031249993,0.0036992187500000002,0.9695312499999995,0.026769531250000006
25800,1.0141109375000001,0.0039570312500000005,0.9695742187499998,0.02646874999999999
25900,1.0142300781249998,0.0040390625,0.9697695312500002,0.026191406250000004
26000,1.0141851562499997,0.004085937499999999,0.96986328125,0.026050781249999995
26100,1.014069921875,0.00396484375,0.9694999999999998,0.026535156249999994
26200,1.0141265625,0.0039335937500000005,0.9697343750000004,0.026332031249999995
26300,1.0142363281249995,0.00391796875,0.9691757812500001,0.026906249999999993
26400,1.014283203125,0.0038203125,0.9693124999999999,0.026867187500000004
26500,1.014215625,0.0037890625000000003,0.9689296874999996,0.027281249999999993
26600,1.0142390625000002,0.0039140625,0.9694960937500001,0.026589843750000005
26700,1.0144156249999996,0.003859375,0.9688710937500005,0.02726953125
26800,1.0143890625,0.00379296875,0.9690546875000001,0.02715234375
26900,1.0142562499999999,0.0037734375,0.9686992187499996,0.02752734375
27000,1.0140882812499996,0.0037109375,0.9694453125000002,0.02684375
27100,1.0140390624999998,0.0036054687499999997,0.9691289062500003,0.027265625
27200,1.014069921875,0.0036132812499999997,0.9688593749999997,0.027527343749999995
27300,1.0138222656250004,0.0035585937499999997,0.9690507812500005,0.02739062499999999
27400,1.0137070312500003,0.00348828125,0.9692578125000002,0.027253906249999994
27500,1.013748046875,0.0035429687499999997,0.96927734375,0.027179687500000008
27600,1.013490234375,0.00341796875,0.9697070312499999,0.026874999999999993
27700,1.0134695312500002,0.0033906250000000004,0.9699140625,0.026695312499999995
27800,1.013496484375,0.0033750000000000004,0.9696992187499995,0.02692578124999999
27900,1.0135742187499996,0.0034453124999999996,0.9697890624999997,0.026765624999999994
28000,1.01337890625,0.0035156249999999997,0.9702734375000001,0.026210937499999996
28100,1.0136386718749997,0.0036796875,0.9700585937500007,0.026261718749999996
28200,1.0137222656249998,0.00378125,0.9703593749999996,0.025859374999999983
28300,1.0134558593749992,0.0037265625,0.9708320312500003,0.025441406249999996
28400,1.0132921875,0.0036367187499999998,0.9706718749999994,0.02569140625
28500,1.0132414062499997,0.0035546875,0.9708085937500002,0.02563671875
28600,1.0131308593750004,0.00348828125,0.9707070312499999,0.025804687500000006
28700,1.013069921875,0.0034140625,0.9703984375000001,0.026187499999999992
28800,1.012896484375,0.00342578125,0.9706328125,0.02594140625
28900,1.0130300781249995,0.0034140625000000004,0.9704023437499999,0.02618359375
29000,1.012960546875,0.00345703125,0.9707265624999998,0.025816406250000003
29100,1.0128808593749998,0.0033125000000000003,0.9707304687500001,0.025957031250000005
29200,1.0130554687499997,0.00314453125,0.9696601562499999,0.027195312500000002
29300,1.0127867187499997,0.00316796875,0.97026953125,0.026562499999999985
29400,1.0126687500000002,0.00312890625,0.9706523437500005,0.026218749999999996
29500,1.01236953125,0.0028984375,0.9708085937499995,0.026292968750000003
29600,1.0121921875000004,0.00287890625,0.9708242187500004,0.026296874999999997
29700,1.0122156250000003,0.0028906250000000004,0.9708046874999999,0.026304687499999993
29800,1.0121839843749998,0.0029414062500000004,0.9711171874999998,0.025941406249999993
29900,1.0122210937499998,0.0029804687500000005,0.9712578124999999,0.025761718749999978
30000,1.0123800781249996,0.0029648437500000005,0.9706835937500001,0.026351562499999998
30100,1.0123382812499997,0.0029882812499999996,0.9712734375,0.025738281249999995
30200,1.0127015624999998,0.0031249999999999997,0.9704179687500002,0.026457031249999995
30300,1.0125492187499998,0.00297265625,0.9704648437499999,0.026562499999999982
30400,1.012247265625,0.00287109375,0.97128125,0.025847656249999993
30500,1.012016015625,0.0028515625,0.9712148437500002,0.02593359374999999
30600,1.0119816406250002,0.002890625,0.9712812499999999,0.025828125
30700,1.011934765625,0.0028750000000000004,0.9714648437499994,0.02566015624999999
30800,1.0117335937499996,0.0028515625,0.9713554687499997,0.025792968749999992
30900,1.012021484375,0.00293359375,0.9710078124999996,0.026058593749999994
31000,1.012195703125,0.0031054687499999997,0.9710507812500002,0.025843749999999988
31100,1.01221484375,0.00314453125,0.9712851562499998,0.025570312499999987
31200,1.012233203125,0.0032382812500000003,0.97131640625,0.025445312499999994
31300,1.0122871093750005,0.00324609375,0.97118359375,0.025570312499999987
31400,1.0121015624999998,0.0031796875000000002,0.9716601562500007,0.025160156249999996
31500,1.012411328125,0.0032500000000000003,0.97120703125,0.025542968749999995
31600,1.0123617187499996,0.0033164062500000003,0.9715937500000005,0.025089843749999993
31700,1.0122832031250006,0.0033242187500000004,0.9717343750000002,0.02494140624999999
31800,1.0125824218750001,0.0033828125,0.9714882812500001,0.025128906249999982
31900,1.012980078125,0.0035546875,0.9713281250000003,0.025117187500000013
32000,1.0132277343750002,0.003546875,0.9705625,0.025890624999999997
32100,1.0134269531249995,0.0035664062499999997,0.9702968749999998,0.026136718749999996
32200,1.0139464843749997,0.0037578125000000003,0.9700078124999998,0.026234375
32300,1.0141246093749998,0.0038828125,0.9702578125000001,0.025859374999999993
32400,1.0141914062500001,0.0038750000000000004,0.9699921874999996,0.02613281249999998
32500,1.0142660156249996,0.00391796875,0.9698359374999999,0.02624609374999999
32600,1.0145703124999996,0.0039140625,0.96953125,0.026554687500000014
32700,1.01451328125,0.003921875,0.9695859375,0.026492187500000014
32800,1.0141335937499996,0.0038203125,0.9699765625000001,0.026203124999999997
32900,1.0142335937500002,0.0038046875,0.9699921875000005,0.026203124999999987
33000,1.01434453125,0.004,0.9700585937499997,0.02594140625000001
33100,1.0145867187499997,0.004046875,0.9694609374999997,0.026492187499999993
33200,1.0146992187500001,0.00403125,0.9695429687500002,0.02642578125
33300,1.0149355468749999,0.0040859375,0.9693906249999998,0.026523437499999997
33400,1.014721875,0.00405859375,0.9692343749999998,0.026707031250000013
33500,1.0145203124999997,0.00403125,0.9695195312500002,0.026449218750000003
33600,1.0144589843750003,0.003953125,0.96949609375,0.026550781250000002
33700,1.014275,0.00391015625,0.9699882812499997,0.026101562499999998
33800,1.0141300781250002,0.0038164062500000004,0.9702070312499999,0.0259765625
33900,1.0141804687500002,0.00371484375,0.9693945312500002,0.026890624999999994
34000,1.0141234375,0.0037226562500000003,0.9696093750000003,0.026667968749999993
34100,1.0138722656249999,0.00365234375,0.9698437499999999,0.02650390624999999
34200,1.013855859375,0.00361328125,0.96954296875,0.026843749999999993
34300,1.0137937499999996,0.00362890625,0.9703398437499998,0.026031249999999992
34400,1.0137746093750004,0.0035351562499999997,0.9696132812499999,0.0268515625
34500,1.013731640625,0.0035390624999999997,0.9700898437499998,0.026371093749999977
34600,1.0137511718749999,0.0035351562499999992,0.9698749999999998,0.02658984374999999
34700,1.0136484374999999,0.003468749999999999,0.9698750000000004,0.02665624999999999
34800,1.0136765625,0.0035625,0.9699179687500005,0.02651953125
34900,1.0138441406249994,0.0036601562499999993,0.9700664062500005,0.026273437500000007
35000,1.0138109375,0.0037304687500000003,0.9701757812499999,0.026093749999999995
35100,1.0140066406249997,0.0038828124999999995,0.9701601562499995,0.025957031250000002
35200,1.0144105468749998,0.00390234375,0.9695117187500005,0.026585937499999993
35300,1.01438671875,0.00392578125,0.9694296874999999,0.026644531250000002
35400,1.013858984375,0.0037890625,0.9702226562500001,0.025988281249999984
35500,1.0140539062499998,0.0038710937499999995,0.9699414062499996,0.026187499999999992
35600,1.0139359375,0.0038671875,0.9702734375000004,0.025859374999999987
35700,1.013808203125,0.00394921875,0.9703906250000001,0.025660156250000003
35800,1.0141253906249998,0.00403515625,0.9703242187500002,0.02564062499999999
35900,1.0142414062499998,0.004113281250000001,0.9702617187499999,0.025625000000000002
36000,1.014577734375,0.0040859375,0.9696249999999996,0.0262890625
36100,1.0148453125000003,0.00426171875,0.9696796875,0.026058593750000004
36200,1.0147476562499995,0.004203125,0.9702343749999999,0.025562499999999988
36300,1.01506640625,0.004195312499999999,0.9695039062499998,0.02630078124999999
36400,1.0149890625,0.004152343750000001,0.9693281249999997,0.026519531250000002
36500,1.0149957031249996,0.0041171875,0.9688906249999998,0.026992187499999994
36600,1.015078125,0.0041953125,0.9690976562500001,0.026707031250000006
36700,1.0151488281249994,0.004171875,0.9692460937499999,0.026582031249999985
36800,1.0152011718750003,0.004167968750000001,0.9687460937499999,0.027085937499999987
36900,1.014919140625,0.0041171875,0.96909765625,0.02678515624999999
37000,1.0148671875,0.00415234375,0.9690664062500002,0.026781249999999986
37100,1.0146199218749996,0.00404296875,0.9695625000000001,0.02639453124999999
37200,1.0147695312500002,0.00406640625,0.9697421875000002,0.026191406249999993
37300,1.014855078125,0.00413671875,0.9694492187499999,0.0264140625
37400,1.0147515625000003,0.00403515625,0.9695273437499998,0.0264375
37500,1.014766796875,0.00397265625,0.9694414062500001,0.026585937500000004
37600,1.014667578125,0.0039140625,0.9695429687500001,0.026542968749999996
37700,1.014143359375,0.00379296875,0.9701601562500001,0.026046875
37800,1.0142773437500001,0.0037500000000000003,0.9696914062500002,0.026558593749999988
37900,1.0141023437500003,0.0036640625000000002,0.9701757812500006,0.026160156250000007
38000,1.014145703125,0.003609375,0.9703867187499997,0.026003906249999993
38100,1.0144226562500003,0.0037734375000000003,0.96970703125,0.026519531249999995
38200,1.0146261718749998,0.0039804687500000005,0.9696796875000004,0.026339843750000005
38300,1.0147863281250002,0.004078124999999999,0.9696484375,0.0262734375
38400,1.0150402343749998,0.00423046875,0.9698124999999999,0.02595703124999999
38500,1.0152546875000001,0.0042968749999999995,0.9692109375000005,0.026492187499999986
38600,1.0153617187499997,0.00430859375,0.9691679687500001,0.026523437499999997
38700,1.0155421875000006,0.004328125,0.9691640625000001,0.026507812499999995
38800,1.0153374999999998,0.00428515625,0.9695273437500004,0.026187499999999992
38900,1.01565390625,0.0043437499999999995,0.9685312500000001,0.027124999999999986
39000,1.0152757812500002,0.004265625,0.9693437500000001,0.026390625000000015
39100,1.0153519531249993,0.0043125,0.9694648437500001,0.026222656249999993
39200,1.0154429687500002,0.00440234375,0.9695507812500004,0.026046874999999994
39300,1.015587109375,0.00440625,0.9688515624999998,0.026742187499999986
39400,1.0153882812500001,0.00436328125,0.9692929687499999,0.02634375
39500,1.0156613281250002,0.0045000000000000005,0.96912109375,0.026378906250000004
39600,1.0156214843749998,0.00454296875,0.96909765625,0.026359375000000004
39700,1.015605859375,0.00455078125,0.9689179687499997,0.026531249999999982
39800,1.01590703125,0.00464453125,0.9688593750000001,0.026496093749999998
39900,1.0158835937499997,0.0046953125,0.96890625,0.026398437499999993
40000,1.0160308593750003,0.00482421875,0.9690117187499999,0.026164062499999995
40100,1.0163726562500002,0.0049882812500000005,0.968625,0.026386718749999996
40200,1.0169500000000007,0.005269531250000001,0.9677421874999996,0.026988281249999996
40300,1.01706953125,0.0053125,0.9677929687500002,0.026894531250000003
40400,1.0175039062500002,0.0054140625,0.9678906250000003,0.026695312499999985
40500,1.0179078125,0.0055625,0.9672929687499996,0.027144531250000003
40600,1.0183214843749995,0.00578125,0.9672968749999997,0.026921874999999998
40700,1.018330078125,0.00575,0.9671093749999996,0.027140625000000015
40800,1.0182921875000004,0.005796875,0.9672851562500003,0.02691796875
40900,1.0185425781250002,0.00590625,0.9670625000000003,0.02703124999999999
41000,1.018641015625,0.00600390625,0.9669453125000004,0.027050781250000006
41100,1.0188628906250006,0.00598828125,0.9666367187499998,0.027374999999999983
41200,1.0186460937499995,0.0059609375,0.9672734375000003,0.02676562499999998
41300,1.0182792968749999,0.0057929687499999995,0.9676875000000004,0.026519531249999992
41400,1.0180269531250001,0.0057773437499999995,0.9676445312499999,0.026578125000000005
41500,1.0178238281250007,0.005636718749999999,0.9674531250000002,0.02691015625
41600,1.0175953125000003,0.00544140625,0.9676953124999998,0.026863281250000003
41700,1.017361328125,0.0053124999999999995,0.9677265625000003,0.026960937500000004
41800,1.0170929687499999,0.005171874999999999,0.9681835937500002,0.026644531250000006
41900,1.0171679687500002,0.00519921875,0.9679257812500005,0.026875000000000007
42000,1.0171464843749998,0.005140625,0.9681054687500007,0.026753906249999994
42100,1.0169214843749999,0.00499609375,0.9684570312499998,0.026546875
42200,1.0168156250000004,0.00500390625,0.9684296875,0.026566406249999997
42300,1.0165335937499997,0.00480859375,0.9682382812500004,0.026953124999999998
42400,1.0161839843749998,0.004734375000000001,0.9692421875000001,0.026023437499999996
42500,1.01618984375,0.00473828125,0.9692812499999995,0.02598046875
42600,1.0161601562500002,0.00468359375,0.9687421875000001,0.026574218749999986
42700,1.016110546875,0.0048203125,0.9689687500000005,0.026210937500000007
42800,1.0160226562499999,0.00476953125,0.9689609375,0.02626953124999998
42900,1.015810546875,0.00463671875,0.9689296875000004,0.026433593750000012
43000,1.01561328125,0.00449609375,0.96884765625,0.026656250000000003
43100,1.0156386718750001,0.0044609375000000005,0.9692578124999998,0.026281249999999996
43200,1.015682421875,0.00433203125,0.9693320312500001,0.026335937499999993
43300,1.0155562499999997,0.0041875,0.9687617187499995,0.027050781249999992
43400,1.0156402343750004,0.00420703125,0.9687851562500006,0.027007812500000002
43500,1.0151519531250002,0.0041328125,0.9692187500000002,0.026648437499999997
43600,1.0149246093750002,0.0040625,0.9691718750000001,0.026765624999999998
43700,1.0144023437500003,0.0038750000000000004,0.97030078125,0.02582421875
43800,1.0142210937499996,0.0037890625000000003,0.9698281250000002,0.026382812499999988
43900,1.0140429687499992,0.0037500000000000003,0.9704218749999999,0.025828124999999997
44000,1.0138562499999997,0.00379296875,0.9707109375000001,0.025496093749999987
44100,1.013969140625,0.003703125,0.9698749999999999,0.02642187499999999
44200,1.013714453125,0.00353125,0.9701679687499999,0.02630078124999999
44300,1.0135125,0.0035,0.9707226562499999,0.025777343750000008
44400,1.0135320312500005,0.00344140625,0.9706015625,0.025957031250000002
44500,1.0134097656250003,0.00344140625,0.9705781249999995,0.02598046874999999
44600,1.0134027343749998,0.00351171875,0.970640625,0.02584765624999999
44700,1.01309375,0.00341796875,0.9709531249999999,0.025628906249999986
44800,1.0130437500000005,0.0033632812500000004,0.9711367187499997,0.02549999999999999
44900,1.01326796875,0.00346484375,0.9708007812499997,0.025734375
45000,1.0132171875000002,0.0035156249999999997,0.9712031250000003,0.025281249999999995
45100,1.0129773437499998,0.0033828125000000004,0.9711015625,0.025515624999999993
45200,1.0129101562499998,0.0032421875000000003,0.9710390624999997,0.025718750000000012
45300,1.0127640625000003,0.0032539062500000003,0.9711757812499997,0.025570312499999977
45400,1.0124769531249997,0.0030976562500000006,0.971421875,0.025480468750000006
45500,1.0123722656250003,0.00304296875,0.97139453125,0.02556249999999998
45600,1.012133203125,0.0029453125,0.9714453125000002,0.025609374999999997
45700,1.012229296875,0.0028203125000000003,0.97104296875,0.026136718750000006
45800,1.0118453124999995,0.0027812500000000003,0.9718125,0.02540625
45900,1.011771484375,0.0026914062500000002,0.9715507812499999,0.025757812499999984
46000,1.0120386718749996,0.00275,0.97116796875,0.02608203124999999
46100,1.0121339843750001,0.0028398437500000004,0.9714179687499997,0.025742187500000006
46200,1.0122218750000005,0.0029101562500000004,0.9712148437499996,0.025875000000000002
46300,1.012419921875,0.0029062500000000004,0.9708359374999997,0.026257812499999998
46400,1.0124636718749995,0.0030195312499999996,0.9710781249999993,0.025902343749999994
46500,1.0124199218749996,0.00289453125,0.9713359374999999,0.025769531249999984
46600,1.0122855468750005,0.00287890625,0.9711640624999999,0.025957031250000002
46700,1.0122792968749998,0.002890625,0.9711953124999998,0.025914062500000005
46800,1.0120683593750002,0.002828125,0.9716601562499997,0.02551171875
46900,1.012017578125,0.0028203125,0.9723789062500002,0.024800781249999994
47000,1.0118562499999997,0.0028203125,0.9719960937500001,0.025183593749999997
47100,1.0118140624999998,0.0028281250000000003,0.9721874999999998,0.024984374999999996
47200,1.01146875,0.0026835937499999998,0.9724101562500002,0.02490625
47300,1.011465234375,0.0026640625,0.9719335937500004,0.02540234374999999
47400,1.0114082031249998,0.00263671875,0.9719687500000004,0.02539453125
47500,1.0112847656250004,0.00251953125,0.9720585937499995,0.025421874999999997
47600,1.011284765625,0.0025234375,0.9720195312500006,0.02545703125
47700,1.0113531250000005,0.0025625,0.9723398437500003,0.025097656249999982
47800,1.0112605468749998,0.0024609375,0.97232421875,0.025214843749999997
47900,1.0110742187499997,0.0023437500000000003,0.9723945312500001,0.025261718749999988
48000,1.0109605468750005,0.0023046875000000003,0.9721562500000006,0.0255390625
48100,1.0105855468749998,0.00217578125,0.9725351562500001,0.0252890625
48200,1.0104113281249998,0.0021953125,0.9727265625000001,0.02507812499999998
48300,1.01039609375,0.0022070312500000002,0.9725234374999999,0.02526953124999999
48400,1.0105484375,0.00220703125,0.9724101562500003,0.025382812499999987
48500,1.010914453125,0.00230859375,0.9723398437500002,0.02535156249999998
48600,1.0110507812500003,0.0023515625000000004,0.9720078125000001,0.025640624999999997
48700,1.0110332031250004,0.0022695312500000003,0.972296875,0.025433593749999976
48800,1.0108187500000003,0.0022421875000000003,0.9723007812499997,0.025457031250000005
48900,1.0109332031250005,0.0024140625,0.9725859374999996,0.024999999999999998
49000,1.011278125,0.002546875,0.9723046874999999,0.025148437499999992
49100,1.0114527343749997,0.0026328125,0.9719179687499999,0.025449218749999995
49200,1.0116167968750003,0.0027226562500000002,0.9720859374999997,0.025191406249999996
49300,1.011956640625,0.0028085937500000003,0.9717539062499997,0.025437500000000005
49400,1.0120531250000002,0.0028867187500000004,0.9716484374999995,0.025464843749999997
49500,1.0120375,0.0029375,0.9716171875000003,0.02544531249999999
49600,1.0122874999999996,0.0029453125,0.9714179687500001,0.025636718749999985
49700,1.0124582031250002,0.0031835937500000002,0.97101953125,0.025796875000000007
49800,1.0125074218749999,0.0032734375000000003,0.9715195312500003,0.025207031249999984
49900,1.0126902343749997,0.0033476562500000004,0.9711015624999996,0.025550781249999998
50000,1.0128625,0.00340625,0.9710000000000001,0.02559374999999998
50100,1.012959765625,0.003515625,0.9709570312499997,0.025527343749999987
50200,1.0129980468750004,0.0035273437499999997,0.9711210937500002,0.025351562499999994
50300,1.0129593749999999,0.00353515625,0.9714101562499998,0.025054687500000006
50400,1.0129945312499997,0.0035820312499999997,0.9716796874999999,0.024738281249999987
50500,1.0131656250000003,0.0036015624999999997,0.97153515625,0.02486328125
50600,1.0133128906250002,0.0035937499999999997,0.9711015624999999,0.02530468749999999
50700,1.01350078125,0.00371484375,0.9709765624999993,0.025308593749999997
50800,1.01374140625,0.0037617187500000003,0.9707304687499999,0.025507812499999987
50900,1.0137761718750005,0.0038085937500000003,0.9709531249999999,0.02523828125
51000,1.0136359375,0.0038515625000000004,0.9711210937500001,0.02502734375
51100,1.0137140624999998,0.00384765625,0.9713867187500003,0.024765624999999993
51200,1.0138128906250006,0.00390625,0.9710312500000002,0.025062499999999995
51300,1.01399765625,0.00394140625,0.9706718749999995,0.025386718749999995
51400,1.0139949218749997,0.00390625,0.9703320312499999,0.02576171875
51500,1.0141281250000005,0.0039570312500000005,0.9703476562500002,0.02569531250000001
51600,1.0142054687500004,0.00387890625,0.9701406249999999,0.025980468749999996
51700,1.0139210937499998,0.0038242187500000004,0.9705664062500003,0.025609374999999997
