step,mean_aspect_ratio,fraction_elongated,fraction_round,fraction_binary
100,1.0,0.0,1.0,0.0
200,1.5380199218750006,0.08262109375000001,0.19095703125000005,0.7264218749999997
300,1.699979296875,0.19956249999999995,0.26455859375,0.5358789062499999
400,1.7818437499999995,0.27766015625,0.3143203125000001,0.40801953124999973
500,1.825151953125001,0.32617578124999985,0.3422031250000002,0.33162109375
600,1.8469941406250008,0.3543867187499999,0.35843359375000006,0.28717968750000006
700,1.8582484375,0.36989843749999995,0.36690625000000016,0.26319531250000006
800,1.8681003906250007,0.3824765625,0.36965234374999995,0.24787109375000005
900,1.8744472656249995,0.3911015625000001,0.37341406249999987,0.23548437500000008
1000,1.8791183593749994,0.39742578124999983,0.37633203125000003,0.22624218749999994
1100,1.8813792968750007,0.402375,0.37882812499999985,0.21879687500000003
1200,1.8832925781250003,0.40528515624999994,0.3811874999999998,0.21352734375000001
1300,1.8883992187500003,0.40955859375,0.38203515624999984,0.20840625
1400,1.8897613281250003,0.41182812499999993,0.3829921874999999,0.2051796875000001
1500,1.8931117187499997,0.41514453125000017,0.3835976562500002,0.2012578125000001
1600,1.8971964843749995,0.41785546874999985,0.3829999999999998,0.19914453124999998
1700,1.8992839843749996,0.42051562499999995,0.3833632812499999,0.19612109375000003
1800,1.9006742187500005,0.4226328125000001,0.38478515625000015,0.19258203125
1900,1.904302343750001,0.4252304687500003,0.3824999999999999,0.19226953125
2000,1.90778125,0.42765234375,0.3815156249999999,0.19083203125000003
2100,1.9111835937500006,0.42937499999999995,0.37942968749999995,0.19119531250000002
2200,1.91919921875,0.4334101562499999,0.37491015625000007,0.1916796874999999
2300,1.9237914062500006,0.43610546875000006,0.37229687499999997,0.19159765625000005
2400,1.9296093749999996,0.4393671874999999,0.3684453125,0.1921875000000001
2500,1.9378593750000004,0.4441914062500001,0.3646796874999998,0.19112890624999998
2600,1.9460632812500016,0.44864453125000003,0.360234375,0.19112109374999986
2700,1.9550312499999998,0.4536992187500001,0.35519921874999993,0.1911015624999999
2800,1.9601519531249998,0.4562460937500001,0.35353515625,0.19021875
2900,1.966303125000001,0.45947656250000013,0.350125,0.19039843749999993
3000,1.9704761718750003,0.4614414062499998,0.34843359375,0.19012500000000007
3100,1.9749945312500004,0.46373828124999994,0.34637500000000004,0.18988671875000004
3200,1.978580468750001,0.46656640625000007,0.3457460937499999,0.18768749999999995
3300,1.9789503906250006,0.46658593750000005,0.3466953124999998,0.18671875
3400,1.9824648437500003,0.46766796874999994,0.3442109374999999,0.18812109375000002
3500,1.9838347656250008,0.46869140625,0.34424218750000013,0.18706640624999996
3600,1.9865226562499996,0.4709804687500001,0.34271484375,0.18630468749999998
3700,1.9884421875,0.4719609374999999,0.34265625,0.18538281249999997
3800,1.9903265624999993,0.47343750000000007,0.34214062499999986,0.1844218749999999
3900,1.9916816406250004,0.47380078125,0.34142578125,0.1847734375
4000,1.9900457031250003,0.4730234375,0.34275781249999987,0.18421875000000007
4100,1.9914582031250005,0.47359765624999983,0.34112499999999996,0.18527734374999996
4200,1.995026953125,0.47550390624999983,0.33894140624999985,0.18555468749999998
4300,1.9988953125000002,0.4773828125000001,0.33546874999999987,0.18714843749999996
4400,2.004157812500001,0.47989062499999996,0.3337148437499999,0.18639453124999997
4500,2.007358593749999,0.48191406249999985,0.3320781249999999,0.1860078125
4600,2.009931640625,0.4837031249999998,0.33129296874999997,0.18500390624999993
4700,2.011325,0.4850429687499997,0.33075390625,0.18420312500000005
4800,2.0141011718749997,0.48712499999999986,0.3290742187500001,0.18380078125000013
4900,2.01634921875,0.48827734374999987,0.3277929687499999,0.1839296875
5000,2.0207742187499997,0.49037109375000004,0.326515625,0.18311328125000004
5100,2.0237125000000007,0.492328125,0.32554296875000005,0.18212890625
5200,2.0258624999999997,0.4926953125,0.32369921875,0.18360546875
5300,2.030103515625,0.494546875,0.3209101562499998,0.18454296874999998
5400,2.0330757812500004,0.4961874999999999,0.31867578124999973,0.18513671875
5500,2.0340425781250016,0.49706250000000013,0.31920703125000005,0.1837304687499999
5600,2.0351726562500008,0.49767578124999984,0.31931249999999983,0.18301171874999994
5700,2.037826171875,0.49991796874999994,0.3182734374999999,0.18180859374999986
5800,2.041764453125,0.5017499999999999,0.31641796875,0.18183203124999997
5900,2.043387109375,0.5026523437499997,0.31531250000000016,0.18203515625000002
6000,2.0447242187500008,0.5034453125000001,0.3138906249999998,0.18266406250000003
6100,2.046330078124999,0.50419140625,0.31327343749999986,0.18253515625
6200,2.046859765625,0.5047773437499998,0.3128867187500002,0.1823359375
6300,2.0487613281249994,0.50659765625,0.3128281250000002,0.18057421875000013
6400,2.0511753906249997,0.50771484375,0.31198828125000005,0.18029687499999988
6500,2.050585546875,0.5072265625,0.31253906250000013,0.18023437500000003
6600,2.0530000000000004,0.50865625,0.31076171875000025,0.1805820312499999
6700,2.053997265625001,0.5095234375,0.3102890625000001,0.18018749999999994
6800,2.0586707031250002,0.511796875,0.30765234374999983,0.18055078125000001
6900,2.0616328125000005,0.5132773437499999,0.30696484375000016,0.1797578124999999
7000,2.0652378906249997,0.5146953125,0.30492187500000006,0.18038281249999993
7100,2.0688351562499996,0.5174921875,0.3037656249999998,0.1787421875
7200,2.070378515625,0.5185625000000001,0.30215234375000005,0.17928515625
7300,2.0720484374999995,0.5199296874999998,0.3011679687500002,0.17890234375000003
7400,2.0738265625000003,0.5194218749999998,0.30044921874999997,0.18012890624999994
7500,2.0753820312499998,0.5201328125000002,0.29884374999999996,0.18102343750000008
7600,2.076907421875,0.5211757812499999,0.2988281250000001,0.17999609374999997
7700,2.0789519531250007,0.5228710937500001,0.2985820312500001,0.1785468749999999
7800,2.0789089843749995,0.52318359375,0.29906249999999995,0.17775390624999995
7900,2.0795714843749997,0.5240429687500001,0.29973046875000003,0.17622656250000004
8000,2.0781703124999997,0.5234531250000002,0.3009843750000001,0.17556249999999995
8100,2.0780550781249993,0.5233515624999998,0.300359375,0.17628906249999998
8200,2.0789109375000017,0.5232851562500002,0.3002656249999999,0.17644921874999997
8300,2.0777382812500003,0.5227656249999999,0.30102734375000006,0.17620703124999995
8400,2.0751414062499998,0.5216328125,0.30241406250000014,0.17595312500000007
8500,2.072285156250001,0.5197734374999999,0.30346874999999995,0.1767578125
8600,2.0718027343749994,0.5188359375,0.30300781250000003,0.17815625000000004
8700,2.0724382812499997,0.5195195312500003,0.3019296875,0.17855078125
8800,2.0747734375000007,0.5191992187500002,0.29933593749999987,0.18146484375
8900,2.077030468750001,0.5200898437500001,0.29716406250000005,0.18274609375000006
9000,2.0809535156249996,0.5218593749999999,0.29518359375000003,0.18295703125000007
9100,2.0832734375,0.523375,0.2942773437500001,0.18234765625000002
9200,2.08553671875,0.524703125,0.2936367187499998,0.18166015625000004
9300,2.08686640625,0.5247617187499998,0.29234765625,0.18289062499999997
9400,2.087085156249999,0.5258750000000003,0.29241796875000003,0.18170703124999996
9500,2.089958984375,0.5272460937500002,0.2906640624999999,0.18208984374999995
9600,2.092978906250001,0.5285,0.2885117187500001,0.18298828124999988
9700,2.094719140625,0.52977734375,0.2881523437499999,0.18207031249999997
9800,2.0942628906250005,0.5296718750000001,0.28899609374999996,0.18133203125000005
9900,2.0936773437499996,0.5303046874999999,0.28966015625,0.18003515624999994
10000,2.0927085937499994,0.5297109374999999,0.2917031250000001,0.17858593749999996
10100,2.0939511718749997,0.5299765625,0.2909453124999999,0.17907812499999995
10200,2.0935207031250003,0.5294960937500002,0.29015625,0.18034765625
10300,2.0950718749999995,0.5298906250000001,0.28968359375,0.18042578124999997
10400,2.096310156250001,0.5314257812500002,0.28903515625,0.1795390625
10500,2.098434765625,0.53178125,0.28783203125,0.18038671874999998
10600,2.0986187499999995,0.5315742187500003,0.28797265625000007,0.180453125
10700,2.0977718749999994,0.5315585937499999,0.28870703124999997,0.17973437499999992
10800,2.0973816406250005,0.53209765625,0.29069531249999997,0.17720703125000015
10900,2.097522265625,0.5323125000000001,0.29041406249999996,0.17727343750000008
11000,2.0981601562500005,0.5331914062499998,0.29023828124999995,0.17657031249999985
11100,2.1002203125,0.5339765624999998,0.2879609375,0.17806250000000004
11200,2.1001730468749993,0.534765625,0.2893203125000002,0.17591406250000008
11300,2.0995234375000016,0.5343320312500001,0.2896757812500001,0.17599218749999992
11400,2.0984226562499995,0.5341445312500002,0.29014062500000004,0.17571484375
11500,2.1014339843750007,0.5348632812500003,0.28781640625,0.17732031250000005
11600,2.1046417968750015,0.5366289062499999,0.28573046874999997,0.1776406249999999
11700,2.1099054687499996,0.5392148437499996,0.28179296875,0.17899218750000004
11800,2.1133289062499983,0.5406054687499999,0.27964843749999996,0.17974609375
11900,2.1137773437500007,0.5405898437500002,0.27985937499999997,0.17955078124999999
12000,2.1145343750000007,0.5410273437499998,0.27955078124999994,0.17942187499999998
12100,2.1136851562500008,0.5409882812500001,0.28023828125000005,0.1787734375
12200,2.1128449218750007,0.5402187499999999,0.28077734375,0.17900390625000007
12300,2.11451796875,0.54123046875,0.2808359375,0.1779335937499999
12400,2.1129148437499996,0.5409843750000002,0.28177343749999995,0.1772421875
12500,2.112792968750001,0.5412343749999998,0.2823046875000001,0.17646093749999997
12600,2.1130328125,0.5416406249999999,0.28278125,0.17557812499999997
12700,2.1112355468749993,0.5415859375000002,0.284125,0.17428906249999998
12800,2.1128218750000003,0.54200390625,0.28280859375,0.17518750000000005
12900,2.1130250000000004,0.5417617187500001,0.28223828125,0.17600000000000002
13000,2.114298437499999,0.542515625,0.28176171875,0.17572265624999994
13100,2.113741796875,0.5421484375000001,0.28192578125000006,0.17592578124999997
13200,2.113907421875,0.5429687499999999,0.2814648437500001,0.17556640625000008
13300,2.1139914062500007,0.5427578124999998,0.280921875,0.17632031250000013
13400,2.113862890624999,0.5414335937499999,0.27992968750000014,0.17863671875000003
13500,2.1173832031250006,0.54328125,0.27809375000000003,0.17862499999999995
13600,2.1205445312500006,0.5443867187499999,0.2756875000000001,0.17992578125000006
13700,2.126061718749998,0.5478242187500001,0.27224609375000003,0.1799296875
13800,2.1291535156250005,0.5492773437500001,0.27172265624999997,0.17900000000000002
13900,2.132544140625,0.5518398437499998,0.27064453124999993,0.177515625
14000,2.133803515625001,0.5533046874999997,0.27125,0.17544531249999998
14100,2.1341367187500007,0.5539453124999998,0.27147265625,0.1745820312499999
14200,2.1341683593749994,0.5536445312499999,0.2723124999999999,0.17404296874999997
14300,2.1325882812500003,0.5537773437500002,0.27354296875,0.1726796875
14400,2.129308203124999,0.552765625,0.27608984375,0.17114453125000006
14500,2.125332421875,0.5504531249999999,0.27926171874999994,0.17028515624999999
14600,2.122803515625,0.549296875,0.28013281249999983,0.17057031249999996
14700,2.121023437500001,0.5486992187499997,0.28106249999999994,0.17023828125000007
14800,2.1201726562500007,0.5469804687499996,0.28062890625,0.17239062500000016
14900,2.1195999999999993,0.54634375,0.2806875,0.1729687500000001
15000,2.119521484375,0.54659765625,0.28089843750000004,0.17250390624999995
15100,2.119246484374999,0.5468281249999996,0.27972265625,0.17344921875000002
15200,2.119888671875,0.54658984375,0.27969921875000003,0.17371093749999997
15300,2.120904296875,0.54614453125,0.276953125,0.17690234374999997
15400,2.124272265625,0.5478593749999998,0.27488671875000004,0.17725390624999987
15500,2.127775,0.5494140625,0.27219140625,0.17839453125000007
15600,2.13448984375,0.5523671875000001,0.2683359375000002,0.17929687499999983
15700,2.139107421875,0.5545546875,0.26587500000000014,0.17957031250000002
15800,2.1433046875000006,0.5566445312499999,0.2643515625,0.17900390624999998
15900,2.1471554687499994,0.5591132812499999,0.2632578125,0.17762890625
16000,2.147492968750001,0.5596328124999999,0.2645312499999999,0.17583593749999996
16100,2.1462367187500004,0.55848046875,0.2642382812499999,0.17728125000000003
16200,2.143453906250001,0.5565156249999998,0.26608203124999996,0.17740234375
16300,2.14366015625,0.556859375,0.26540234374999994,0.17773828125000005
16400,2.144632031249999,0.5569921875000001,0.26479296874999997,0.17821484375
16500,2.1431371093749996,0.5563867187499999,0.26580468749999997,0.17780859375000005
16600,2.1426718750000004,0.5563359375000001,0.26671875,0.17694531250000003
16700,2.143923828124999,0.5571718750000001,0.2666640625,0.17616406250000002
16800,2.1453636718750007,0.55758203125,0.26513281250000015,0.17728515625000002
16900,2.1458378906249997,0.5577109374999998,0.26587109375,0.17641796874999996
17000,2.1427074218749995,0.5567304687500001,0.26776171874999993,0.17550781250000005
17100,2.1414249999999995,0.5554882812500004,0.26754687499999996,0.17696484375000004
17200,2.1416492187500005,0.5552109374999998,0.26719531249999984,0.17759375
17300,2.1421546875,0.5559062500000004,0.26734374999999994,0.1767500000000001
17400,2.1441019531249994,0.5574374999999999,0.2664062499999999,0.17615624999999996
17500,2.147192187499999,0.5592031249999997,0.26440625,0.17639062500000005
17600,2.147903515625,0.5591250000000002,0.2631054687500001,0.17776953124999997
17700,2.146996093749998,0.5589335937500001,0.2629453125,0.17812109375000001
17800,2.150057421875,0.56045703125,0.26133203125000004,0.1782109375
17900,2.15222890625,0.5616015624999996,0.2607578125,0.17764062499999986
18000,2.154134375,0.5629375000000001,0.26033203124999993,0.17673046874999995
18100,2.1525457031250017,0.5624062499999997,0.262265625,0.17532812500000008
18200,2.1521695312500007,0.5626249999999999,0.2634609375,0.1739140624999999
18300,2.1498113281249998,0.5611054687500001,0.26433203125,0.17456250000000006
18400,2.1472464843749988,0.5592031249999999,0.26550390625000014,0.17529296875
18500,2.1463847656250006,0.5590039062500002,0.26643749999999994,0.17455859375000007
18600,2.1489417968750004,0.5608242187499998,0.26466796875000004,0.17450781249999994
18700,2.1520312499999994,0.56230859375,0.2627187499999999,0.17497265625000008
18800,2.1538921874999977,0.5628007812499995,0.2605039062499999,0.1766953125
18900,2.157156249999999,0.5632773437499999,0.2580273437500001,0.17869531249999995
19000,2.1582132812499992,0.56371875,0.25757812500000005,0.1787031249999999
19100,2.157287109375,0.5637695312500001,0.25855468750000016,0.17767578125000003
19200,2.155516406250001,0.5632499999999998,0.2601875000000001,0.17656250000000004
19300,2.1554644531250005,0.5625234374999998,0.25973828125,0.17773828125000002
19400,2.1551382812500006,0.5624296875000003,0.2597812499999999,0.17778906249999996
19500,2.154074218749999,0.5628828125000003,0.26145703124999997,0.17566015625000006
19600,2.155598046875,0.5631523437500001,0.26106250000000003,0.17578515625000005
19700,2.155312109375,0.5632539062499998,0.26055468750000005,0.17619140624999993
19800,2.1522519531249995,0.56141796875,0.2627265625,0.17585546874999994
19900,2.1502945312499997,0.5610585937500001,0.2642968749999999,0.17464453124999998
20000,2.1475914062499997,0.5591328125,0.26532031250000004,0.17554687500000002
20100,2.1451480468749984,0.55745703125,0.2660898437500001,0.17645312500000002
20200,2.144668359375,0.5577226562500003,0.26608984375000005,0.17618750000000005
20300,2.145695703124999,0.5578398437499998,0.26518359375,0.1769765625
20400,2.145997656250001,0.5587460937499997,0.26472656250000004,0.17652734375000007
20500,2.1483714843750006,0.5594882812499999,0.26343359375,0.17707812499999998
20600,2.149191015625001,0.5600625,0.26341406250000005,0.1765234374999999
20700,2.1499632812499994,0.5606796875,0.26337109375000006,0.1759492187500001
20800,2.151269140624999,0.56157421875,0.2624570312500001,0.17596875
20900,2.1509367187500015,0.5624101562500002,0.2636718749999999,0.17391796874999996
21000,2.1495749999999996,0.5619609375000001,0.26437109375,0.17366796875000007
21100,2.149323437499999,0.5621953125000003,0.26569921875,0.1721054687499999
21200,2.1486292968750003,0.5613476562500003,0.2660078125000001,0.17264453125000004
21300,2.147253125,0.5605937500000003,0.26676953124999997,0.17263671874999997
21400,2.1481125000000008,0.56101171875,0.26558203125,0.17340624999999993
21500,2.1489644531250005,0.5614062500000002,0.26557031249999996,0.17302343749999996
21600,2.149808593750001,0.5618984374999998,0.2636015625,0.17450000000000004
21700,2.1515304687500003,0.562015625,0.26186718749999993,0.17611718750000008
21800,2.1525027343749987,0.56187890625,0.26141015624999997,0.17671093750000003
21900,2.154192578125,0.5629765625,0.2606835937500001,0.17633984374999997
22000,2.1540515624999994,0.5622421874999999,0.2608359375,0.17692187500000006
22100,2.152739453125,0.5620351562500001,0.2615078125,0.17645703125000003
22200,2.1530593749999998,0.56171484375,0.26058593750000003,0.17769921875000003
22300,2.1528347656250006,0.5611171875000001,0.26165234374999996,0.17723046875000004
22400,2.1539023437499987,0.5610234375000002,0.26165234375000007,0.17732421874999998
22500,2.1527234375,0.5604492187500001,0.26250781250000016,0.17704296875
22600,2.15329609375,0.5608203125,0.26159374999999996,0.1775859374999999
22700,2.15315,0.5608515625000001,0.26111328125,0.17803515624999997
22800,2.1530269531250004,0.5606601562500001,0.2613789062499999,0.17796093750000005
22900,2.153632031249999,0.5606328124999999,0.26028515625,0.17908203124999997
23000,2.1520554687499995,0.5604179687499998,0.2613867187499999,0.17819531250000004
23100,2.153409765625,0.5611484374999999,0.26133203125,0.17751953124999995
23200,2.1539167968749995,0.5612539062500002,0.26117578125000007,0.17757031249999986
23300,2.1543027343750007,0.5614804687500001,0.26085937499999995,0.17766015625
23400,2.152896875000001,0.5607421875,0.26189062499999993,0.17736718750000002
23500,2.1531332031250003,0.5611718750000001,0.26128906249999995,0.1775390625
23600,2.1537820312500005,0.5616289062500002,0.2614804687500001,0.17689062500000002
23700,2.1533207031250003,0.5619179687499999,0.26207031250000007,0.17601171874999996
23800,2.153521093749999,0.56245703125,0.26232031249999993,0.17522265624999994
23900,2.154580078125001,0.5628242187499998,0.26180859375,0.1753671875
24000,2.1535839843749995,0.5626914062500001,0.26263671875000005,0.174671875
24100,2.154085937499999,0.5628085937500001,0.2618984375000001,0.17529296875
24200,2.153185546875001,0.5621054687499997,0.26176953125000013,0.17612500000000006
24300,2.1504597656249995,0.5605117187499999,0.2631015625,0.17638671875
24400,2.149342578125,0.5589921874999998,0.26326171875,0.17774609374999992
24500,2.15201875,0.56083984375,0.2621171875,0.17704296874999997
24600,2.1533574218749996,0.5619609375,0.26086328124999997,0.17717578125
24700,2.154451171875,0.5624023437499999,0.26028124999999996,0.17731640625
24800,2.156188671875,0.5637265625,0.25999218749999986,0.17628125
24900,2.157102734375,0.5644843749999999,0.25850781249999993,0.1770078125
25000,2.1595468749999998,0.5645859375,0.2570898437499999,0.17832421874999999
25100,2.159489453124999,0.5656249999999999,0.2582617187500001,0.1761132812500001
25200,2.157333593749999,0.5645234374999999,0.26082421875,0.17465234374999997
25300,2.15327109375,0.56319921875,0.26475390624999995,0.17204687500000002
25400,2.14586640625,0.5601914062500001,0.26950390625,0.17030468749999997
25500,2.1411714843750005,0.5581718749999998,0.27161718749999997,0.17021093750000002
25600,2.1395433593750006,0.5579960937500001,0.27233593749999996,0.16966796875
25700,2.138736328125,0.5571640625000003,0.2724101562500001,0.17042578125
25800,2.1395921875000004,0.5574296874999997,0.2711796875,0.17139062499999996
25900,2.139062890625,0.5567890625,0.27126171874999994,0.17194921875
26000,2.1401390625,0.5563789062499997,0.26973046875000023,0.17389062500000002
26100,2.1420187499999996,0.5571328125,0.26875781249999997,0.17410937499999993
26200,2.1449238281250005,0.5590859375000004,0.26565625000000015,0.17525781250000008
26300,2.1493124999999993,0.5612343750000001,0.26392578125000005,0.17483984374999997
26400,2.1492660156250003,0.5605351562499999,0.2638945312500001,0.1755703125000001
26500,2.1489429687499997,0.5598749999999999,0.26330468749999997,0.17682031249999994
26600,2.148400390625,0.5596171875000003,0.26397265625000005,0.17641015624999995
26700,2.148941796875001,0.5600390624999998,0.26341406250000005,0.176546875
26800,2.1503718749999994,0.5614374999999997,0.2629062499999999,0.17565625
26900,2.1495636718749993,0.5611289062499999,0.26358203125,0.17528906249999995
27000,2.1500875000000006,0.5614414062499999,0.26393359374999986,0.17462499999999997
27100,2.150580859375,0.5622500000000001,0.26386328124999997,0.1738867187500002
27200,2.151120703125,0.5625390625000002,0.263984375,0.17347656249999996
27300,2.1519710937499994,0.5620117187499999,0.26277343749999993,0.17521484374999993
27400,2.151721874999999,0.5617617187499999,0.2639414062500001,0.17429687499999996
27500,2.1519613281250005,0.5623320312499999,0.2643046875,0.17336328125000003
27600,2.150528515625001,0.5622460937500001,0.26530078125000006,0.172453125
27700,2.1483250000000003,0.5608398437499998,0.2665117187500001,0.17264843750000003
27800,2.148091406250001,0.5606367187499999,0.26611328124999994,0.17324999999999996
27900,2.1441226562499995,0.559078125,0.26887109375000007,0.17205078124999998
28000,2.142260156250001,0.5578281249999998,0.26899609375000005,0.17317578124999997
28100,2.142271874999999,0.5574257812500002,0.267828125,0.17474609374999991
28200,2.1429003906249995,0.5573828125000001,0.26764062500000013,0.17497656249999996
28300,2.142627734374999,0.5563945312499999,0.2669375,0.17666796874999993
28400,2.1434585937499993,0.5574179687499997,0.26620703125,0.176375
28500,2.146591406249999,0.5588632812500001,0.26496484375000007,0.176171875
28600,2.148634765625,0.5598398437499996,0.26470703124999995,0.17545312500000004
28700,2.1491933593750003,0.5610820312499999,0.264,0.17491796874999999
28800,2.1505152343750007,0.5614023437499999,0.2639335937499999,0.17466406250000005
28900,2.1511289062499994,0.5621015625000002,0.26335937500000006,0.1745390624999999
29000,2.1531921874999993,0.562703125,0.26230078125000006,0.17499609375000005
29100,2.153305078125,0.5628242187500003,0.2624609375000001,0.17471484375
29200,2.1546070312500003,0.5629687499999997,0.2615820312500001,0.17544921875000002
29300,2.1550953125,0.56376953125,0.2616914062500001,0.17453906249999998
29400,2.1557000000000004,0.5641562500000001,0.26170703125000006,0.17413671875000003
29500,2.155607421874999,0.56381640625,0.26157421875000003,0.1746093749999999
29600,2.15604375,0.5637499999999999,0.26105859374999996,0.17519140624999996
29700,2.1580246093750013,0.5650156249999999,0.2592421875,0.1757421875
29800,2.15771953125,0.5647226562499998,0.2592460937500001,0.17603125000000003
29900,2.1575531250000006,0.5639101562499997,0.25860546875,0.177484375
30000,2.1574160156250004,0.5639101562500002,0.25903515625000006,0.17705468750000003
30100,2.15800859375,0.5635195312500002,0.2581757812499999,0.17830468750000006
30200,2.1602792968749998,0.5652460937499997,0.2585078124999999,0.17624609375000008
30300,2.160145703125,0.5650117187499998,0.2577070312500001,0.17728125000000006
30400,2.1583777343749997,0.5637578125000001,0.25894140624999995,0.17730078125000004
30500,2.1560011718750007,0.56328125,0.26117578125,0.17554296875000003
30600,2.1540499999999994,0.5611718749999999,0.26105078125,0.17777734374999993
30700,2.152341796875001,0.5607578124999993,0.26206640625000005,0.17717578125000005
30800,2.1521160156249994,0.5608867187499998,0.26235156249999997,0.17676171875000007
30900,2.151964453125001,0.5610820312499999,0.2624960937499999,0.17642187499999995
31000,2.1516906250000005,0.5605859374999999,0.26255468749999994,0.17685937499999985
31100,2.1515574218749993,0.5597343749999999,0.2619140624999999,0.17835156249999998
31200,2.149253515625001,0.5588046875,0.26409374999999996,0.17710156249999995
31300,2.1480624999999995,0.5591406250000003,0.2647539062499999,0.17610546875000008
31400,2.1471570312500003,0.55785546875,0.2646640625,0.17748046874999995
31500,2.14665859375,0.5573984374999998,0.26543359374999986,0.17716796875000002
31600,2.1486300781249987,0.5580976562499999,0.2627148437499999,0.1791875
31700,2.1515804687499998,0.5595156249999998,0.26055859375,0.17992578125000003
31800,2.1544472656249996,0.5613359375000002,0.2591015624999999,0.17956250000000004
31900,2.155009765624999,0.5622070312500002,0.26008203125,0.17771093749999986
32000,2.152249609375,0.5610937500000001,0.2623632812500001,0.17654296874999997
32100,2.1493789062499995,0.5600390625,0.2644062499999999,0.17555468750000003
32200,2.1470035156250002,0.55896875,0.26584765624999995,0.17518359374999992
32300,2.145309375,0.5580195312500001,0.2662265625000001,0.17575390625000006
32400,2.1459097656250004,0.5580976562499999,0.26563281250000004,0.17626953124999994
32500,2.146398046874999,0.5578632812499996,0.265140625,0.17699609375000006
32600,2.146595703125,0.5580039062499998,0.2654375,0.17655859375000005
32700,2.144628125000001,0.5574296875000001,0.26590625000000007,0.1766640625
32800,2.14405703125,0.5573476562499998,0.265921875,0.17673046875
32900,2.143712499999999,0.5568984374999999,0.26679687500000004,0.1763046875
33000,2.1442039062500005,0.5573593749999999,0.26663671874999995,0.17600390625000004
33100,2.1424378906250006,0.55643359375,0.26847656249999985,0.17508984374999997
33200,2.1413117187499995,0.5559921874999998,0.26962499999999995,0.17438281250000007
33300,2.139496484375,0.5546445312499998,0.2704843749999999,0.17487109375000007
33400,2.137664453125001,0.5536132812500002,0.27240234375000005,0.17398437499999997
33500,2.1380234374999993,0.5548515624999998,0.27218359375,0.17296484375000004
33600,2.1362488281250003,0.5542460937500001,0.27261328124999995,0.17314062500000002
33700,2.135730468749999,0.5528632812500001,0.27275390625000007,0.1743828125000001
33800,2.136578906249999,0.5521562499999999,0.27106640624999995,0.17677734374999993
33900,2.1364972656250005,0.5515156249999998,0.27118749999999997,0.17729687500000002
34000,2.138440234374999,0.5519570312499998,0.2698203125,0.17822265625000003
34100,2.1406453125000007,0.5544375000000002,0.2699843750000001,0.17557812500000003
34200,2.1423472656249993,0.55619921875,0.2693007812500001,0.17450000000000007
34300,2.1399871093750007,0.5544960937499998,0.2705234375000001,0.17498046875000003
34400,2.1378878906249996,0.5535625000000001,0.27128906250000007,0.17514843749999995
34500,2.139164453125,0.55378125,0.26985156250000014,0.17636718749999997
34600,2.140441015625001,0.5545546874999997,0.2688007812500001,0.17664453125
34700,2.13915859375,0.5541601562499997,0.27001953125000006,0.17582031250000002
34800,2.139209765624999,0.5540429687499999,0.2698398437500002,0.1761171875
34900,2.137337500000001,0.5533945312500003,0.27053906250000015,0.17606640625000008
35000,2.1377078125,0.5535078124999998,0.2709999999999999,0.17549218749999998
35100,2.13765078125,0.5535742187499999,0.2701367187499999,0.17628906249999993
35200,2.1396992187499997,0.5544921875,0.26784765624999995,0.17766015625000003
35300,2.14235625,0.5550507812499998,0.26545703125,0.17949218749999996
35400,2.1427937500000005,0.555515625,0.26533203124999993,0.1791523437499999
35500,2.1444554687500004,0.5561367187500001,0.26467187500000006,0.17919140625000002
35600,2.1460800781250002,0.5572382812499997,0.2641562500000001,0.17860546875
35700,2.1463609375000012,0.5581953125000003,0.26518750000000013,0.1766171875
35800,2.144621875,0.5578046875000005,0.2659296875,0.17626562500000004
35900,2.1445234374999993,0.5584687499999998,0.26651562500000003,0.17501562499999998
36000,2.14454296875,0.55771484375,0.2660039062500002,0.17628125
36100,2.1448625,0.5572382812500003,0.26557812500000005,0.17718359375000006
36200,2.1417789062499994,0.55605859375,0.2686796875000001,0.17526171875
36300,2.1404726562500005,0.55606640625,0.27033984375,0.17359374999999994
36400,2.1387550781249995,0.5551171875000003,0.27011328125000017,0.17476953125
36500,2.139851171874999,0.5543945312499997,0.26867968750000004,0.1769257812499999
36600,2.140516796875,0.5549765625000002,0.26967187500000006,0.17535156250000006
36700,2.1410703124999997,0.5549921875,0.2689335937499999,0.17607421875
36800,2.1394664062500004,0.55450390625,0.2698203125,0.17567578124999994
36900,2.1380417968750005,0.55353125,0.27023437499999997,0.176234375
37000,2.13921875,0.55375390625,0.26923046874999995,0.17701562500000007
37100,2.1401398437499997,0.5544960937499999,0.2689765624999999,0.17652734374999998
37200,2.1409167968750005,0.555296875,0.26822265625000014,0.1764804687500001
37300,2.1421156249999993,0.55487890625,0.26753124999999994,0.17758984374999992
37400,2.143845312499999,0.5563867187500001,0.26619140624999993,0.17742187500000003
37500,2.145261718750001,0.55645703125,0.26464453125000015,0.1788984375000001
37600,2.145429296874999,0.5566328124999999,0.26477734375,0.17858984375000017
37700,2.145757031250001,0.5564101562500001,0.26463281250000004,0.17895703125000006
37800,2.144921093749999,0.5566640624999999,0.26634375,0.17699218749999998
37900,2.1422140624999995,0.5555703124999997,0.2684414062499999,0.17598828125000004
38000,2.139469140625,0.5541015625,0.26993750000000005,0.17596093750000005
38100,2.1371328125,0.5523554687500001,0.27025781249999997,0.1773867187500001
38200,2.1372984375000006,0.5534296874999999,0.2708906250000001,0.1756796875
38300,2.1361898437500004,0.5536289062500002,0.27161328125,0.17475781250000003
38400,2.13373828125,0.5529101562500003,0.27373046875000007,0.17335937499999993
38500,2.1326859375,0.5521093749999996,0.2735703125000001,0.17432031249999996
38600,2.1344117187500005,0.553609375,0.27232421874999996,0.17406640625000006
38700,2.1388960937499992,0.5555625000000001,0.2688515625000001,0.1755859375
38800,2.14357734375,0.5579921875000001,0.2666640625,0.17534375000000002
38900,2.145635546874999,0.5587539062500001,0.26569140625000004,0.17555468749999997
39000,2.1498640624999994,0.56057421875,0.26207421874999987,0.17735156250000003
39100,2.152030468749999,0.5625820312499998,0.26147656249999995,0.17594140625000004
39200,2.1552238281249996,0.5637968750000004,0.25946093749999993,0.17674218749999998
39300,2.1556320312499992,0.5640742187500002,0.25980078125000006,0.1761250000000001
39400,2.1557781249999994,0.5636171875000003,0.25940624999999995,0.17697656250000005
39500,2.1521445312500003,0.56213671875,0.26227343749999993,0.17558984374999997
39600,2.1507613281249998,0.5612382812500001,0.26264062500000007,0.17612109375
39700,2.151085546875,0.5603789062499999,0.2620273437499999,0.1775937500000001
39800,2.1526832031250005,0.5612851562500001,0.26089843749999997,0.17781640624999998
39900,2.154286328125,0.5621484374999999,0.2605429687499999,0.17730859375
40000,2.1561523437500014,0.5635664062500001,0.25951171875,0.176921875
40100,2.1575074218749997,0.56409375,0.25846875,0.17743750000000005
40200,2.155792968750001,0.5636875000000001,0.25998046875,0.17633203125000005
40300,2.1560019531250005,0.5634414062500003,0.26001562499999986,0.17654296874999992
40400,2.1541070312500015,0.5623906249999999,0.26107421875000003,0.17653515625
40500,2.149942187500002,0.5592734374999997,0.263390625,0.17733593749999996
40600,2.1475777343750004,0.55858984375,0.26509375,0.17631640625000006
40700,2.1447734375000005,0.55709765625,0.26596093749999994,0.17694140625000007
40800,2.1465703125000006,0.5581875000000003,0.2652226562500001,0.17658984375
40900,2.148126171875001,0.5601835937499999,0.26448437500000005,0.17533203124999994
41000,2.1530984375,0.5632851562500002,0.26196875000000003,0.17474609374999997
41100,2.156534765625,0.564921875,0.25995312500000006,0.17512499999999995
41200,2.1585929687500003,0.5659804687500001,0.25833984374999996,0.17567968750000007
41300,2.1608824218750002,0.5675468750000001,0.2572421874999999,0.1752109375
41400,2.1643749999999997,0.56916015625,0.2549062500000001,0.17593359375000003
41500,2.163973046875,0.5688359375000006,0.2552187499999999,0.17594531249999995
41600,2.1641531249999995,0.5685312499999999,0.25400390625,0.17746484374999993
41700,2.165001953125001,0.5695703124999999,0.25472265624999996,0.17570703124999992
41800,2.1630328125,0.5680585937500001,0.25598046875,0.1759609374999999
41900,2.1622046875,0.5675976562499999,0.25710937499999986,0.17529296875
42000,2.1614832031250004,0.56722265625,0.25718750000000007,0.17558984375
42100,2.161965625,0.5670195312500003,0.25660937500000003,0.17637109374999993
42200,2.161196093749999,0.5662265625,0.2571523437500002,0.17662109374999996
42300,2.1631820312500007,0.5677500000000002,0.25617968750000003,0.1760703125
42400,2.16253515625,0.568046875,0.2570546875,0.17489843750000003
42500,2.1605136718750018,0.56807421875,0.25847265625000015,0.17345312499999993
42600,2.1576574218749993,0.5660468749999998,0.2596523437499999,0.17430078125000006
42700,2.1534914062499997,0.5630585937499997,0.26213281250000003,0.17480859374999996
42800,2.150797265625001,0.56132421875,0.26294531250000003,0.1757304687499999
42900,2.1513468749999993,0.5609492187499997,0.26213671875000005,0.17691406249999997
43000,2.1512617187500007,0.5617148437499999,0.26301171875,0.17527343750000007
43100,2.152228906250001,0.5617539062500001,0.26252734375000003,0.1757187499999999
43200,2.1514101562500008,0.5618046875000001,0.26289062499999993,0.17530468749999992
43300,2.1525589843750006,0.56230078125,0.26255468749999994,0.17514453125
43400,2.1554914062500012,0.563484375,0.26055859375,0.1759570312499999
43500,2.157390624999999,0.56421484375,0.25928906249999994,0.17649609375000005
43600,2.1596734375,0.5655742187499998,0.2573750000000001,0.17705078124999998
43700,2.1595363281249997,0.5661757812499998,0.2578515625000001,0.17597265624999994
43800,2.1593078125,0.56551171875,0.2575898437500001,0.17689843749999995
43900,2.1580074218750003,0.5646015625000004,0.2590234375000001,0.17637499999999998
44000,2.1563757812500004,0.56332421875,0.2594843749999998,0.17719140625000007
44100,2.157325781250001,0.5638828124999999,0.25940234375000004,0.17671484375
44200,2.1582570312499993,0.564921875,0.25847656250000006,0.1766015625
44300,2.1609296874999995,0.5657265625000002,0.25679296875,0.1774804687499999
44400,2.160526953125,0.566046875,0.25730078124999994,0.17665234375000008
44500,2.1639746093750007,0.567546875,0.25422265624999996,0.17823046874999993
44600,2.167346875,0.5693046875,0.25270703125,0.17798828125000005
44700,2.1675847656249996,0.5694140625000002,0.253515625,0.17707031250000002
44800,2.1663824218750007,0.569609375,0.2547382812500001,0.17565234374999997
44900,2.166020312499999,0.5699296875,0.25583203125000004,0.17423828124999996
45000,2.1650410156249995,0.5704023437500001,0.25747265625000015,0.17212500000000003
45100,2.162949609375,0.5695820312499997,0.25837890625,0.17203906249999992
45200,2.159475390624999,0.5675195312499999,0.2601914062499999,0.17228906250000003
45300,2.157093359375,0.5660234375,0.26170703125000006,0.17226953124999994
45400,2.1569976562500006,0.5656757812500005,0.26160546875000007,0.17271874999999995
45500,2.1560867187499984,0.5644726562500002,0.2617460937499999,0.17378125
45600,2.156421875,0.5651289062499999,0.26134374999999993,0.17352734375000003
45700,2.1575398437500004,0.5656796875000002,0.26093359374999997,0.17338671875000006
45800,2.157647656250001,0.5656015624999998,0.26031640625,0.17408203125000007
45900,2.1562300781250006,0.5654999999999999,0.2617070312499998,0.1727929687500001
46000,2.15980234375,0.5662929687500001,0.25808984374999994,0.17561718749999997
46100,2.162070703125001,0.56780859375,0.2567890625,0.17540234374999997
46200,2.164130078125,0.5688945312500001,0.25533203124999987,0.17577343749999993
46300,2.1662226562499987,0.5700937500000003,0.25392578125000004,0.1759804687500001
46400,2.168324609375,0.5703554687499999,0.251390625,0.17825390625000004
46500,2.167500390625001,0.5696132812499999,0.25192968750000005,0.1784570312500001
46600,2.1677894531249993,0.5692148437499999,0.2510742187500001,0.17971093750000003
46700,2.16777578125,0.5704687500000001,0.2524335937500001,0.17709765624999993
46800,2.1654636718749996,0.5693359374999999,0.2550546875000001,0.17560937500000007
46900,2.1638792968749994,0.5682265624999999,0.2553984375,0.176375
47000,2.1635406249999996,0.5685859375,0.25578125000000007,0.17563281250000004
47100,2.1643816406250003,0.56887109375,0.25529296875,0.17583593749999998
47200,2.1635183593750003,0.5678124999999999,0.2568515624999999,0.17533593749999998
47300,2.1623265625,0.5684335937500001,0.25868750000000007,0.17287890625000002
47400,2.1633753906250006,0.5698398437500002,0.25828906250000017,0.1718710937500001
47500,2.162657421874999,0.5689296874999997,0.2570937499999999,0.17397656250000007
47600,2.163444140624999,0.5691914062500003,0.2572226562499998,0.17358593750000004
47700,2.1633566406250013,0.5694296875000001,0.25748828125,0.17308203125000002
47800,2.1595078125,0.5675820312500001,0.26079687500000004,0.17162109375
47900,2.1571109374999997,0.5663945312500002,0.26125781249999996,0.17234765625000004
48000,2.1562285156250023,0.5653125000000001,0.2612890625,0.17339843749999992
48100,2.155590625,0.564921875,0.261234375,0.17384375
48200,2.1549175781250005,0.5643007812500002,0.26162890625,0.17407031249999996
48300,2.1543640625000005,0.56417578125,0.26207031250000007,0.1737539062500001
48400,2.154481640625,0.5643203125,0.2621328125,0.173546875
48500,2.157123046875,0.5654257812499998,0.260765625,0.17380859375000005
48600,2.1598726562500015,0.5666210937499998,0.25812890625000007,0.17525
48700,2.162310937500001,0.5688984374999999,0.25743359374999997,0.17366796874999998
48800,2.16484453125,0.5693867187500002,0.25575000000000003,0.17486328125
48900,2.165248046875001,0.5702968749999999,0.25639453125,0.17330859375
49000,2.167154296875,0.5714179687500002,0.25519921874999996,0.1733828125000001
49100,2.165715234375,0.5707031250000001,0.25684375,0.17245312500000007
49200,2.164726953124999,0.5703828125000003,0.2572265625000001,0.172390625
49300,2.1663027343750003,0.5715078125000002,0.25712890624999996,0.17136328124999992
49400,2.16618828125,0.57095703125,0.25726171875000003,0.17178125
49500,2.16347265625,0.5704687499999999,0.25833984375,0.17119140624999998
49600,2.165166406249999,0.5706562500000002,0.2570273437499999,0.17231640625
49700,2.1667917968750006,0.5707421874999998,0.2556445312499999,0.17361328125000008
49800,2.168119531249999,0.5714882812499997,0.25445312499999995,0.17405859374999996
49900,2.1698941406250003,0.5722695312499999,0.25326562499999994,0.17446484375
50000,2.1714671875000007,0.5728281249999998,0.25237890625,0.17479296875000008
50100,2.1718421874999994,0.5730976562499999,0.25278515625000003,0.1741171875
50200,2.172483203125,0.5732421875000002,0.2518398437500001,0.17491796874999999
50300,2.1710199218750006,0.5720234375,0.2526015624999999,0.17537499999999992
50400,2.172026562499999,0.5729492187499999,0.2524804687500001,0.17457031250000007
50500,2.1730269531250004,0.5725546874999999,0.25146874999999985,0.1759765625
50600,2.1715999999999998,0.5730625000000004,0.25205468750000004,0.17488281250000004
50700,2.1729273437499996,0.5730195312499998,0.2514414062499999,0.17553906249999993
50800,2.1725125,0.5733750000000002,0.25166015624999993,0.17496484375000007
50900,2.173116796875,0.5730507812499998,0.25082421875000005,0.176125
51000,2.172543750000001,0.57253125,0.25166406249999995,0.17580468750000003
51100,2.1708925781249997,0.5722226562499999,0.2528476562500001,0.17492968750000001
51200,2.1707156249999993,0.5716093750000001,0.25219140624999997,0.17619921874999997
51300,2.1711046875,0.5716367187499999,0.25146875,0.1768945312500001
51400,2.1714035156250002,0.57191015625,0.2514062500000001,0.17668359374999998
51500,2.1750144531250006,0.57378515625,0.2489296875,0.17728515625
51600,2.177714843749999,0.5752734375000002,0.24733984375,0.17738671875
51700,2.1789070312499987,0.5759101562500002,0.24766015625000004,0.1764296874999999
