step,mean_aspect_ratio,fraction_elongated,fraction_round,fraction_binary
100,1.0,0.0,1.0,0.0
200,1.187165234375,0.014972656249999992,0.5589218750000001,0.4261054687499999
300,1.2137851562499997,0.031269531249999996,0.5559296875000002,0.4128007812500001
400,1.2365289062499996,0.04516015625000001,0.5621796875000001,0.39266015625
500,1.2579402343750001,0.05967187499999999,0.5762812500000001,0.364046875
600,1.2794769531250003,0.07399609374999998,0.5914570312499999,0.3345468749999999
700,1.301525390625,0.08905859375000001,0.60751953125,0.3034218749999998
800,1.324641796875,0.10343359375000004,0.6193984375,0.27716796874999994
900,1.3450597656249998,0.11758203124999998,0.6277539062499999,0.2546640625
1000,1.3663625,0.13048046875000002,0.6302187500000003,0.23930078125
1100,1.38725859375,0.14350000000000002,0.6302109374999997,0.22628906250000008
1200,1.4058640625000007,0.15496484375000008,0.6311523437500002,0.21388281250000002
1300,1.4239374999999999,0.16602343749999993,0.6286796875,0.2052968749999999
1400,1.4391738281250006,0.17467578125000008,0.6243867187500001,0.2009375
1500,1.4538167968749998,0.18315625,0.61922265625,0.19762109375
1600,1.4708843749999996,0.19250781250000001,0.61478125,0.1927109375
1700,1.484516015625,0.20003124999999994,0.6102617187500001,0.18970703125000002
1800,1.4962707031250004,0.2071328124999999,0.60606640625,0.18680078125
1900,1.507949218750001,0.21371875000000007,0.6024687499999999,0.18381250000000002
2000,1.520076171875,0.22041015625000004,0.5977929687499997,0.18179687500000008
2100,1.5325667968749996,0.22740234375,0.5918867187499998,0.1807109375
2200,1.541346484375,0.2322617187500001,0.5896953125000003,0.17804296875000006
2300,1.5521171874999995,0.23739453124999987,0.5845429687499998,0.1780625
2400,1.5609300781250004,0.24253515625000002,0.5806250000000002,0.17683984375
2500,1.5709320312500004,0.24747265625,0.5751640624999999,0.17736328125000003
2600,1.5788675781250003,0.25167968749999986,0.57130859375,0.17701171874999994
2700,1.5876695312500002,0.256140625,0.56566796875,0.1781914062499999
2800,1.5977316406249995,0.2607460937500001,0.559359375,0.17989453125000002
2900,1.6054343749999997,0.26476562500000017,0.55506640625,0.18016796875
3000,1.6130734374999998,0.26716015625,0.5499335937500001,0.18290625000000005
3100,1.6202421875000002,0.27111328125000006,0.5446796874999998,0.18420703124999996
3200,1.628387109375,0.2750546874999999,0.54150390625,0.18344140624999994
3300,1.6384046874999996,0.28006640625000007,0.5360820312499999,0.18385156249999998
3400,1.6447480468750006,0.2842343749999999,0.5338593749999999,0.18190625000000005
3500,1.6491238281250005,0.28570703125,0.5313789062500001,0.18291406249999997
3600,1.654862109375,0.2879609375,0.5279570312500002,0.18408203124999997
3700,1.662365234375,0.29095312500000003,0.5242304687499999,0.1848164062500001
3800,1.6671175781249996,0.2939648437500001,0.5209648437500002,0.18507031250000003
3900,1.6695375000000003,0.2955742187500002,0.5200351562499999,0.18439062499999997
4000,1.6754003906250001,0.29858593750000006,0.5168710937500001,0.18454296875
4100,1.679198046875,0.30079687499999985,0.5165781250000002,0.18262499999999984
4200,1.6841648437499999,0.30394140625000005,0.5136015625000002,0.18245703125000007
4300,1.6898613281249992,0.3063437500000001,0.5100273437500003,0.18362890625000006
4400,1.6956843749999995,0.3083046874999999,0.5064023437500002,0.18529296875
4500,1.6990691406249998,0.3107851562500001,0.5056015625,0.18361328125
4600,1.7027957031250014,0.3118906250000001,0.5045156250000001,0.18359374999999992
4700,1.7032273437499994,0.31262109374999986,0.5048710937499998,0.18250781249999995
4800,1.7038476562499987,0.31350390625,0.50578125,0.18071484375000005
4900,1.7051933593750006,0.31546484375000006,0.50507421875,0.17946093749999995
5000,1.7085972656250006,0.31716015625000005,0.5024023437500001,0.1804375
5100,1.711346875,0.31835546875,0.5008593749999999,0.18078515624999997
5200,1.7168906249999998,0.32007812499999994,0.4968632812499999,0.18305859375
5300,1.7212328125,0.32212109374999986,0.49465234375000017,0.18322656250000008
5400,1.7262378906250004,0.3247265625,0.4914218750000001,0.1838515625
5500,1.7311332031250009,0.3262929687499999,0.48816406249999994,0.18554296875000004
5600,1.7340351562499992,0.3285468750000001,0.4868124999999998,0.18464062500000003
5700,1.7350207031250007,0.32896093749999983,0.48689843749999995,0.18414062499999995
5800,1.7350296875000006,0.32948437499999994,0.4873789062500002,0.18313671874999993
5900,1.7368874999999997,0.33119140625000015,0.4864023437500003,0.18240625000000005
6000,1.7386507812499996,0.3320117187499999,0.4867187499999999,0.18126953124999998
6100,1.7389156249999995,0.33264062500000013,0.48704687500000005,0.1803124999999999
6200,1.7400140624999998,0.3325625,0.4855117187500001,0.18192578125000008
6300,1.7386437500000003,0.33173046875000006,0.4865625,0.18170703124999996
6400,1.7385085937499996,0.33202734375000015,0.48759765624999996,0.18037500000000004
6500,1.7392234375000002,0.3329609375,0.48692968750000004,0.180109375
6600,1.7403996093750007,0.3334765624999997,0.4862382812499999,0.18028515624999988
6700,1.742591406250001,0.3345937499999999,0.4857109374999997,0.17969531249999998
6800,1.7447269531250003,0.33531640625,0.4827656250000001,0.18191796874999996
6900,1.7457027343749996,0.33559375000000014,0.48223437499999966,0.18217187500000007
7000,1.7479632812500003,0.33701562500000015,0.4813046875,0.18167968749999996
7100,1.7475148437500003,0.33733203125,0.48184374999999996,0.18082421874999996
7200,1.7484707031249993,0.3374765625,0.4806015625000002,0.18192187499999998
7300,1.7504636718750002,0.33868750000000003,0.4787968750000003,0.18251562500000001
7400,1.753466015625,0.33951562500000004,0.4768554687500002,0.18362890624999995
7500,1.7559671875000002,0.3400390625,0.47516796874999995,0.18479296874999995
7600,1.7573300781249996,0.34086328125000004,0.47514062500000004,0.18399609375000003
7700,1.7601230468749987,0.34167968750000005,0.47223828125000017,0.18608203125000003
7800,1.7606109375,0.3423828125,0.47336718750000006,0.18424999999999997
7900,1.7610832031249994,0.3423593750000001,0.4733203125000001,0.18432031250000006
8000,1.7619332031250003,0.34255859375000025,0.47307031249999987,0.18437109374999996
8100,1.7635113281249999,0.3432343750000001,0.47262890625,0.18413671874999993
8200,1.7644480468750003,0.34411718750000003,0.471046875,0.18483593750000005
8300,1.7645058593749998,0.3436601562500001,0.47062500000000024,0.18571484375
8400,1.7639781250000002,0.34401171874999986,0.47083203124999984,0.18515624999999997
8500,1.7651968750000002,0.3439921874999998,0.4699765624999999,0.18603125000000004
8600,1.7647890625000004,0.3446914062499999,0.47178125000000004,0.1835273437500001
8700,1.7649589843749998,0.34470312500000005,0.4721523437499999,0.18314453125
8800,1.764028125,0.34516796875000005,0.4728750000000002,0.18195703124999993
8900,1.7651390625000003,0.34591015625000004,0.4724062500000001,0.18168359375
9000,1.7656316406249997,0.34650781250000007,0.4718984375000001,0.18159374999999997
9100,1.7653953125000001,0.3465703125000001,0.4730859375000002,0.18034375000000002
9200,1.7651710937499996,0.3463671874999999,0.4726601562499999,0.18097265625000006
9300,1.7665585937499997,0.3479101562500001,0.4718437500000002,0.18024609375
9400,1.7676316406250001,0.3478320312499999,0.47048828125000025,0.18167968750000008
9500,1.7661898437500008,0.34799218750000005,0.47237109375,0.17963671875000004
9600,1.7653585937500003,0.3481015625000001,0.47410156250000013,0.17779687499999994
9700,1.765571875,0.3476796875000001,0.4741328124999999,0.17818749999999997
9800,1.7659199218750006,0.34788671875000027,0.4748828124999999,0.17723046875
9900,1.7677953124999999,0.34938281250000014,0.4737499999999999,0.1768671874999999
10000,1.7708234374999998,0.35183593750000003,0.47251171875000014,0.17565234374999997
10100,1.7716507812499995,0.3517421874999999,0.4718554687500003,0.17640234375000005
10200,1.7723773437499997,0.3520859375,0.4715624999999998,0.1763515625
10300,1.7742851562500002,0.353109375,0.47070312499999994,0.17618750000000008
10400,1.7745542968749992,0.3536250000000002,0.47056640625,0.17580859375000005
10500,1.775417578125001,0.35428125,0.4704062500000001,0.17531250000000004
10600,1.775660546875,0.35417187499999997,0.4696640625000003,0.17616406250000008
10700,1.7763367187499997,0.35406640624999997,0.46918359375,0.17674999999999996
10800,1.77881484375,0.35419921875000004,0.4660664062499999,0.17973437499999995
10900,1.7801058593750005,0.35464843749999997,0.4647343750000001,0.18061718749999997
11000,1.7813515625000005,0.3541445312500001,0.46342968749999996,0.18242578124999995
11100,1.7804808593750006,0.35460156249999997,0.4643476562499999,0.18105078125000001
11200,1.7814988281249988,0.35516015624999997,0.4631953124999999,0.18164453124999994
11300,1.7821828124999992,0.35455468750000013,0.4628203125,0.18262499999999998
11400,1.7825523437500004,0.3552656250000002,0.46378906249999996,0.18094531250000004
11500,1.7824636718749998,0.3547734375,0.46352343749999997,0.18170312499999994
11600,1.7825441406250002,0.35443359374999994,0.46287109374999985,0.18269531249999996
11700,1.7827007812499995,0.3542812499999998,0.46246484374999997,0.18325390625000004
11800,1.7843371093749991,0.3548515625,0.46165234374999997,0.18349609374999987
11900,1.7827519531250002,0.3547773437500002,0.4639101562499998,0.1813124999999999
12000,1.7834773437500004,0.3547265625000001,0.46355468750000006,0.18171875000000007
12100,1.7834921874999998,0.3548906250000001,0.4639726562499997,0.18113671875
12200,1.7814203125000005,0.3530859375000001,0.46458984374999995,0.18232421874999993
12300,1.7795558593749998,0.35228515625,0.46451562500000027,0.18319921874999998
12400,1.7805933593749996,0.35238671875000005,0.46310156249999984,0.18451171874999994
12500,1.7821437500000008,0.35353124999999985,0.46379296875000026,0.18267578124999997
12600,1.7818453125,0.3535585937500001,0.46419921874999986,0.18224218749999999
12700,1.7797703125000008,0.3530546875000001,0.4663398437499997,0.18060546874999997
12800,1.7783246093750007,0.35196875,0.46685546874999995,0.1811757812500001
12900,1.7766960937500003,0.3523281250000001,0.4679804687500001,0.17969140624999994
13000,1.7778542968749993,0.3530625000000001,0.46812500000000007,0.17881249999999999
13100,1.777659765624999,0.35326171874999995,0.4689023437499998,0.17783593749999999
13200,1.7776249999999998,0.35265625000000006,0.4681328124999998,0.17921093749999997
13300,1.7777546874999997,0.35287109375000003,0.4677148437499999,0.1794140625
13400,1.7782320312500004,0.3531953124999999,0.4673906249999999,0.1794140625
13500,1.7787343750000004,0.3532070312500001,0.4674453124999999,0.17934765625
13600,1.7799421874999992,0.3533710937499999,0.4663281249999999,0.18030078124999993
13700,1.779365234375,0.3527929687499998,0.4664570312500001,0.18075000000000002
13800,1.77862578125,0.35282031249999996,0.46649218750000015,0.18068750000000003
13900,1.78002890625,0.35431640625,0.4653359375,0.18034765625000007
14000,1.7811375000000003,0.3550078125000001,0.4646484375000001,0.18034375
14100,1.782113671874999,0.3557656249999998,0.46448437499999984,0.17974999999999997
14200,1.7826781250000006,0.3544765624999997,0.4642070312500001,0.18131640624999984
14300,1.782271484375,0.355125,0.4644882812499998,0.18038671874999998
14400,1.7836625000000002,0.355640625,0.4614218750000002,0.18293749999999992
14500,1.7854374999999993,0.35596484375000004,0.45967578124999997,0.18435937499999994
14600,1.7867691406249995,0.35683593749999987,0.4602851562500001,0.18287890625000008
14700,1.7886847656249996,0.3592187500000001,0.45983203125000005,0.18094921875
14800,1.7891714843750015,0.35968750000000005,0.4607460937500003,0.17956640624999998
14900,1.7891999999999997,0.3594296875000001,0.46027734374999973,0.18029296875000003
15000,1.7901292968750004,0.36053124999999986,0.4605820312499999,0.17888671875
15100,1.7909726562500008,0.36057031250000005,0.4602031249999999,0.1792265624999999
15200,1.7891499999999987,0.3600000000000001,0.46198828124999997,0.17801171874999996
15300,1.7884957031249997,0.3600781250000001,0.46289453125,0.17702734374999995
15400,1.7877007812500003,0.35986718749999996,0.4645937499999999,0.17553906249999995
15500,1.7868605468749994,0.35907421875,0.46408984375,0.1768359375
15600,1.7863875000000005,0.3579531249999998,0.46327343750000005,0.17877343750000005
15700,1.7876023437500004,0.3584648437499999,0.4625312499999999,0.17900390624999998
15800,1.7876910156249985,0.35946875,0.4630312500000001,0.17750000000000007
15900,1.7888847656249995,0.35987109375,0.46150390625000015,0.17862500000000003
16000,1.7890023437499998,0.36003515624999993,0.46295703125000015,0.1770078125
16100,1.7886945312500004,0.3599492187499999,0.46289843750000004,0.17715234375000005
16200,1.7876765625000004,0.35914062500000016,0.4627656249999998,0.17809375000000005
16300,1.7895937499999992,0.36028515625,0.46005859375000013,0.17965624999999996
16400,1.7932738281250005,0.36136328124999995,0.4574609374999999,0.18117578124999997
16500,1.7949847656250002,0.3615195312499998,0.45537109375000007,0.183109375
16600,1.7960015624999994,0.3625156249999999,0.4546835937500001,0.18280078125000013
16700,1.798336328124999,0.36388671875000006,0.4548867187500002,0.18122656250000008
16800,1.7984003906250001,0.3640859374999999,0.45556640624999983,0.18034765624999993
16900,1.7980757812499994,0.36502734374999984,0.45721875,0.17775390624999993
17000,1.7967781250000006,0.3644453124999999,0.4589570312499999,0.1765976562500001
17100,1.7968105468750004,0.36511718749999994,0.45833593750000007,0.17654687500000002
17200,1.7988558593750004,0.36641796875,0.45747265625000016,0.17610937500000007
17300,1.8016500000000004,0.3674531250000001,0.4556249999999999,0.17692187500000014
17400,1.8025730468749994,0.3678828125000001,0.45417187499999995,0.17794531249999998
17500,1.8021671874999994,0.3670703125,0.4535664062499998,0.17936328125
17600,1.8047351562500002,0.3682265625,0.4509765624999999,0.18079687499999994
17700,1.8078917968750001,0.3686679687500001,0.44951562500000003,0.18181640625000012
17800,1.8099644531249994,0.36999218749999996,0.44867187500000005,0.18133593750000002
17900,1.8089238281250004,0.3699804687499999,0.45024609375,0.17977343750000005
18000,1.8073167968750001,0.3699140624999999,0.45261328125000017,0.17747265625000005
18100,1.8080816406249993,0.36994140625000027,0.45326562499999973,0.17679296875
18200,1.8083734374999996,0.37083203124999997,0.4531992187499999,0.17596875000000003
18300,1.8076808593749998,0.37089453125000016,0.45333593749999984,0.17576953125000003
18400,1.8097882812499995,0.37157031249999983,0.4508085937499998,0.1776210937499999
18500,1.8109886718750006,0.37169921874999984,0.4492460937500001,0.17905468749999995
18600,1.8135949218750003,0.3733671875000001,0.44846484375000006,0.17816796875000004
18700,1.8157710937500002,0.3739648437500002,0.4472109374999999,0.17882421875000007
18800,1.8179593750000003,0.3755820312500001,0.4453515625000001,0.17906640624999992
18900,1.8192675781249998,0.3762734375000001,0.44564062499999973,0.1780859375
19000,1.819298046875,0.37614453124999975,0.44626171875000004,0.17759375000000005
19100,1.8196500000000007,0.37592968749999983,0.44497656249999995,0.17909375000000002
19200,1.8198671874999992,0.3761562499999999,0.44455468749999993,0.1792890625000001
19300,1.8222066406250004,0.3771562500000001,0.4429726562500001,0.17987109374999985
19400,1.8229414062499991,0.37704687499999995,0.4413125,0.18164062500000003
19500,1.8241406249999996,0.3775507812500001,0.44057421875,0.18187499999999987
19600,1.8251671875000002,0.37782812499999996,0.44008984375,0.18208203124999994
19700,1.8255433593749997,0.37748828124999984,0.44026953125,0.18224218749999985
19800,1.82448984375,0.3773437500000002,0.4415546875000001,0.18110156249999998
19900,1.8244339843749995,0.37787499999999996,0.4421640625000001,0.17996093749999997
20000,1.8259437500000002,0.3778476562500002,0.43966015625000004,0.18249218750000004
20100,1.8263640625000002,0.37873828125000014,0.43940234374999987,0.181859375
20200,1.8287035156249998,0.3797148437499999,0.43918750000000006,0.18109765625
20300,1.827457421875,0.37935546875000015,0.4398007812500001,0.18084375000000003
20400,1.8258191406250002,0.37836328125,0.4420507812499999,0.17958593750000007
20500,1.8234835937500007,0.37696093750000004,0.44357421875,0.17946484375
20600,1.8235687500000004,0.37625390625000005,0.44312890624999995,0.1806171875000001
20700,1.8226941406250001,0.37585156250000007,0.4433984374999998,0.18074999999999997
20800,1.8212933593750007,0.37553515625,0.4445898437499997,0.1798750000000001
20900,1.820672265625,0.37490234375,0.44442578124999976,0.18067187500000007
21000,1.81900390625,0.3742187499999999,0.44443359375,0.18134765624999996
21100,1.8178304687500002,0.37283203125000003,0.4445312499999998,0.18263671874999993
21200,1.8167359374999998,0.3731562499999999,0.4469687500000002,0.17987500000000006
21300,1.8152484374999995,0.3719101562500001,0.44783984375,0.1802500000000001
21400,1.813075390625,0.37134765625,0.4499218749999999,0.17873046874999998
21500,1.8113281250000004,0.37049218749999996,0.45126171874999976,0.17824609374999997
21600,1.8108519531249998,0.37034374999999986,0.4521093750000001,0.17754687499999997
21700,1.81188125,0.37103906250000024,0.45079687500000015,0.17816406249999997
21800,1.8146550781250002,0.3725624999999999,0.4492656249999998,0.17817187499999998
21900,1.8152269531250005,0.37308203124999995,0.4493945312500002,0.1775234375
22000,1.8147480468750001,0.3729609375000001,0.44829296875,0.17874609375
22100,1.8155812499999993,0.3740820312500002,0.44834375000000015,0.17757421875000004
22200,1.816399609374999,0.37326562499999993,0.44645312499999995,0.18028125
22300,1.8165769531250002,0.37254687500000006,0.44538281250000006,0.1820703124999999
22400,1.8166035156249993,0.37221875,0.44499218749999997,0.18278906249999993
22500,1.8182621093749998,0.3724921875,0.44355468750000016,0.18395312499999994
22600,1.8176839843750003,0.3723125,0.4445390624999999,0.18314843749999993
22700,1.8146167968749998,0.3713710937499999,0.4472265624999998,0.18140234374999994
22800,1.8118875,0.37098437500000014,0.44971484375,0.17930078124999996
22900,1.8123484375,0.37095703125000007,0.4496445312500002,0.17939843749999992
23000,1.8128148437499998,0.37153124999999976,0.4489609375,0.1795078125
23100,1.8139886718750002,0.37189843749999996,0.4474960937500002,0.18060546875
23200,1.8125070312499998,0.37083203124999986,0.4482265625000002,0.18094140624999988
23300,1.812678515625,0.3712734374999999,0.44838671874999997,0.18033984375000003
23400,1.8115496093749996,0.37081640624999973,0.4488984375000001,0.18028515624999994
23500,1.8115679687500006,0.37134765625000016,0.4493671874999999,0.17928515625
23600,1.8126292968749997,0.3718671875000001,0.44887109375000006,0.17926171875000005
23700,1.8124988281249999,0.37185546875000025,0.44858203124999996,0.17956250000000007
23800,1.8136742187500003,0.3721210937499998,0.44903515624999996,0.17884374999999994
23900,1.8145785156249996,0.37342968750000016,0.4481132812499999,0.17845703124999993
24000,1.8152726562500008,0.37344531249999996,0.4463749999999999,0.18017968750000002
24100,1.8170023437499996,0.3736249999999999,0.44508984375000044,0.18128515624999997
24200,1.8189363281250004,0.37378906249999994,0.44478906249999994,0.18142187500000007
24300,1.8195617187499997,0.3742265625,0.44423046875000005,0.18154296874999995
24400,1.8213156249999998,0.37471484375,0.4427499999999998,0.18253515625000005
24500,1.8218250000000002,0.37468749999999984,0.44195312499999984,0.18335937500000005
24600,1.8220796874999996,0.3745781249999998,0.44332421875000017,0.18209765624999993
24700,1.822049609375,0.3756914062499999,0.44402343749999995,0.18028515625000002
24800,1.822321875,0.37533203125000003,0.4439843749999999,0.18068359374999995
24900,1.8199421874999995,0.37473437499999995,0.4450078124999999,0.18025781250000003
25000,1.8193953125,0.37386718750000014,0.44524218750000016,0.18089062500000014
25100,1.8174925781249995,0.3729609375000001,0.44570312500000003,0.18133593750000007
25200,1.8167578125000006,0.37190234375,0.44598828125,0.182109375
25300,1.8156421874999993,0.3711171874999999,0.4456640625000002,0.18321874999999996
25400,1.8153605468750005,0.3716054687499999,0.4462578125000002,0.18213671874999998
25500,1.8182101562499997,0.37267187500000004,0.4435585937500002,0.18376953124999995
25600,1.8198328125000003,0.3740742187500001,0.4438242187500001,0.18210156250000004
25700,1.8187109374999992,0.3731757812500002,0.44327734375,0.183546875
25800,1.8180839843750003,0.3725468749999999,0.4441875,0.18326562499999993
25900,1.8183968750000004,0.37280078125000005,0.44417187499999994,0.1830273437499999
26000,1.8194597656249996,0.37397656250000005,0.44465625000000003,0.18136718750000003
26100,1.818699609375,0.37382812499999996,0.4447070312499999,0.18146484375
26200,1.8186871093750003,0.37422265624999984,0.4447421875000001,0.18103515625000005
26300,1.819094921874999,0.37398828124999994,0.44418359375,0.18182812499999998
26400,1.81761953125,0.37301171874999994,0.4457851562500001,0.18120312499999996
26500,1.8169097656250002,0.3736328125,0.446484375,0.17988281250000004
26600,1.8160124999999994,0.37251562499999996,0.4470898437499999,0.18039453125
26700,1.8159109374999998,0.3729140624999998,0.4470976562499999,0.1799882812500001
26800,1.8173765625000007,0.3734492187499999,0.4461992187499999,0.18035156250000015
26900,1.8169707031249998,0.3731718749999997,0.44671093750000007,0.18011718750000005
27000,1.818616015625,0.3743945312499997,0.44561328124999994,0.17999218749999993
27100,1.8201832031249998,0.3745195312499999,0.4442578125,0.1812226562499999
27200,1.8198175781249994,0.37416796875000014,0.4436093749999998,0.18222265624999998
27300,1.8209007812499998,0.37491406250000014,0.4441250000000001,0.1809609374999999
27400,1.820658984374999,0.37499609374999987,0.4438203124999999,0.18118359375
27500,1.819721484375,0.37456249999999996,0.44518359375,0.18025390624999998
27600,1.8192515625000003,0.37391406250000014,0.44584765625000006,0.18023828125000008
27700,1.817772265625,0.3735078125,0.4465585937499999,0.17993359374999993
27800,1.8164753906249997,0.3732656250000003,0.4476953124999998,0.17903906249999998
27900,1.8153812500000002,0.37296484375000005,0.4480468749999996,0.17898828125
28000,1.8149722656249998,0.37214453125,0.44793359375,0.17992187499999998
28100,1.815819140625,0.37249999999999994,0.4477421875,0.1797578125
28200,1.8149558593750004,0.37302734375,0.44982031250000026,0.17715234375000002
28300,1.813409375,0.3723984374999999,0.45084375000000004,0.17675781250000006
28400,1.81422578125,0.37228906250000005,0.45048437500000027,0.17722656249999988
28500,1.8136460937499999,0.37185937500000005,0.4498906250000001,0.17825000000000002
28600,1.8132378906250004,0.3720898437499999,0.4503007812499999,0.17760937499999996
28700,1.8146367187499997,0.37217578125000017,0.4488398437500001,0.17898437499999995
28800,1.8149519531249994,0.37098046874999996,0.44724609375000024,0.1817734374999999
28900,1.8170812500000002,0.3723789062499998,0.4452695312500002,0.18235156249999998
29000,1.81810234375,0.37331249999999994,0.4446171875000001,0.18207031250000003
29100,1.8181445312499998,0.3733242187499999,0.44527343749999987,0.18140234375000014
29200,1.8192207031250005,0.37408593749999997,0.44445312499999995,0.18146093749999997
29300,1.8189789062499997,0.3737695312500002,0.44482421875,0.18140625000000002
29400,1.8171839843749997,0.37337890625,0.4459296875000001,0.18069140625000002
29500,1.8163324218749994,0.3726874999999999,0.44631250000000033,0.18099999999999997
29600,1.8163781250000002,0.3721992187499998,0.44539843750000024,0.18240234375000006
29700,1.815425,0.37197265625000003,0.44589843749999986,0.18212890624999994
29800,1.8145757812500005,0.3720234374999999,0.4469140624999999,0.18106249999999993
29900,1.8150812499999993,0.3722539062500001,0.4470585937500001,0.18068750000000003
30000,1.8164824218750015,0.3730546875,0.44608984375000016,0.18085546875000008
30100,1.8190035156249997,0.3737148437500001,0.44438671875000046,0.18189843750000004
30200,1.8193730468749993,0.3743632812499999,0.4430976562499999,0.18253906250000002
30300,1.8193503906250004,0.3738437499999999,0.4424453125,0.18371093749999992
30400,1.8186093749999994,0.3737460937500001,0.4436562499999999,0.18259765624999988
30500,1.8185812500000005,0.37329687499999986,0.4447656249999999,0.18193749999999997
30600,1.8185609375000005,0.37394531249999996,0.4449804687500001,0.18107421874999996
30700,1.817535546875001,0.37381640625000023,0.4455898437499998,0.18059374999999997
30800,1.8172183593750002,0.37355078124999985,0.4458125000000001,0.18063671875000004
30900,1.8199726562499992,0.3747109375000001,0.44433593750000006,0.18095312499999996
31000,1.8214523437500005,0.37573828125000014,0.4438437500000002,0.18041796874999994
31100,1.823184375000001,0.3767460937500001,0.44208984375,0.18116406250000006
31200,1.8239132812499994,0.37669531250000027,0.44194921875000004,0.18135546875
31300,1.8230480468750008,0.37575390624999994,0.44282421875000005,0.18142187500000007
31400,1.8219328125000003,0.37491406250000003,0.44256640625000015,0.18251953124999995
31500,1.8228601562499995,0.3745898437499999,0.4417578125,0.18365234375000003
31600,1.8220320312499996,0.37476953125000007,0.44258203124999973,0.18264843749999998
31700,1.8214445312500007,0.37463281249999997,0.44335156249999985,0.18201562500000007
31800,1.8194015625000002,0.3738789062500002,0.4447734375000001,0.18134765624999996
31900,1.819685546874999,0.3735234374999999,0.44347265624999993,0.18300390624999993
32000,1.8194261718750004,0.3737734374999999,0.4448046875000002,0.18142187500000004
32100,1.8186617187499994,0.37300390624999996,0.44341406250000004,0.18358203125
32200,1.8177519531250004,0.37228124999999984,0.44435156249999996,0.1833671875000001
32300,1.8176757812499988,0.37242578125,0.44405859374999995,0.18351562500000004
32400,1.8170636718749997,0.37202343749999983,0.44474218749999994,0.18323437499999998
32500,1.8177664062499996,0.3726679687500002,0.4433671874999999,0.18396484375000002
32600,1.8181410156250002,0.37287109375,0.44382812500000013,0.18330078125
32700,1.8189296874999994,0.37327343749999997,0.44285156250000013,0.18387499999999993
32800,1.8218226562500002,0.37534765625000016,0.44183984375,0.1828125
32900,1.8240894531250003,0.37671875000000005,0.44095703125,0.1823242187500001
33000,1.8253601562499997,0.3773789062500001,0.4403828125000001,0.18223828125000008
33100,1.8258156250000006,0.3773085937500001,0.44078515625000003,0.18190625000000002
33200,1.8263714843749996,0.3784960937499998,0.4421132812499997,0.17939062499999997
33300,1.8279835937500009,0.37887890625,0.4404960937500001,0.18062499999999992
33400,1.8294839843749995,0.3794218749999998,0.43937890625000015,0.1811992187500001
33500,1.8300417968749996,0.37991015625,0.43958203124999995,0.1805078124999999
33600,1.829773828125,0.3804687500000001,0.4401835937500001,0.17934765625000004
33700,1.828304296875,0.38039453125000006,0.44131249999999966,0.17829296875000006
33800,1.8269894531250006,0.3793281249999999,0.44335156249999996,0.17732031250000002
33900,1.8285953124999996,0.3800195312500002,0.4415820312499998,0.17839843750000006
34000,1.8289691406250004,0.37995312499999995,0.4395507812499999,0.18049609375000003
34100,1.825160546875,0.37735156249999996,0.44220703125000005,0.18044140624999994
34200,1.821839843749999,0.37634375000000014,0.44356640624999993,0.18008984374999998
34300,1.8200582031249999,0.3754296875000001,0.444703125,0.17986718750000005
34400,1.8185601562500002,0.3748789062499999,0.44454296875000016,0.18057812500000003
34500,1.8209050781250005,0.3755390625000001,0.4429609374999998,0.18150000000000008
34600,1.8253078124999997,0.37728124999999985,0.44006640625,0.18265234374999995
34700,1.8277187499999998,0.3783398437500002,0.43785937499999994,0.18380078124999996
34800,1.831503906250001,0.3794687500000003,0.43620703124999993,0.18432421875000002
34900,1.8328175781249998,0.38012499999999994,0.43549218749999985,0.18438281249999994
35000,1.8343335937500007,0.38128515625000003,0.4353046875000001,0.18341015624999996
35100,1.8350624999999994,0.3819492187500001,0.43499609375000003,0.18305468749999992
35200,1.8356863281250004,0.38230078125000005,0.4354453124999999,0.18225390624999993
35300,1.8367839843749991,0.3828789062500001,0.4345781250000001,0.18254296875
35400,1.8385355468749993,0.38389843750000024,0.43239453125000005,0.18370703124999996
35500,1.8369761718750006,0.38258984375000005,0.4336523437500001,0.18375781249999995
35600,1.8365703125000001,0.38192578124999993,0.4339687499999997,0.18410546874999997
35700,1.8348730468749994,0.3810703124999999,0.4358164062499998,0.18311328125000004
35800,1.8330695312499998,0.3797734375,0.43625390624999993,0.18397265624999992
35900,1.8308472656249997,0.37886718750000004,0.4386171875000002,0.18251562500000004
36000,1.8272496093750004,0.3777070312500001,0.4415468749999999,0.18074609375
36100,1.8268289062499998,0.37780859375000003,0.4420156249999999,0.18017578124999997
36200,1.8255218749999995,0.3775312499999999,0.44328515625,0.17918359375
36300,1.8233015624999998,0.37648828125,0.44501171875000006,0.1785
36400,1.8207421874999998,0.37519531250000004,0.4446523437500001,0.18015234374999994
36500,1.821233984374999,0.3748984375000001,0.44333203125000015,0.18176953125000003
36600,1.8219113281250008,0.3750976562500003,0.44323046874999966,0.18167187499999993
36700,1.8242144531250002,0.37624609375000007,0.44157031249999995,0.18218359374999998
36800,1.8233101562499998,0.3771875,0.4422929687499999,0.18051953124999995
36900,1.8238167968749994,0.3771171875000001,0.4416132812500002,0.18126953125
37000,1.822659765625,0.3760625000000002,0.44203906250000014,0.1818984375
37100,1.8235738281250002,0.37508984375000026,0.4395976562499998,0.18531250000000005
37200,1.823100390625,0.37491015625000007,0.44088281249999994,0.18420703124999993
37300,1.8235042968750004,0.37510156250000004,0.44118750000000007,0.18371093749999995
37400,1.8228488281250002,0.37372656250000014,0.4406445312500002,0.18562890624999995
37500,1.8226152343749997,0.3736835937499999,0.4410625000000001,0.18525390625000002
37600,1.8213570312499996,0.37362109375,0.4420351562500001,0.18434375000000006
37700,1.8199460937500007,0.37337109374999994,0.4426171874999999,0.18401171874999991
37800,1.8203222656250002,0.37330078125,0.44358203124999973,0.18311718750000006
37900,1.818517968749999,0.37295312499999983,0.4443398437499999,0.18270703124999998
38000,1.8157722656250006,0.37120312499999986,0.44632421875,0.18247265624999992
38100,1.81741796875,0.3716796875000001,0.4441757812500001,0.1841445312500001
38200,1.8177488281250007,0.3725234374999999,0.44394140625,0.18353515624999997
38300,1.8179898437500004,0.3715585937499998,0.44358203124999995,0.1848593750000001
38400,1.8162253906249997,0.37127343750000014,0.445359375,0.18336718750000006
38500,1.8145078124999998,0.37048437499999975,0.44611328124999966,0.18340234374999995
38600,1.8138117187500005,0.3704453124999999,0.4465585937499999,0.18299609375000006
38700,1.8140285156250007,0.3708789062500001,0.44734374999999993,0.18177734375000007
38800,1.814935546875,0.3714765624999999,0.44598046874999997,0.18254296874999998
38900,1.8148867187500002,0.37123828125,0.4465312500000001,0.18223046874999999
39000,1.8179105468750003,0.3725156249999999,0.4439531249999998,0.18353124999999998
39100,1.8188445312499992,0.373140625,0.44314453125,0.18371484374999994
39200,1.8185699218750007,0.3728203125000001,0.44403906250000036,0.183140625
39300,1.817434375,0.37254687499999983,0.4456054687499999,0.18184765624999988
39400,1.816950390625,0.3717460937499999,0.4438671875000001,0.18438671875000004
39500,1.8195578125000007,0.372859375,0.4421367187499998,0.18500390625000002
39600,1.8212777343749997,0.3734140624999997,0.44055078124999997,0.18603515625000003
39700,1.8229632812499998,0.37408203124999995,0.43963671874999993,0.18628125000000012
39800,1.8232937499999986,0.37440625,0.43989843750000013,0.18569531249999996
39900,1.8214859374999997,0.3736054687499999,0.44285546875,0.18353906250000007
40000,1.8192402343750005,0.373046875,0.44548828125,0.18146484375000002
40100,1.8187855468750012,0.37211718750000006,0.44453515624999995,0.18334765624999996
40200,1.817183984375,0.3717695312500001,0.44539843750000013,0.18283203124999997
40300,1.8179187499999994,0.37206640624999987,0.44383984375000013,0.18409375000000008
40400,1.8170996093749998,0.3720859375,0.44586718750000004,0.18204687499999994
40500,1.8148863281250003,0.3707499999999999,0.44671093749999996,0.18253906249999993
40600,1.814605078125,0.37117187499999976,0.44678906250000006,0.18203906249999996
40700,1.814776171875001,0.37183984375000023,0.44803515625,0.180125
40800,1.8140277343750004,0.37095312500000005,0.4480781250000002,0.18096875
40900,1.8143171874999995,0.37082031249999997,0.4471249999999999,0.18205468750000012
41000,1.8147097656250002,0.37137499999999984,0.4469531250000002,0.18167187499999993
41100,1.8150324218750007,0.37158593749999985,0.44683984375000013,0.1815742187499998
41200,1.8159249999999998,0.37217968749999986,0.44655468749999977,0.18126562500000012
41300,1.815575390625,0.37254687500000006,0.4474726562499998,0.17998046875
41400,1.8167390625000002,0.37314453125000013,0.44692578125000015,0.17992968750000013
41500,1.8155628906250005,0.3723437500000002,0.44674218749999983,0.18091406250000006
41600,1.8157640624999996,0.3722304687500001,0.44596093750000015,0.1818085937500001
41700,1.813367187499999,0.3711406250000001,0.44850390625000003,0.18035546875000005
41800,1.8123687499999996,0.36966015625000004,0.4487382812499999,0.18160156250000004
41900,1.8132445312499992,0.3698554687499999,0.4476679687500002,0.18247656250000008
42000,1.8132488281250003,0.3698398437500002,0.44801562500000003,0.18214453125
42100,1.815547265625001,0.3711679687500001,0.44619140625,0.18264062499999997
42200,1.816070703125,0.3707968750000001,0.4463749999999999,0.18282812499999995
42300,1.8172847656250004,0.3717656249999999,0.4455507812499999,0.18268359375000007
42400,1.8180457031250004,0.3717578125,0.4443515625000001,0.183890625
42500,1.819414062500001,0.3722617187499999,0.4420039062500001,0.18573437500000003
42600,1.8210007812500002,0.37242187500000007,0.44134375000000003,0.186234375
42700,1.8216542968749998,0.3726679687499999,0.4394882812499998,0.18784375
42800,1.8229574218750002,0.37355078125000024,0.4387421874999999,0.18770703125000004
42900,1.8260878906249995,0.3746093750000001,0.43602343749999994,0.18936718750000014
43000,1.8273480468749999,0.37569921875,0.43702343749999994,0.18727734375000002
43100,1.8260203125,0.37553906249999996,0.4381875000000001,0.1862734374999999
43200,1.8222949218750006,0.37335156249999996,0.4405390625000001,0.18610937499999994
43300,1.8219210937499988,0.3735156250000001,0.44207421875,0.18441015624999998
43400,1.8205011718749995,0.3725234374999998,0.4418359375000001,0.18564062500000006
43500,1.81943828125,0.3726406250000002,0.442765625,0.18459375000000003
43600,1.8188550781250001,0.3716796875000001,0.4433984374999999,0.18492187500000004
43700,1.8175042968750006,0.37174609374999984,0.4447812500000001,0.18347265625000003
43800,1.8167828124999996,0.37169140624999986,0.4461953125000001,0.18211328125
43900,1.8119718750000005,0.36866015625,0.44796875,0.18337109375000002
44000,1.8077953124999993,0.36650000000000027,0.45023437499999996,0.18326562499999996
44100,1.8040832031250003,0.36520703125000015,0.45200390625000003,0.18278906250000002
44200,1.8003210937500007,0.36334375000000013,0.45469921875,0.18195703124999996
44300,1.79645,0.3614335937499998,0.45600781249999994,0.1825585937500001
44400,1.7950539062500002,0.36142578124999986,0.4573789062499999,0.1811953125
44500,1.7935835937500002,0.361375,0.4584804687500003,0.18014453125000007
44600,1.7961964843750007,0.3623046875000003,0.45605078125,0.18164453124999996
44700,1.7984640625,0.36334375,0.4556835937499999,0.18097265624999997
44800,1.8000808593749993,0.36430078125,0.4536484375000001,0.18205078125000007
44900,1.8006679687499987,0.36426171874999985,0.45471875000000017,0.18101953124999995
45000,1.8009101562499998,0.36490625000000004,0.45446874999999987,0.18062499999999992
45100,1.8034929687500005,0.3658359374999999,0.4517812499999998,0.18238281249999996
45200,1.8052421874999995,0.36636328124999995,0.45065234374999996,0.18298437499999995
45300,1.8049785156249993,0.36629296875000017,0.4500585937499997,0.1836484375
45400,1.8062781249999997,0.36704296875000003,0.4485273437500001,0.1844296875
45500,1.8086101562499997,0.3677812499999999,0.4476953125000001,0.1845234375
45600,1.8074785156250004,0.3682421875,0.4498867187500001,0.18187109375
45700,1.806585546875,0.3681718749999998,0.4505117187499996,0.18131640625
45800,1.8091343750000006,0.3687929687500001,0.4476171874999999,0.18358984374999998
45900,1.80948828125,0.36882812499999984,0.4482656250000001,0.18290625000000008
46000,1.809502734375,0.36919531250000004,0.44968359374999994,0.18112109374999993
46100,1.8094769531250008,0.3699609375,0.4506406250000001,0.1793984375
46200,1.8091593749999992,0.36992187499999996,0.4490781250000002,0.18100000000000008
46300,1.8089414062499998,0.3695468750000001,0.4490976562500002,0.18135546874999994
46400,1.8083960937499999,0.36925390624999993,0.4496250000000002,0.1811210937500001
46500,1.8083148437499996,0.37026171875,0.44993359375,0.17980468750000003
46600,1.8098121093750008,0.37030078125,0.44845312499999984,0.18124609374999995
46700,1.8104976562500004,0.3705703125,0.44895703125,0.18047265625
46800,1.8117503906250003,0.37094921875000003,0.44780078125,0.18124999999999997
46900,1.8128,0.37101562499999996,0.4460976562500001,0.1828867187500001
47000,1.814176562499999,0.37154296875000015,0.4461562500000001,0.18230078125000002
47100,1.814066015625,0.37147265625,0.4462460937500002,0.18228125000000006
47200,1.8129175781249993,0.37118749999999995,0.44825390625,0.18055859375000005
47300,1.8109324218750003,0.37096484375000005,0.45056640625,0.17846875000000006
47400,1.8081593749999996,0.3700546874999998,0.45270312500000026,0.17724218750000004
47500,1.8080585937499996,0.36973828125,0.4535312500000001,0.17673046875
47600,1.8038058593749993,0.3674570312500002,0.45482421874999995,0.17771874999999995
47700,1.8001375000000008,0.36549218749999984,0.4560976562500002,0.17841015625000006
47800,1.8007375000000003,0.36596484375,0.45649609375000016,0.17753906249999993
47900,1.8027085937500003,0.3665234375000001,0.45394140625,0.17953515625000005
48000,1.804675390624999,0.3678281250000001,0.45263671875,0.1795351562500001
48100,1.8056160156250005,0.36796484374999994,0.4518789062499999,0.18015624999999996
48200,1.8073519531249997,0.3685429687500001,0.45121875000000006,0.18023828125
48300,1.8081851562500002,0.3684531250000002,0.44953125,0.18201562499999993
48400,1.8090554687499998,0.3689101562499997,0.4484335937500001,0.18265625000000002
48500,1.8117558593750003,0.3691210937499999,0.44587500000000024,0.1850039062499999
48600,1.8146613281250012,0.3701171874999998,0.4416679687500001,0.18821484374999997
48700,1.8187972656250002,0.37237109374999994,0.44019531250000016,0.18743359375
48800,1.8209601562500004,0.37419921875,0.4399804687500003,0.18582031249999997
48900,1.8220671875000005,0.37491015625,0.43983593749999983,0.18525390625000004
49000,1.8228753906250004,0.3758320312499999,0.44057812499999993,0.18358984375000004
49100,1.8216972656250006,0.37499999999999983,0.44243359375000024,0.18256640625000004
49200,1.8209375000000008,0.3748789062500001,0.44387109374999983,0.18125000000000002
49300,1.8197308593749997,0.3749921874999997,0.4452734375000001,0.179734375
49400,1.8164687499999992,0.37333203125000036,0.4479414062499998,0.17872656249999988
49500,1.8153781250000005,0.37216015625000004,0.44782812500000024,0.18001171874999997
49600,1.8151312499999994,0.37214843750000004,0.4474335937499999,0.18041796874999985
49700,1.8135050781250002,0.37191406250000003,0.4494023437500005,0.1786835937499999
49800,1.8111308593750008,0.3704414062499998,0.45066015624999983,0.1788984375
49900,1.8100093749999995,0.36977343750000014,0.45107031249999996,0.17915625000000002
50000,1.8100363281250007,0.3696796874999999,0.45073046875000017,0.17958984375
50100,1.811788671875,0.36994140625000005,0.4477304687500002,0.18232812500000004
