step,mean_aspect_ratio,fraction_elongated,fraction_round,fraction_binary
100,1.0,0.0,1.0,0.0
200,1.0368062499999997,0.0019648437500000013,0.89276171875,0.10527343749999993
300,1.028373046875,0.002558593750000002,0.9139140625000003,0.08352734375
400,1.0249218749999998,0.002527343750000002,0.9206406250000001,0.07683203124999999
500,1.0227804687499997,0.0024765625000000013,0.9255117187499999,0.07201171875000001
600,1.0215527343749997,0.0025117187500000014,0.9286757812499996,0.06881250000000003
700,1.0209191406249996,0.002597656250000001,0.9305429687500001,0.06685937500000001
800,1.0204683593750001,0.002542968750000001,0.9315273437499997,0.06592968749999999
900,1.01973984375,0.0024843750000000013,0.9330546875000002,0.06446093750000001
1000,1.0196214843749998,0.0025742187500000014,0.9334335937500002,0.06399218749999999
1100,1.0195792968749997,0.002738281250000001,0.9342226562499996,0.0630390625
1200,1.0199914062499997,0.002628906250000001,0.9331406250000001,0.06423046875000002
1300,1.019944140625,0.002714843750000001,0.9336796874999996,0.06360546874999998
1400,1.0200679687499994,0.0027851562500000007,0.9345156250000002,0.06269921875000004
1500,1.0206679687500002,0.002941406250000001,0.9329023437499997,0.06415625000000003
1600,1.0206925781249996,0.0030117187500000005,0.9331875000000002,0.06380078125000001
1700,1.0206878906249996,0.003050781250000001,0.9335703125,0.06337890624999999
1800,1.0211007812499997,0.0032539062500000007,0.933015625,0.06373046874999999
1900,1.0213855468749997,0.0034375000000000013,0.9340468749999999,0.06251562500000002
2000,1.0220062500000002,0.003597656250000001,0.93312890625,0.06327343750000002
2100,1.0225386718749998,0.0038281250000000012,0.9331562499999997,0.063015625
2200,1.0229207031250005,0.004070312499999998,0.93262890625,0.06330078124999998
2300,1.023484375,0.004378906249999999,0.9328828124999999,0.06273828124999999
2400,1.024059765625,0.004605468749999998,0.9321171874999996,0.06327734375000002
2500,1.0250917968749997,0.005027343749999997,0.9322421875000003,0.06273046875
2600,1.0258300781249996,0.005199218749999999,0.9310546874999999,0.06374609375
2700,1.0266445312499999,0.005507812499999994,0.931078125,0.06341406249999998
2800,1.0273953125,0.0058281249999999965,0.9307929687500001,0.06337890625
2900,1.0277492187499995,0.006148437499999995,0.9307929687500001,0.06305859375000003
3000,1.028623828125,0.006386718749999995,0.9301679687500005,0.06344531250000002
3100,1.0286792968749998,0.006566406249999997,0.9302070312499997,0.06322656250000003
3200,1.0294941406249998,0.006972656249999996,0.9297695312500001,0.0632578125
3300,1.0304640624999997,0.007281249999999998,0.9289453125000001,0.06377343750000003
3400,1.0312437500000002,0.007562499999999998,0.9288515624999998,0.06358593750000001
3500,1.0320742187499996,0.007949218749999997,0.9279296874999999,0.06412109375000002
3600,1.0330347656249996,0.008343749999999995,0.92755859375,0.06409765625000001
3700,1.0338382812499998,0.008742187499999995,0.9276679687499998,0.06358984375
3800,1.0346242187499999,0.009257812499999995,0.92753515625,0.06320703125000002
3900,1.0358179687499998,0.009582031249999992,0.9263320312499995,0.06408593750000001
4000,1.036655859375,0.009824218749999992,0.9255312500000001,0.06464453125000001
4100,1.0368730468750005,0.010085937499999998,0.92588671875,0.06402734375000002
4200,1.0372492187499998,0.010238281249999995,0.9254335937499998,0.06432812500000001
4300,1.0376492187499995,0.010523437499999996,0.9249687499999999,0.06450781249999998
4400,1.0386566406249995,0.010785156249999995,0.9250507812500001,0.06416406250000001
4500,1.0391917968749997,0.011277343749999993,0.9243984375000001,0.06432421875000001
4600,1.040326953125,0.011749999999999993,0.9234882812499998,0.06476171875000003
4700,1.04135234375,0.012164062499999994,0.9231679687499998,0.06466796874999999
4800,1.0425058593749994,0.012855468749999996,0.9221210937500001,0.06502343750000002
4900,1.04342421875,0.013160156249999997,0.9219921874999993,0.06484765624999995
5000,1.0444671875000002,0.013550781249999993,0.9219648437499997,0.064484375
5100,1.0458253906250006,0.01394921874999999,0.9209726562499997,0.06507812499999999
5200,1.0471941406250005,0.014562499999999992,0.9201171874999998,0.06532031250000002
5300,1.0487714843749998,0.015148437499999995,0.9185937499999995,0.0662578125
5400,1.0502531250000002,0.015871093749999995,0.9176328125000002,0.06649609375000003
5500,1.05146953125,0.01644531249999999,0.9174843749999999,0.06607031249999998
5600,1.0530347656249999,0.017097656249999996,0.9166093749999997,0.06629296875
5700,1.0546917968749998,0.017886718749999992,0.915296875,0.06681640625000002
5800,1.0565257812500004,0.018601562500000002,0.9135781249999994,0.06782031250000001
5900,1.0575289062500002,0.01922656249999999,0.9136562500000001,0.06711718750000001
6000,1.0585203124999996,0.01971875,0.9134531249999998,0.066828125
6100,1.0591589843750004,0.01984375,0.9125078124999996,0.06764843749999999
6200,1.0601179687499998,0.020234375000000006,0.9122421875000002,0.06752343750000003
6300,1.0611449218749995,0.02069921875000001,0.9111367187500004,0.06816406250000004
6400,1.0623066406249997,0.020914062500000004,0.91005859375,0.06902734375000004
6500,1.063522265625,0.021453124999999997,0.9091328124999998,0.06941406250000003
6600,1.064362890625,0.02164453125,0.9082578125000005,0.07009765625000003
6700,1.0646984375000001,0.021859375000000004,0.90792578125,0.07021484374999999
6800,1.0648230468749995,0.02214453125000001,0.90887890625,0.06897656250000005
6900,1.0656796874999999,0.02280859375,0.9085273437499995,0.06866406250000004
7000,1.0667203125000002,0.02341796875,0.9081914062499999,0.06839062500000004
7100,1.06890078125,0.0244140625,0.9067578125000002,0.06882812500000003
7200,1.0699855468750001,0.024777343750000003,0.9062070312499998,0.06901562500000002
7300,1.0712070312499997,0.025355468750000013,0.9052499999999994,0.06939453124999999
7400,1.0726945312499996,0.025843750000000013,0.9040507812499999,0.07010546875
7500,1.0738339843749998,0.026578125000000008,0.9041835937499999,0.06923828124999998
7600,1.0748265625000002,0.026945312500000006,0.9031250000000001,0.0699296875
7700,1.0758226562499997,0.027511718750000018,0.9022265625,0.07026171875000002
7800,1.0770335937499997,0.027613281250000007,0.9019062500000001,0.07048046875000002
7900,1.0782699218750003,0.02837890625,0.9008359374999997,0.07078515625000002
8000,1.0794363281250003,0.028816406250000016,0.9003476562500001,0.0708359375
8100,1.0802480468749995,0.029105468750000005,0.8997890625000003,0.07110546875000001
8200,1.0809621093749993,0.029429687500000006,0.8994296875,0.07114062500000001
8300,1.082437890625,0.029976562500000015,0.8982890625,0.07173437499999998
8400,1.0840257812499994,0.030628906250000004,0.8968828124999995,0.07248828125000005
8500,1.0854460937499997,0.03166796875,0.8969648437500002,0.07136718750000001
8600,1.0864937499999998,0.03203125,0.8964101562499994,0.07155859374999998
8700,1.0874960937499998,0.032281250000000004,0.8951289062499997,0.07258984375000002
8800,1.087859765625,0.03261328125,0.8959453124999999,0.07144140625000002
8900,1.0882464843750002,0.03273828125,0.89498046875,0.07228125000000003
9000,1.0884542968749997,0.032785156249999996,0.8956523437500002,0.07156249999999999
9100,1.088812890625,0.03289062500000001,0.8946562499999999,0.07245312500000005
9200,1.0897546875000006,0.0335625,0.8950234374999995,0.07141406250000003
9300,1.090105078125,0.033664062499999994,0.8946523437499999,0.07168359375000005
9400,1.0907976562499995,0.03394531249999999,0.8928476562499997,0.07320703124999998
9500,1.0918304687500002,0.03408203125,0.8936367187500005,0.07228125000000005
9600,1.09228203125,0.034171875000000004,0.8929843749999997,0.07284375000000001
9700,1.093373046875,0.034699218750000003,0.8921250000000001,0.07317578125000004
9800,1.0949144531250006,0.03533984375,0.8899023437499995,0.07475781249999998
9900,1.0956183593750006,0.035558593750000006,0.8898984375,0.07454296875000001
10000,1.0960039062500007,0.03593359375,0.8901328124999999,0.07393359375000004
10100,1.0965472656250004,0.035933593750000006,0.8898359374999998,0.07423046875000003
10200,1.0974214843749999,0.036277343749999996,0.8896132812499997,0.074109375
10300,1.0981566406250003,0.0368203125,0.8895703124999998,0.07360937499999999
10400,1.0984433593749996,0.036988281250000005,0.8896874999999997,0.07332421875
10500,1.0991062500000006,0.037199218749999985,0.8888164062500005,0.073984375
10600,1.0997640625000005,0.037437500000000005,0.8885585937499993,0.07400390625000001
10700,1.0999691406249996,0.03746875,0.8882031250000002,0.07432812500000002
10800,1.1000875,0.03755859374999999,0.8881445312499997,0.07429687500000001
10900,1.099775,0.03711718750000001,0.88820703125,0.07467578125000003
11000,1.098373437500001,0.0365234375,0.8895937500000003,0.0738828125
11100,1.0978914062499998,0.03628125,0.8890898437499998,0.07462890625
11200,1.0968769531250004,0.036015625,0.8905351562500001,0.07344921874999999
11300,1.0960707031249999,0.035476562499999996,0.8906718749999997,0.07385156250000005
11400,1.09547109375,0.0352421875,0.89171484375,0.07304296875000003
11500,1.0951742187499995,0.035078124999999995,0.8917734375,0.07314843750000001
11600,1.095384375,0.03514453125,0.8915859374999997,0.07326953124999996
11700,1.0956574218749995,0.03538671874999999,0.8916679687499997,0.07294531250000004
11800,1.0959960937499997,0.03552734374999999,0.8908085937500001,0.07366406249999999
11900,1.0966441406249996,0.03555859374999999,0.8909609375,0.07348046875000001
12000,1.096351953125,0.03565234375000001,0.8901601562500001,0.07418750000000003
12100,1.0963265624999996,0.03583203125000002,0.8909179687499998,0.07325000000000001
12200,1.0969785156249998,0.03624609375,0.89100390625,0.07275000000000001
12300,1.0972937500000002,0.03616406249999999,0.89087109375,0.07296484375000006
12400,1.096706640625,0.0362265625,0.8917773437499996,0.07199609375000002
12500,1.0967617187499996,0.0365234375,0.8919492187500005,0.07152734374999994
12600,1.095718359375,0.03610546875000001,0.8928867187499999,0.07100781249999999
12700,1.0961828125000002,0.035875000000000004,0.8920390625000003,0.07208593750000002
12800,1.0945914062499997,0.035425781249999996,0.8931875000000001,0.07138671874999997
12900,1.0941531250000003,0.0351015625,0.8940078124999999,0.07089062499999997
13000,1.094173046875,0.035359375,0.8936992187499997,0.07094140625000006
13100,1.0953710937499996,0.03598437499999999,0.8932617187500002,0.07075390624999998
13200,1.0967046874999997,0.0364375,0.8921484374999998,0.07141406250000001
13300,1.09710859375,0.03684765625,0.89226171875,0.07089062500000001
13400,1.0986171875000006,0.03696484375,0.8903085937499999,0.07272656250000002
13500,1.100181640625,0.03740234374999999,0.8890976562499997,0.07350000000000008
13600,1.1014101562499996,0.03775,0.8878593749999998,0.07439062499999996
13700,1.1025046874999995,0.038199218750000014,0.8875312500000002,0.07426953125000002
13800,1.10327578125,0.03861718750000002,0.8863671874999994,0.075015625
13900,1.10390234375,0.03914453124999998,0.8866367187499995,0.07421875
14000,1.10451875,0.039335937499999994,0.8860625000000001,0.07460156250000008
14100,1.105903906249999,0.039816406250000005,0.8853124999999997,0.07487109374999999
14200,1.1068390625,0.04041796874999999,0.8850351562500001,0.074546875
14300,1.1083292968749996,0.04091406250000001,0.8842265625000003,0.074859375
14400,1.1088785156250005,0.04133203124999999,0.8832968749999998,0.07537109374999999
14500,1.1096007812499997,0.04188281249999998,0.88280859375,0.07530859375
14600,1.1098757812499995,0.042082031250000006,0.8830976562499999,0.07482031249999999
14700,1.1103976562499998,0.042109375,0.8829804687499997,0.07491015624999998
14800,1.1110039062500006,0.04257421875,0.882671875,0.07475390625000003
14900,1.1117433593750006,0.04273046875,0.881375,0.07589453125
15000,1.1127359375000003,0.04326953125000002,0.88146875,0.07526171875000004
15100,1.1139347656250005,0.043761718750000005,0.8805937499999998,0.07564453125
15200,1.1157867187500004,0.04441406249999998,0.87965625,0.07592968750000002
15300,1.1169187499999997,0.04515234375000001,0.8787890625,0.07605859375000003
15400,1.1186890625000003,0.04551171875,0.8771953125000003,0.07729296875000001
15500,1.119775,0.04637109374999998,0.8768906250000004,0.07673828125000008
15600,1.1198339843749996,0.046410156249999966,0.8774765625000001,0.07611328125000001
15700,1.1203007812500005,0.046675781249999986,0.8766367187499998,0.07668749999999996
15800,1.119751953125,0.04611328124999999,0.8774335937499999,0.07645312499999997
15900,1.1191378906250007,0.046027343749999984,0.8768515625000001,0.07712109375000001
16000,1.1194156249999994,0.046316406250000004,0.8773515625000001,0.07633203125
16100,1.1204523437500002,0.0471875,0.8771171874999999,0.07569531250000001
16200,1.1214093749999994,0.04741015625,0.8764648437499999,0.07612499999999998
16300,1.123549609375,0.04789843749999998,0.8741132812500001,0.07798828124999999
16400,1.124151171875,0.048199218749999995,0.8736640625000001,0.07813671874999999
16500,1.12613125,0.04908593750000001,0.8732851562499996,0.07762890625000005
16600,1.127326171875,0.04955859375,0.8719921874999992,0.07844921875000001
16700,1.1282316406249997,0.050226562499999974,0.8714414062499998,0.07833203125000002
16800,1.1290457031249999,0.05053515625,0.8709335937499996,0.07853125000000002
16900,1.12927578125,0.05062109374999999,0.8714453124999996,0.07793359374999999
17000,1.1295605468750003,0.050515624999999995,0.8708632812499998,0.07862109375
17100,1.1299203125,0.05099609374999999,0.8713281250000001,0.07767578125
17200,1.1292902343750002,0.0505,0.871046875,0.078453125
17300,1.1301953125000004,0.05058984374999999,0.870078125,0.07933203125000003
17400,1.130891015625,0.050738281249999996,0.8702304687499999,0.07903124999999998
17500,1.1311867187500007,0.05078515625,0.8695468749999999,0.07966796875000001
17600,1.1321117187500005,0.05103906249999999,0.8692499999999999,0.07971093750000002
17700,1.132716015625,0.05154296874999998,0.8687070312499995,0.07975000000000002
17800,1.1334574218749998,0.052105468749999995,0.8689414062499997,0.078953125
17900,1.1335171875000007,0.05245703124999999,0.868609375,0.07893359375000003
18000,1.1340691406250003,0.05249609374999998,0.8683554687499998,0.07914843750000002
18100,1.1356128906250005,0.05326953124999998,0.86686328125,0.07986718750000002
18200,1.1372589843749998,0.054125,0.8663203125000001,0.07955468749999998
18300,1.1390050781250005,0.05462890625,0.8642929687500002,0.081078125
18400,1.1393585937500006,0.05501171875000001,0.8648906249999999,0.08009765625000002
18500,1.1408492187500008,0.05553906250000001,0.8634335937500002,0.08102734375000002
18600,1.1413296875000003,0.05574609374999996,0.8638671875000002,0.08038671875000004
18700,1.1425667968750002,0.056218750000000005,0.8630781249999998,0.08070312499999999
18800,1.1430039062499997,0.05661328124999999,0.8629257812499999,0.0804609375
18900,1.1430453125000002,0.05685156249999999,0.8633320312499996,0.07981640625
19000,1.142678125,0.056749999999999995,0.8638203125,0.07942968750000001
19100,1.1417398437500004,0.05644140624999999,0.8643789062499999,0.07917968750000004
19200,1.141923046875,0.056515624999999986,0.8643593749999999,0.07912500000000001
19300,1.1421269531249996,0.05655078124999999,0.864109375,0.07933984374999997
19400,1.1418218750000002,0.056160156249999996,0.8639648437499999,0.07987499999999999
19500,1.1409636718749996,0.05585937499999999,0.8651601562499999,0.07898046875
19600,1.1409871093749997,0.05625,0.8653046875,0.07844531250000002
19700,1.1417683593749994,0.05676171874999998,0.8651875000000001,0.07805078124999998
19800,1.14301640625,0.05700390624999999,0.8645312499999996,0.07846484375
19900,1.1432648437500001,0.05676562500000001,0.8641835937499998,0.07905078125000001
20000,1.1436550781249994,0.05707421875,0.8636874999999999,0.07923828125000003
20100,1.1431894531250009,0.05709765624999998,0.8650820312499996,0.07782031250000004
20200,1.1432546875,0.05659765625,0.8642578124999997,0.07914453124999998
20300,1.1438828125,0.05676171874999998,0.8636132812500001,0.07962500000000002
20400,1.143609375,0.056847656249999975,0.8631835937499998,0.07996874999999996
20500,1.1440652343749997,0.057097656249999997,0.8630976562499995,0.07980468749999997
20600,1.1442921875,0.05700390625,0.8622890624999998,0.08070703125
20700,1.1448371093749998,0.056777343749999994,0.8617773437499999,0.08144531250000005
20800,1.1444015625,0.05628125,0.8614257812499999,0.08229296875000001
20900,1.143196875,0.05610546874999999,0.8626953125000001,0.08119921875000001
21000,1.14293359375,0.05565234375000001,0.8627460937500001,0.08160156249999997
21100,1.143457031250001,0.055191406250000005,0.8627382812499995,0.08207031250000002
21200,1.1421808593750005,0.05498828125000002,0.8632500000000001,0.08176171874999998
21300,1.1406304687500002,0.05450781249999997,0.8651679687500002,0.08032421875000002
21400,1.1391800781249999,0.054394531249999975,0.8653984374999999,0.08020703125000005
21500,1.138226171875,0.05355468749999999,0.8661875000000002,0.08025781250000003
21600,1.1374468749999995,0.05342578124999998,0.8674140625,0.07916015625000003
21700,1.1371355468750002,0.05296093749999998,0.86727734375,0.07976171875
21800,1.1372996093749999,0.053066406249999996,0.8662539062499997,0.08067968749999997
21900,1.1362695312499997,0.05255468750000001,0.8673515624999998,0.08009375000000002
22000,1.135463671875,0.052562499999999984,0.8678203125,0.07961718750000005
22100,1.1362039062499998,0.052898437500000006,0.8678828125000003,0.07921874999999999
22200,1.1362789062499998,0.05329296874999999,0.86805859375,0.07864843749999997
22300,1.1364921874999996,0.05355078125,0.8682148437499999,0.07823437500000004
22400,1.1369359374999997,0.05406640624999998,0.8690351562499997,0.0768984375
22500,1.1374785156249998,0.05445312500000001,0.86930078125,0.07624609375000001
22600,1.1384847656250003,0.05475781250000001,0.8686171874999997,0.076625
22700,1.1391843750000006,0.05495312500000002,0.86726953125,0.07777734375
22800,1.1403273437500003,0.0551328125,0.8665781249999998,0.0782890625
22900,1.1400929687500003,0.055195312499999996,0.8664726562499999,0.07833203125000004
23000,1.1403832031249999,0.05539453124999996,0.8672578124999997,0.07734765625000008
23100,1.1410464843749997,0.0556953125,0.8658749999999998,0.07842968750000007
23200,1.1413914062499995,0.055410156249999995,0.864984375,0.07960546874999998
23300,1.1402746093750002,0.0547578125,0.8655664062499997,0.07967578124999997
23400,1.1400414062499995,0.054371093749999995,0.86505078125,0.08057812500000001
23500,1.1395871093749996,0.054054687500000004,0.8660312499999993,0.0799140625
23600,1.1393769531250006,0.054109375000000015,0.8663203125000004,0.07957031250000002
23700,1.1391488281250002,0.05405078125000001,0.8659687499999998,0.07998046875000002
23800,1.140403125,0.05431249999999999,0.8651914062499999,0.08049609375000001
23900,1.1408632812500001,0.05455468750000001,0.8650039062499998,0.08044140625000004
24000,1.1411507812499997,0.05451171875,0.86466796875,0.0808203125
24100,1.1431949218749997,0.0556875,0.8636171875000002,0.08069531250000003
24200,1.143515234375,0.05616796875,0.8639101562500002,0.07992187499999998
24300,1.143119140625,0.05599999999999999,0.8641992187499992,0.07980078124999998
24400,1.1432398437500004,0.05574218750000001,0.8636679687500002,0.08058984375000003
24500,1.1432359374999999,0.055828124999999985,0.8638554687499997,0.08031640624999999
24600,1.14348125,0.05587109374999999,0.8632070312500002,0.08092187500000002
24700,1.1437347656249999,0.0556953125,0.86346875,0.08083593749999997
24800,1.1436109375,0.055863281250000014,0.8635429687499998,0.08059375000000005
24900,1.143694140625,0.05609765625000001,0.8641054687499998,0.07979687499999999
25000,1.1434308593749996,0.056593750000000026,0.8646328125000002,0.07877343750000004
25100,1.143097265625,0.056429687500000006,0.8644179687499999,0.07915234375000002
25200,1.1427101562500002,0.056359375,0.8645156249999998,0.079125
25300,1.1432058593749996,0.05686718750000003,0.8648867187500001,0.07824609375000001
25400,1.1436121093750007,0.05719140624999999,0.8640585937499998,0.07875000000000006
25500,1.1445664062499996,0.057480468750000006,0.8636601562499999,0.07885937500000001
25600,1.1456058593750003,0.058066406250000015,0.8632148437499999,0.07871875
25700,1.1462531249999999,0.058242187500000014,0.86308984375,0.07866796874999998
25800,1.1458648437499999,0.05855859375,0.8642265625,0.07721484375000004
25900,1.1465156250000004,0.05863281249999997,0.8636015625000003,0.077765625
26000,1.1476074218749999,0.05895703125000001,0.8620429687499994,0.07900000000000003
26100,1.1482171874999998,0.05874609375000001,0.8617382812499998,0.07951562500000003
26200,1.1487882812499992,0.05894140625000002,0.8605781250000001,0.08048046875
26300,1.1490730468750008,0.058859375,0.8602265625,0.08091406250000004
26400,1.14986171875,0.059097656250000005,0.8602773437500001,0.08062500000000003
26500,1.1515316406249998,0.059757812499999986,0.8581562499999993,0.08208593749999994
26600,1.1519960937499993,0.0594296875,0.8574726562499997,0.08309765625000007
26700,1.1525414062499995,0.059835937499999985,0.8578476562499999,0.08231640624999996
26800,1.1533453125,0.06033203125,0.8574843750000002,0.08218359374999998
26900,1.1539511718750002,0.060355468750000016,0.8565273437499998,0.08311718750000002
27000,1.1540499999999998,0.060777343750000004,0.8570664062499996,0.08215624999999997
27100,1.1537691406250001,0.06118359375,0.8579375000000001,0.08087890625
27200,1.154403125,0.061531250000000016,0.8571523437500003,0.08131640625000001
27300,1.1549421875000008,0.06162109374999999,0.85765234375,0.08072656250000003
27400,1.1543636718749997,0.06194140624999999,0.8596210937500001,0.07843750000000001
27500,1.1549363281250002,0.0619609375,0.8581015624999999,0.07993749999999994
27600,1.15456328125,0.061820312499999995,0.8590703125,0.07910937500000005
27700,1.1537742187499995,0.06171093749999999,0.8599335937499994,0.07835546874999999
27800,1.1531179687500004,0.06166796875,0.8597148437499995,0.07861718749999996
27900,1.1534269531250003,0.06160156250000001,0.8595273437499996,0.07887109374999998
28000,1.1540664062500001,0.06187109375000002,0.8586523437499999,0.07947656249999999
28100,1.1544378906249997,0.06200781249999998,0.8583554687500003,0.07963671874999999
28200,1.1545574218749999,0.06213281250000001,0.8575624999999997,0.08030468749999997
28300,1.1546441406250005,0.061421874999999994,0.8571601562500003,0.08141796875000001
28400,1.154276953125,0.061175781249999985,0.8581835937499999,0.080640625
28500,1.1552363281249995,0.061828124999999984,0.8570273437500001,0.08114453124999997
28600,1.1563718750000003,0.06248828124999999,0.8557226562500001,0.08178906249999995
28700,1.1550500000000001,0.061464843749999956,0.8562929687499999,0.08224218750000004
28800,1.1549031250000004,0.06159374999999998,0.8568281250000005,0.08157812499999997
28900,1.1557132812499997,0.061800781249999985,0.8570078124999997,0.08119140625
29000,1.1563605468750002,0.06209765624999999,0.8559999999999999,0.08190234374999997
29100,1.1582949218749998,0.06271484375,0.8541796875000003,0.08310546874999997
29200,1.1590359375000003,0.06280468749999998,0.8536132812500004,0.08358203125000002
29300,1.1606160156249998,0.06312890624999999,0.8525585937500003,0.08431250000000004
29400,1.1612472656250001,0.06325781250000002,0.8524335937499998,0.08430859375000001
29500,1.1607980468749999,0.0630625,0.8533789062499999,0.08355859375000001
29600,1.1598496093749997,0.06282421875000002,0.85329296875,0.08388281249999997
29700,1.1592425781249998,0.06253125000000001,0.8539023437499996,0.08356640625
29800,1.1582203125000001,0.0620390625,0.8548554687499997,0.08310546874999998
29900,1.1580882812500002,0.06221093749999999,0.8549648437500003,0.08282421875000001
30000,1.1586292968749996,0.0627109375,0.8548867187500001,0.08240234374999998
30100,1.1574652343750003,0.06268359374999997,0.8563164062499996,0.08100000000000002
30200,1.1584144531249998,0.06302734374999999,0.8553671875,0.08160546874999998
30300,1.1590105468749998,0.06329687499999999,0.8549999999999999,0.08170312500000004
30400,1.1590523437499998,0.06325781250000001,0.8551757812499995,0.08156640624999999
30500,1.1590542968750002,0.06321484375000001,0.85534765625,0.08143750000000004
30600,1.1596707031250004,0.06342968750000001,0.8547226562500001,0.08184765625000001
30700,1.1599410156249996,0.0637734375,0.854875,0.08135156249999997
30800,1.1612828124999997,0.0642265625,0.8543085937499997,0.08146484374999996
30900,1.1626414062500001,0.06465234375000001,0.8525156249999996,0.08283203125000001
31000,1.1628945312500003,0.06499609375,0.8523007812499998,0.08270312499999996
31100,1.162919140625,0.06512890625,0.8527148437499995,0.08215624999999997
31200,1.1631660156249997,0.06508593750000002,0.8511914062499998,0.08372265625
31300,1.1640351562500006,0.06545312500000001,0.8505156250000001,0.08403125
31400,1.164898828125,0.06547656249999999,0.8493710937500001,0.08515234375000003
31500,1.1664558593750003,0.0661171875,0.8483046875000003,0.08557812500000003
31600,1.1686042968749997,0.06687109374999997,0.8473671875,0.08576171874999998
31700,1.1693632812500008,0.06733984374999999,0.8471796875000001,0.08548046874999997
31800,1.1697335937500006,0.06805078125,0.8469492187499995,0.08500000000000003
31900,1.1701832031249997,0.06815234374999997,0.8471875000000001,0.08466015625000003
32000,1.170662890625,0.06859375000000001,0.8481992187499997,0.08320703124999997
32100,1.1721355468749997,0.06928125000000003,0.8465937500000001,0.08412499999999998
32200,1.1725007812500003,0.06910546875000001,0.8463125000000001,0.08458203125000004
32300,1.1731847656250007,0.06958984374999998,0.84549609375,0.08491406249999997
32400,1.1744660156250002,0.06991796875000002,0.84471484375,0.08536718750000001
32500,1.1747124999999998,0.07073437499999999,0.8458710937499999,0.08339453125000001
32600,1.1736492187500003,0.07026953125,0.8464101562499999,0.08332031250000005
32700,1.1724585937500007,0.06971484374999998,0.8477070312500001,0.08257812499999997
32800,1.1711871093750001,0.0691015625,0.8482148437500002,0.08268359375000003
32900,1.17085625,0.06910546875000004,0.8487929687499998,0.08210156249999997
33000,1.1710183593749992,0.06931250000000001,0.8481250000000001,0.08256250000000002
33100,1.1715109375,0.06939062499999998,0.8479257812500004,0.08268359375
33200,1.1712882812499996,0.06942578125000001,0.8485742187500004,0.08200000000000002
33300,1.1719527343750005,0.0696015625,0.8468359374999997,0.08356250000000003
33400,1.174178125,0.07033203124999998,0.8458203124999997,0.08384765625000001
33500,1.1759691406249997,0.07111718750000003,0.8439218750000002,0.08496093749999999
33600,1.1773140625000007,0.07151953124999996,0.8438437500000002,0.08463671875000005
33700,1.1773613281250002,0.07149609375000003,0.8431054687500001,0.08539843749999998
33800,1.176444140625,0.07085937499999999,0.843625,0.08551562500000003
33900,1.1765417968749996,0.07084765625,0.8438359375,0.08531640625000003
34000,1.1775640625000008,0.07121093750000003,0.8428320312499996,0.08595703125000005
34100,1.1772929687500007,0.07127343750000001,0.8426757812499998,0.08605078124999996
34200,1.176019921875,0.07074218750000004,0.8438554687499995,0.08540234375000001
34300,1.17678125,0.07124609374999999,0.8440820312499993,0.084671875
34400,1.1766089843749996,0.071296875,0.8446953125000001,0.08400781249999999
34500,1.1764632812500002,0.0708828125,0.8436562499999998,0.08546093749999996
34600,1.1757691406250006,0.0706484375,0.8452148437499999,0.08413671875000003
34700,1.1759683593749994,0.0707890625,0.84494140625,0.08426953125000004
34800,1.1761480468750003,0.07091015625,0.8438710937500001,0.08521874999999997
34900,1.1770304687500002,0.07153906250000001,0.8445039062499996,0.08395703125000001
35000,1.1776941406249999,0.07192578125,0.8444531249999998,0.08362109374999999
35100,1.17778046875,0.07163671875000001,0.8432578125000001,0.08510546875
35200,1.1778191406250007,0.07136718750000003,0.8430468749999995,0.0855859375
35300,1.1781707031249997,0.07160156249999998,0.8421718749999998,0.08622656249999998
35400,1.1800187500000003,0.07218750000000002,0.8407695312500001,0.08704296874999996
35500,1.18222578125,0.07255859374999998,0.8380976562500001,0.08934375000000001
35600,1.1827261718750004,0.07292187500000001,0.8378632812499999,0.08921484375000001
35700,1.1841152343750008,0.07319531249999998,0.8371796875,0.08962499999999998
35800,1.183885546875,0.07342578125000002,0.8368789062500004,0.0896953125
35900,1.1828550781249993,0.07297265624999999,0.8377695312500002,0.0892578125
36000,1.1806597656250009,0.07208203125,0.8405937499999998,0.08732421875000004
36100,1.177980859375,0.0710859375,0.8423710937500001,0.08654296875000002
36200,1.1770792968749992,0.0707578125,0.8423125000000001,0.08692968749999998
36300,1.1775070312499998,0.0708046875,0.8422734374999996,0.08692187500000001
36400,1.1785109375,0.07120703125,0.8409765625000003,0.08781640624999999
36500,1.178221484375,0.0708125,0.8412773437499996,0.08791015625000001
36600,1.1781453124999994,0.07085546874999998,0.8411679687500001,0.08797656249999998
36700,1.1780011718749999,0.07049609374999997,0.8405234375000001,0.08898046875000003
36800,1.1774156250000003,0.07027343750000002,0.8407617187499993,0.08896484374999998
36900,1.1768289062500001,0.07016015624999998,0.8416484375000001,0.08819140624999998
37000,1.176946484375,0.07019140625000002,0.8422265624999998,0.08758203124999998
37100,1.176665625,0.07035937499999999,0.8429257812500005,0.08671484374999995
37200,1.1761093749999996,0.06999609374999999,0.8431679687499998,0.08683593750000004
37300,1.175676953125,0.06992968750000002,0.8436210937500003,0.08644921875000006
37400,1.1745015625,0.06950390625000007,0.8441289062499999,0.0863671875
37500,1.1732097656249998,0.06871875000000002,0.8445468750000004,0.08673437499999999
37600,1.1725710937499996,0.06860937500000001,0.8454296875,0.0859609375
37700,1.172087109375,0.06826562500000002,0.8453281250000004,0.08640624999999999
37800,1.1708941406249997,0.06768359375,0.8466953125000002,0.08562109375000003
37900,1.1692796875,0.06677734375000001,0.8479531250000002,0.08526953125000003
38000,1.16823671875,0.06672265625,0.8486250000000004,0.08465234374999996
38100,1.1671085937499994,0.06578515625,0.8491796875,0.08503515624999995
38200,1.1666718750000002,0.06561328124999999,0.8493671874999998,0.08501953124999999
38300,1.1656031249999999,0.06516406250000001,0.850328125,0.0845078125
38400,1.1634652343749998,0.06429296875,0.8514101562500006,0.08429687499999997
38500,1.16213359375,0.06362499999999997,0.8531289062500004,0.08324609374999997
38600,1.1602128906250002,0.06279687499999997,0.8538281249999998,0.08337499999999999
38700,1.158441015625,0.06198437500000001,0.8551835937500001,0.08283203125000001
38800,1.15718671875,0.06102734374999999,0.8554531250000001,0.08351953124999996
38900,1.1558640625000005,0.06060546874999999,0.8556015625000001,0.08379296875000003
39000,1.1548339843749997,0.060382812499999994,0.8573242187500001,0.08229296874999997
39100,1.1532363281249998,0.05977734374999999,0.8587187499999999,0.08150390625000002
39200,1.1527585937499996,0.05976562500000002,0.8592851562499997,0.08094921874999998
39300,1.1530257812500004,0.059964843749999996,0.8582070312500002,0.08182812499999999
39400,1.1526835937499995,0.06011718750000001,0.8594492187499999,0.08043359375000003
39500,1.1539097656250006,0.06027734374999999,0.8584570312500001,0.08126562500000004
39600,1.15437890625,0.060886718749999985,0.8578593749999998,0.08125390625000001
39700,1.1546851562500002,0.06095703125,0.857875,0.08116796874999997
39800,1.1544308593749997,0.06090234374999999,0.8578828124999998,0.08121484375000002
39900,1.15643515625,0.0616171875,0.85679296875,0.08158984375000006
40000,1.157440234375,0.061796874999999994,0.85660546875,0.08159765625000005
40100,1.1574445312500001,0.06226953124999999,0.8559960937499996,0.08173437499999997
40200,1.15736640625,0.06224999999999998,0.8566250000000001,0.081125
40300,1.1580265625000006,0.06225781249999997,0.8560585937500003,0.08168359374999999
40400,1.1597390625,0.06271874999999999,0.85423828125,0.08304296874999995
40500,1.1603878906250007,0.06336328125,0.8542734374999996,0.08236328125000006
40600,1.161112890624999,0.06381640624999997,0.8535312499999996,0.08265234375
40700,1.1626476562500005,0.064390625,0.8523398437499998,0.08326953125000003
40800,1.1636855468749996,0.06436718749999999,0.8513281250000003,0.08430468750000003
40900,1.16383125,0.0646875,0.8511757812499999,0.08413671874999999
41000,1.1652675781249997,0.06514843749999999,0.8498281250000002,0.08502343750000001
41100,1.1681066406249994,0.06622656249999997,0.8471953125,0.086578125
41200,1.17015625,0.06688281249999999,0.8461953124999998,0.08692187499999997
41300,1.17169765625,0.067734375,0.8448867187499998,0.08737890625000004
41400,1.1729941406249997,0.06843750000000001,0.8446484374999998,0.08691406250000001
41500,1.173728515625,0.0689375,0.8439179687499997,0.08714453125000003
41600,1.174654296875,0.06939453125,0.8434335937500002,0.08717187499999995
41700,1.1764457031250004,0.07021093749999999,0.8426328125000001,0.08715625000000002
41800,1.1787199218749997,0.07117578125,0.840765625,0.08805859375000001
41900,1.1806761718749994,0.07222265625000002,0.8389375000000001,0.08883984375000004
42000,1.1824964843749999,0.07313281250000003,0.83790234375,0.08896484374999995
42100,1.185225390625,0.07370312499999998,0.8362304687499998,0.09006640625
42200,1.1869160156249994,0.07469140624999998,0.8344921875000001,0.09081640625000001
42300,1.1873773437499997,0.0752265625,0.835203125,0.0895703125
42400,1.1882453124999999,0.07561718750000002,0.83514453125,0.08923828125000004
42500,1.1879152343750001,0.07601953124999998,0.83633984375,0.087640625
42600,1.1889691406249994,0.07653125,0.8359492187500003,0.08751953125000005
42700,1.18858203125,0.07672265625000003,0.8371249999999998,0.08615234375
42800,1.1897281250000007,0.07688281250000001,0.8364296874999998,0.08668750000000001
42900,1.192257421875,0.07777734375000002,0.8335429687499998,0.08867968750000005
43000,1.1937839843750002,0.07805468749999998,0.8328398437499999,0.08910546874999992
43100,1.1943015625000004,0.07877343749999997,0.8333710937500003,0.08785546875000005
43200,1.1955140624999998,0.079203125,0.83247265625,0.08832421875000002
43300,1.198081249999999,0.08000390624999996,0.8292890624999995,0.09070703124999999
43400,1.1991246093750003,0.080390625,0.8288046875,0.0908046875
43500,1.1993687500000008,0.08024609375,0.8285234374999998,0.09123046875
43600,1.1994570312500006,0.08039062500000003,0.8290312499999997,0.09057812499999994
43700,1.20006796875,0.08072265624999998,0.8287226562500002,0.09055468749999997
43800,1.2007304687500004,0.08123828124999997,0.8273515624999997,0.09141015625
43900,1.200876562499999,0.08145703124999998,0.82738671875,0.09115625000000002
44000,1.2013929687500002,0.08158593749999998,0.82884765625,0.08956640624999998
44100,1.2010328124999996,0.08147265624999998,0.8287929687499997,0.089734375
44200,1.199492578125,0.08070312499999997,0.8293320312500003,0.08996484375000004
44300,1.1989152343750007,0.080328125,0.8299023437499998,0.08976953125000002
44400,1.1971652343749997,0.08025390625,0.8309453125,0.08880078125000004
44500,1.19723125,0.08031640625000003,0.8305312499999999,0.08915234375000003
44600,1.1969894531249996,0.08032031249999999,0.8303203124999995,0.089359375
44700,1.1978484375000003,0.08038671874999999,0.8295078124999995,0.09010546875
44800,1.1994898437499995,0.08089453125000001,0.828703125,0.09040234375000002
44900,1.1999593750000002,0.08096484374999999,0.8282890624999996,0.09074609375000003
45000,1.2003062500000001,0.08105078125,0.8277109375000001,0.09123828124999998
45100,1.2005339843749998,0.08070312499999997,0.8281210937499998,0.09117578125000003
45200,1.200323828125,0.0808515625,0.8280195312499999,0.09112890625000006
45300,1.1996226562500003,0.0804765625,0.8283789062500001,0.09114453125000008
45400,1.1993101562500001,0.080140625,0.8287812500000001,0.09107812500000002
45500,1.1992566406250005,0.08013281250000001,0.8283164062500002,0.09155078125000002
45600,1.1988117187499998,0.07993749999999997,0.8285703124999998,0.09149218750000003
45700,1.1976339843750001,0.07955078124999998,0.82966015625,0.09078906250000003
45800,1.1972984374999998,0.07950781250000001,0.8297499999999999,0.09074218749999999
45900,1.196650390625,0.07934765625,0.8305273437500001,0.09012500000000004
46000,1.1962113281250002,0.07900000000000007,0.830984375,0.09001562499999999
46100,1.195854296875,0.07890625000000001,0.8306484375000004,0.0904453125
46200,1.1965089843749999,0.07868359375000006,0.83053125,0.09078515625
46300,1.1953015625,0.07859375000000002,0.8315546875000004,0.0898515625
46400,1.1945382812500003,0.07815625000000001,0.8317734375000001,0.09007031249999999
46500,1.1927632812500004,0.07724218749999998,0.8326132812499997,0.09014453124999999
46600,1.1924058593750002,0.07756640625000004,0.8338906250000003,0.08854296874999994
46700,1.1919496093750002,0.0773203125,0.8345117187500001,0.08816796874999999
46800,1.1925246093750004,0.07768750000000002,0.8334257812499998,0.08888671875000004
46900,1.1925898437499998,0.0774453125,0.83282421875,0.08973046875000003
47000,1.1924609375000002,0.07792968750000001,0.8337539062500006,0.08831640624999998
47100,1.1927164062500002,0.07758593750000001,0.8335937500000004,0.08882031249999996
47200,1.1939124999999997,0.07832421875,0.8331640625000001,0.08851171875
47300,1.1942468749999997,0.07852734374999998,0.8326796874999999,0.08879296875
47400,1.1955703125000006,0.07903125,0.8320078124999999,0.08896093750000003
47500,1.1955210937500003,0.07917968750000003,0.832609375,0.0882109375
47600,1.194680078125,0.07854687500000002,0.8330429687500002,0.08841015625000004
47700,1.1954933593749995,0.07884374999999998,0.8318593749999997,0.08929687499999998
47800,1.1966027343749996,0.07903906249999999,0.8314921875000001,0.08946875
47900,1.196120703125001,0.07883203124999999,0.8313203125,0.08984765624999994
48000,1.1966453124999998,0.07884765624999998,0.8304101562499997,0.0907421875
48100,1.197537890625,0.07954687499999999,0.8304843750000003,0.08996874999999997
48200,1.1964222656249994,0.07889453125000004,0.8311445312499999,0.08996093749999999
48300,1.1956839843750007,0.07853515625000003,0.8315546874999998,0.08991015625000004
48400,1.1949363281249998,0.07838671875,0.8320937500000005,0.08951953125
48500,1.1953632812500008,0.07869921875000001,0.8319296875000001,0.08937109375000002
48600,1.1968886718750005,0.07928125000000001,0.8303749999999999,0.09034375
48700,1.19830234375,0.07944531249999998,0.8283437499999998,0.09221093749999999
48800,1.1985003906250002,0.07964453125000003,0.82898828125,0.09136718750000003
48900,1.1987585937499994,0.07928906250000003,0.82928125,0.0914296875
49000,1.1999156249999996,0.07966796875,0.8290507812500004,0.09128125000000005
49100,1.200810546875,0.0801015625,0.8273476562500001,0.09255078124999998
49200,1.20173828125,0.08041796875000003,0.8269960937499998,0.09258593749999999
49300,1.2019890624999992,0.08069531250000003,0.8256601562499999,0.09364453124999994
49400,1.2016972656250002,0.08069531249999999,0.8262890624999998,0.09301562500000002
49500,1.201816796875,0.08081640625,0.8267031249999999,0.09248046874999998
49600,1.20102109375,0.08102343749999998,0.8276640624999997,0.09131249999999999
49700,1.2005664062499997,0.08116015625000005,0.8280000000000002,0.09083984375
49800,1.199190234375,0.08091015625,0.8294843749999999,0.08960546875000001
49900,1.1983640625,0.08054296875000001,0.8308515625000001,0.08860546874999999
50000,1.1976644531249994,0.08025390625000005,0.8304765624999997,0.08926953125
50100,1.1981183593749996,0.08028906249999998,0.8302109374999999,0.08949999999999998
50200,1.1989457031250006,0.08036328125,0.8299609375000002,0.08967578125
50300,1.198588671875,0.08001171874999999,0.8294414062500001,0.09054687500000003
50400,1.197837890625,0.08015625000000004,0.83060546875,0.08923828125000004
50500,1.1986664062499996,0.08060156250000004,0.8302578124999996,0.08914062500000003
50600,1.1996523437500002,0.08064453125000001,0.8289960937500002,0.09035937500000002
50700,1.2003308593749997,0.08104296874999999,0.8294374999999997,0.08951953124999996
