step,mean_aspect_ratio,fraction_elongated,fraction_round,fraction_binary
100,1.0,0.0,1.0,0.0
200,1.09868671875,0.006093749999999992,0.7351445312499999,0.25876171875
300,1.0969875,0.010703124999999992,0.7487148437500002,0.2405820312499999
400,1.1007308593749998,0.014078124999999992,0.7488710937499999,0.23705078125000006
500,1.1070207031250003,0.017277343749999997,0.7440468749999998,0.2386757812499999
600,1.112572265625,0.020839843749999993,0.7441953125000002,0.23496484375
700,1.1198839843750001,0.024503906249999995,0.7443984375000003,0.2310976562500001
800,1.129671875,0.029039062500000008,0.7416914062500001,0.22926953125000002
900,1.1387480468749995,0.03394531249999998,0.7459140625,0.220140625
1000,1.1481992187499992,0.03906640625000002,0.7489140625000001,0.21201953124999998
1100,1.1587792968750006,0.04504687499999998,0.7508789062500003,0.20407421874999998
1200,1.1699730468750007,0.05027343750000004,0.751625,0.1981015625
1300,1.1818937500000004,0.05591406250000002,0.7506757812500005,0.19341015624999996
1400,1.193438671875,0.06204296875000001,0.7512539062500003,0.18670312499999994
1500,1.2053039062499995,0.06832812500000003,0.7501953125,0.1814765625
1600,1.2190902343749994,0.0751953125,0.7469062500000001,0.17789843750000003
1700,1.2308914062499996,0.08176953124999999,0.7470664062500004,0.1711640625
1800,1.2452984375,0.08890234374999996,0.74415625,0.16694140625000004
1900,1.2593375000000002,0.09552343750000002,0.74045703125,0.16401953125
2000,1.270817578125,0.10180078124999997,0.7379101562500002,0.16028906250000005
2100,1.2829675781249998,0.10840625000000002,0.7353281250000003,0.15626562499999996
2200,1.2960093750000004,0.11478515625000002,0.7300781249999999,0.1551367187499999
2300,1.309185937499999,0.12064453125,0.7234999999999999,0.15585546875000006
2400,1.322371484374999,0.12699218750000002,0.7175000000000001,0.1555078125000001
2500,1.3360203125000005,0.13350390624999997,0.7113710937499996,0.15512499999999996
2600,1.3496921875000005,0.14,0.7039218749999999,0.156078125
2700,1.3612179687500003,0.14573828125000002,0.6979921874999998,0.15626953124999993
2800,1.3699734375,0.15074218750000004,0.6965039062499998,0.15275390624999996
2900,1.379765234375,0.15539843749999988,0.6907968749999998,0.15380468749999993
3000,1.3889660156249999,0.16057031249999998,0.6889921875000001,0.15043749999999997
3100,1.3992328124999993,0.16533593750000003,0.6832812500000004,0.1513828125000001
3200,1.4068429687499993,0.16943359375000003,0.6801601562500004,0.15040625000000002
3300,1.41767421875,0.17435937500000007,0.6720195312500001,0.15362109375000002
3400,1.4289308593749994,0.17855078125,0.6657656249999999,0.15568359374999996
3500,1.4383343749999993,0.18349999999999983,0.66071875,0.15578125000000004
3600,1.4444484375000004,0.18696874999999993,0.65859765625,0.15443359375000001
3700,1.4516101562500006,0.19033203125000003,0.6538632812499999,0.15580468749999998
3800,1.4577460937499997,0.1938515625,0.65095703125,0.15519140625000005
3900,1.4649808593750009,0.19717187500000002,0.6470585937499997,0.15576953124999998
4000,1.4721007812500002,0.2014101562500001,0.6432617187500002,0.15532812500000004
4100,1.478418359375,0.20430859375000004,0.6395273437500001,0.15616406249999998
4200,1.4864054687500003,0.20750781249999997,0.63278125,0.15971093749999998
4300,1.4951132812499999,0.21087109374999996,0.6275703125000001,0.16155859374999998
4400,1.5040855468749996,0.21448437500000014,0.6205156249999998,0.16499999999999992
4500,1.5106175781250004,0.21694140625000005,0.6160859375,0.16697265624999996
4600,1.5176824218749996,0.21944921874999998,0.6112656250000003,0.16928515625000007
4700,1.5250421875000002,0.2226992187499999,0.6065859375,0.17071484374999996
4800,1.5307191406249994,0.22512890624999995,0.60465234375,0.17021875000000003
4900,1.5348339843750003,0.22717968750000003,0.6033203124999998,0.1695
5000,1.5386675781249999,0.22992578124999996,0.6028710937499999,0.16720312499999998
5100,1.5416738281250009,0.23166796874999995,0.60176953125,0.16656249999999995
5200,1.545802734375,0.23424218749999995,0.6002578124999999,0.16550000000000006
5300,1.5493480468749998,0.2366210937499999,0.5987070312500002,0.16467187500000005
5400,1.5549449218749998,0.23910937500000007,0.5952148437500004,0.16567578125000004
5500,1.558418359375,0.24070312499999996,0.593625,0.16567187500000005
5600,1.5627210937500002,0.24291015624999995,0.5916054687500002,0.16548437499999996
5700,1.56491171875,0.24463671874999993,0.5909687500000002,0.16439453125000003
5800,1.5658792968750004,0.24470703125,0.5899023437500004,0.16539062499999993
5900,1.5683867187500002,0.24591015624999996,0.58928515625,0.16480468750000002
6000,1.5699628906249996,0.24680078125,0.5880546874999997,0.16514453125000006
6100,1.5729746093750008,0.24835937499999988,0.5860820312499995,0.16555859375000004
6200,1.5753968749999991,0.2492578125,0.5840820312499997,0.16666015625000002
6300,1.5786355468749993,0.2511210937499999,0.5822343749999999,0.16664453125
6400,1.5827074218749997,0.25280859375,0.57990625,0.16728515624999996
6500,1.5850203124999998,0.25440625000000006,0.5790703124999996,0.16652343749999998
6600,1.5848039062500001,0.25439453125000006,0.57941015625,0.16619531249999994
6700,1.5873250000000003,0.2549257812500001,0.5775742187499999,0.16749999999999995
6800,1.5870980468749993,0.25512109374999997,0.57698046875,0.16789843750000008
6900,1.588391796875,0.25620312500000003,0.5770859374999999,0.16671093750000013
7000,1.5909410156250006,0.25675390624999994,0.57626953125,0.16697656249999995
7100,1.591923828125,0.25732421874999994,0.5754453125000002,0.16723046874999997
7200,1.591643359375,0.25760156250000005,0.5756914062499999,0.16670703124999992
7300,1.594841015625,0.25908203125000007,0.5739765625000001,0.16694140624999998
7400,1.5950249999999995,0.25968749999999996,0.57410546875,0.16620703125000003
7500,1.5970007812499998,0.2608515625,0.57219140625,0.16695703125000008
7600,1.5981871093749995,0.262125,0.5711796875000003,0.16669531249999997
7700,1.6008292968750006,0.26236718750000004,0.57016015625,0.16747265625000005
7800,1.6028144531249993,0.2639375,0.5694687499999999,0.16659374999999998
7900,1.60500390625,0.26531640625,0.5688320312499998,0.16585156250000008
8000,1.6076855468749995,0.2664960937499999,0.5663828125,0.16712109375000006
8100,1.6102421875,0.26748046875000014,0.5644375,0.16808203125000007
8200,1.6138753906250003,0.26912890625,0.5616718750000002,0.1691992187499999
8300,1.6176871093749994,0.27021484375000004,0.5596835937499999,0.17010156250000005
8400,1.6202597656249997,0.2710234375,0.5587617187499997,0.17021484375
8500,1.6220999999999994,0.271796875,0.55724609375,0.17095703125000006
8600,1.6224515625000002,0.27250781250000017,0.55760546875,0.16988671875000003
8700,1.6243718750000007,0.27423828125000016,0.5580117187500004,0.1677500000000001
8800,1.6248265624999998,0.2752304687499999,0.5588828125000002,0.16588671875000002
8900,1.6289050781250003,0.2774101562499998,0.5560546874999999,0.16653515624999993
9000,1.6292195312500002,0.2770507812500001,0.5562148437499999,0.16673437499999996
9100,1.6306828124999995,0.2779453125,0.5552695312499997,0.16678515624999998
9200,1.6317937500000004,0.27755859374999997,0.553203125,0.16923828124999996
9300,1.6319839843750006,0.2771406250000001,0.5517617187499999,0.17109765624999998
9400,1.6337859375,0.2786328124999998,0.5517343750000001,0.16963281249999998
9500,1.6363406250000003,0.27968750000000014,0.5505546874999998,0.1697578125
9600,1.6364910156249999,0.28024609374999987,0.55149609375,0.16825781250000005
9700,1.6362714843750006,0.2800156249999999,0.5509453124999999,0.16903906249999992
9800,1.6358511718749995,0.28054296875,0.5536953125,0.16576171874999998
9900,1.6350339843750006,0.2804335937500001,0.5532578125000003,0.16630859374999996
10000,1.6318144531250007,0.27844921874999995,0.5555664062499998,0.16598437499999993
10100,1.629091015625,0.2771250000000002,0.5586054687499998,0.16426953125
10200,1.627137890625,0.2766328125,0.56011328125,0.16325390624999997
10300,1.62543125,0.27569921875,0.5602851562499997,0.16401562500000003
10400,1.6242070312500003,0.2753945312500001,0.5607421875,0.16386328124999996
10500,1.6237343750000002,0.27502734375000004,0.56156640625,0.16340625
10600,1.62409921875,0.275203125,0.5597968750000003,0.16499999999999998
10700,1.6262171875000002,0.27583984374999987,0.5572109375,0.16694921874999993
10800,1.6276875000000004,0.2760898437500001,0.5561992187499999,0.1677109375
10900,1.6298933593750002,0.27661328125,0.5534609375000002,0.16992578125000002
11000,1.632600390625,0.2774257812499999,0.5521445312500002,0.17042968749999995
11100,1.6328621093750002,0.27773046874999996,0.5520781250000001,0.17019140625000012
11200,1.6326769531249996,0.27700390625,0.5515976562500001,0.17139843750000006
11300,1.6315250000000001,0.276359375,0.55290625,0.170734375
11400,1.6305414062500003,0.27623828125000005,0.5531367187500001,0.17062500000000003
11500,1.6289074218750004,0.2753749999999999,0.5549257812500004,0.16969921874999996
11600,1.627294140625,0.2746289062499999,0.5555781250000001,0.16979296875000005
11700,1.6240058593750006,0.27244140624999996,0.5569843750000004,0.17057421875
11800,1.6225910156249996,0.2716953125,0.5575156249999997,0.17078906249999992
11900,1.622516015625,0.2716914062500001,0.55680078125,0.17150781250000002
12000,1.6250261718750005,0.27137109374999996,0.5558164062499998,0.17281249999999995
12100,1.6246640625000002,0.27187109374999996,0.556484375,0.17164453124999995
12200,1.6256355468749994,0.2723632812500001,0.5553320312500002,0.17230468749999986
12300,1.6253503906250004,0.27338281250000007,0.5552578125,0.171359375
12400,1.6240773437499993,0.27283203125,0.5581914062500002,0.1689765625
12500,1.6220289062500004,0.27240234374999994,0.5601718750000001,0.16742578125
12600,1.6211089843750002,0.27147265624999994,0.5596171874999999,0.16891015625000005
12700,1.6209410156249997,0.27080859374999994,0.5596445312500001,0.16954687499999996
12800,1.6228078125000003,0.27125390625,0.5584335937500001,0.17031250000000006
12900,1.6261210937500001,0.27325390624999996,0.5560781250000003,0.17066796874999995
13000,1.6276374999999998,0.27390234374999994,0.5546640624999996,0.17143359375000003
13100,1.6312406249999998,0.27596875000000004,0.5519140624999997,0.1721171874999999
13200,1.6325531250000003,0.27693359375000004,0.5514960937500001,0.17157031249999985
13300,1.6344730468750004,0.2782734375,0.551203125,0.17052343749999999
13400,1.6347082031250002,0.2788281250000001,0.5507031250000001,0.17046875000000006
13500,1.6351800781250003,0.2789101562499999,0.5517070312499995,0.1693828125
13600,1.6347171875,0.27946875000000004,0.5522578124999995,0.1682734375
13700,1.6345210937499997,0.2797929687500002,0.55343359375,0.16677343750000004
13800,1.6341167968749997,0.279359375,0.5544374999999997,0.16620312500000003
13900,1.6346453124999996,0.2792617187499999,0.5528632812500002,0.167875
14000,1.6347296875000008,0.2799726562499999,0.5537851562499998,0.16624218750000005
14100,1.6356078125000004,0.28090234375000006,0.55429296875,0.1648046875
14200,1.6382289062500006,0.28200390625,0.5518359374999998,0.16616015625
14300,1.6394085937499998,0.2825859374999999,0.550359375,0.16705468749999997
14400,1.6403425781250003,0.2830546875,0.5499296875,0.1670156250000001
14500,1.6423371093750003,0.2834375000000001,0.5482109374999998,0.16835156250000002
14600,1.640975,0.2827382812499999,0.549078125,0.16818359374999994
14700,1.6407828124999997,0.2823945312500001,0.5492343750000002,0.16837109374999998
14800,1.6435757812500005,0.28372656249999995,0.54684375,0.1694296875
14900,1.6451320312500002,0.2838554687499999,0.5452460937500001,0.17089843749999997
15000,1.6461000000000003,0.28444531250000005,0.5441250000000002,0.17142968749999998
15100,1.6474542968749992,0.28446484375,0.5425390625000001,0.17299609375
15200,1.649277734375001,0.2849648437499999,0.5405195312499997,0.174515625
15300,1.6539609375000004,0.2872929687500001,0.5387031250000001,0.17400390625
15400,1.655897265625001,0.28808984374999996,0.53790625,0.17400390624999995
15500,1.6567617187500003,0.28842578125000007,0.5376757812500002,0.17389843750000006
15600,1.657112890625001,0.2881992187499999,0.5376601562499999,0.17414062499999988
15700,1.6576066406249998,0.28852734375,0.5363632812499997,0.17510937500000004
15800,1.6583359375000002,0.2885546875000001,0.5374374999999999,0.1740078125
15900,1.6591894531250007,0.28854296874999996,0.5354062499999999,0.1760507812500001
16000,1.657240625,0.28872656249999995,0.5366210937500001,0.17465234375000008
16100,1.65903515625,0.289515625,0.5362890625000003,0.1741953125
16200,1.6597066406250005,0.29014843749999997,0.5340234374999999,0.17582812500000009
16300,1.6582707031249995,0.28991406249999985,0.5366679687499999,0.17341796875
16400,1.6572457031249996,0.2893476562499999,0.5382851562499998,0.17236718750000005
16500,1.6580281250000004,0.2898593749999999,0.5387734375,0.1713671875000001
16600,1.6562921874999998,0.29010156249999997,0.5406914062500001,0.16920703125000006
16700,1.6545679687500014,0.2889414062500001,0.5422929687499999,0.16876562500000009
16800,1.6528730468749988,0.28850390624999994,0.5435859375000001,0.16791015624999994
16900,1.6515332031249996,0.28795703125000005,0.54503125,0.1670117187499999
17000,1.6519988281250002,0.28747265625000007,0.54234375,0.17018359374999992
17100,1.6514027343749995,0.2870468749999999,0.5428125000000001,0.17014062500000007
17200,1.6493710937500001,0.2864609374999999,0.544328125,0.16921093750000005
17300,1.647923828125,0.28570703125000013,0.5450781249999999,0.16921484375000004
17400,1.6490792968749994,0.2856093750000001,0.54417578125,0.17021484375
17500,1.6456457031249996,0.28396875000000005,0.5465234375,0.16950781250000005
17600,1.6441507812499991,0.28246093750000006,0.5452968749999998,0.17224218749999998
17700,1.6433390625,0.28164062500000014,0.5459296874999999,0.1724296875000001
17800,1.6422359375000004,0.28095703125000004,0.54587890625,0.17316406249999997
17900,1.6415148437499996,0.2803476562499999,0.5466679687500002,0.17298437500000005
18000,1.6380269531250007,0.2793046875000001,0.548703125,0.1719921875
18100,1.63564609375,0.27815624999999994,0.54931640625,0.17252734375000003
18200,1.6342988281249988,0.2774492187500001,0.5513085937500003,0.1712421875
18300,1.6343749999999997,0.2783945312499999,0.5514374999999999,0.17016796874999998
18400,1.6358328124999997,0.2788593749999998,0.5502851562500001,0.17085546875000004
18500,1.6382187500000005,0.27969531249999996,0.5483046875,0.1719999999999999
18600,1.6383402343750009,0.27997656249999997,0.5488085937499997,0.17121484374999993
18700,1.635582421875,0.2792617187499998,0.550875,0.16986328124999997
18800,1.633188671875,0.27801171875000014,0.5534921875000002,0.16849609375000002
18900,1.6316890625000002,0.27714062500000014,0.5543515625,0.16850781249999996
19000,1.629672265625,0.2758593750000001,0.5553359374999999,0.1688046875000001
19100,1.6275527343750007,0.2750234375,0.5577539062500001,0.16722265624999996
19200,1.6270269531249992,0.27458984375000006,0.5558632812499998,0.169546875
19300,1.6266269531250002,0.2741015624999999,0.5553828125000001,0.17051562500000006
19400,1.6279812499999993,0.27474609375000003,0.5546445312500002,0.17060937500000006
19500,1.6263640624999998,0.27456640625000006,0.5565585937499999,0.16887500000000005
19600,1.6239925781249995,0.27328906249999996,0.5582187500000001,0.1684921875
19700,1.623127734375,0.2725703125000001,0.5587343749999998,0.16869531249999997
19800,1.6220472656249996,0.2721992187500001,0.5592265625,0.16857421875000003
19900,1.6234624999999996,0.272734375,0.5586523437500001,0.16861328125000005
20000,1.6241437499999996,0.27333203125,0.5577148437500001,0.16895312499999984
20100,1.6244292968750003,0.2739140625,0.5574374999999998,0.16864843750000008
20200,1.6249296874999999,0.27349999999999985,0.5564999999999999,0.16999999999999998
20300,1.6235742187500006,0.27305078125,0.55796484375,0.16898437500000002
20400,1.6203566406250005,0.2711718750000001,0.5596562500000004,0.16917187499999994
20500,1.61862578125,0.27074609375,0.5625625,0.16669140625000003
20600,1.6179468750000006,0.271015625,0.5628515625,0.16613281250000006
20700,1.6157191406250004,0.26983203125000005,0.564203125,0.16596484374999998
20800,1.6140253906249997,0.26939453125,0.5657070312499995,0.16489843750000008
20900,1.613884765624999,0.26964453125000004,0.5649765625000002,0.16537890625000004
21000,1.616224609375,0.26976953125,0.5617617187499999,0.1684687500000001
21100,1.6165691406250005,0.26991015624999987,0.5614492187500001,0.16864062499999996
21200,1.6161816406250005,0.270640625,0.5625351562500003,0.16682421875000003
21300,1.6188308593750003,0.2716875000000001,0.5619609375000001,0.16635156250000005
21400,1.620566796875,0.27328125000000003,0.5613124999999999,0.16540624999999995
21500,1.6224132812500007,0.2742265625,0.5605468750000001,0.16522656250000003
21600,1.6212296874999996,0.27390234374999994,0.5607773437500001,0.16532031249999998
21700,1.6232996093750003,0.2743906250000001,0.5588242187500001,0.16678515624999996
21800,1.6226042968749999,0.2733789062499999,0.5583046875000001,0.1683164062499999
21900,1.6230246093750011,0.27355859375,0.5586562500000003,0.16778515624999993
22000,1.6209269531250001,0.2723437500000001,0.56040625,0.16724999999999998
22100,1.6198183593750004,0.27114453125000004,0.5599453124999999,0.16891015625000005
22200,1.620125390625,0.2717031249999999,0.5597421875000004,0.1685546875
22300,1.6206296875000001,0.27140625000000007,0.5589374999999999,0.16965625000000004
22400,1.6194851562500003,0.27034765625,0.560796875,0.16885546875000007
22500,1.6185929687499998,0.27048828124999996,0.561328125,0.16818359375000008
22600,1.6179875000000008,0.27046484375,0.5612812500000002,0.16825390624999995
22700,1.618039062500001,0.27055859375,0.5618007812499998,0.167640625
22800,1.6189144531250004,0.2709453125,0.5610703125000001,0.16798437499999985
22900,1.6194335937500002,0.27105859374999997,0.56101171875,0.1679296875
23000,1.620710546875,0.27135156250000003,0.5586953124999999,0.16995312499999998
23100,1.6214964843750004,0.27137890624999994,0.5586601562499999,0.16996093749999994
23200,1.621155078124999,0.2725546874999999,0.5601132812500003,0.16733203125
23300,1.6217566406250004,0.27202343749999985,0.5590351562500002,0.16894140625000006
23400,1.6215976562500005,0.27237890625,0.5590703125000002,0.16855078125000003
23500,1.6214203125,0.27242968750000013,0.5601992187500001,0.16737109375000003
23600,1.6219707031250006,0.27192578125000016,0.5600195312499999,0.16805468750000005
23700,1.6221910156249992,0.27282812500000003,0.5596054687500002,0.16756640625000002
23800,1.6230546875000005,0.2736328125,0.5596250000000003,0.1667421875
23900,1.6215859374999992,0.2729999999999999,0.5607539062500001,0.16624609374999996
24000,1.6218949218749992,0.27328515625,0.5602343749999998,0.16648046875000003
24100,1.620446484375,0.2722343750000001,0.560203125,0.1675625
24200,1.6200519531250002,0.27192578125,0.5599921874999996,0.16808203124999996
24300,1.6212886718749995,0.271875,0.5589921874999997,0.16913281250000006
24400,1.6214679687499993,0.2725859374999998,0.5589648437500001,0.16844921875
24500,1.62019375,0.2720390625,0.55939453125,0.16856640625
24600,1.6199964843750003,0.27178515625,0.5593085937500002,0.16890624999999995
24700,1.6204902343749994,0.27232421875,0.5588085937499998,0.16886718750000004
24800,1.62151875,0.27264453125,0.5583203125,0.16903515624999996
24900,1.6225875000000003,0.27208203125,0.5571054687499998,0.17081249999999998
25000,1.62280078125,0.2721484375000001,0.5562734375000001,0.17157812500000005
25100,1.622979296875,0.27224218749999995,0.5547460937499998,0.17301171875
25200,1.6217421875,0.2725000000000001,0.5573359375000003,0.17016406250000007
25300,1.623180078125,0.2730703125,0.5561484375000003,0.17078125000000002
25400,1.6230625000000003,0.272421875,0.5562734374999997,0.17130468750000005
25500,1.6220660156249995,0.27175000000000005,0.5583281249999998,0.16992187499999997
25600,1.6214082031249992,0.27203515625000013,0.5590859374999997,0.16887890624999996
25700,1.6210058593750007,0.27168359375,0.5593984374999997,0.16891796875
25800,1.6216222656249994,0.2727226562500001,0.55930859375,0.16796874999999997
25900,1.623458203125,0.2741484374999999,0.5590234375,0.16682812499999994
26000,1.6240925781250002,0.27457812499999995,0.55932421875,0.16609765624999998
26100,1.6220988281250002,0.27341796875,0.5611914062499999,0.16539062499999999
26200,1.6209511718750007,0.27214062499999997,0.56140234375,0.16645703125
26300,1.6185660156250004,0.27121874999999995,0.5626249999999999,0.16615624999999998
26400,1.61728828125,0.27064062500000013,0.5634726562500001,0.16588671874999997
26500,1.6168203125000005,0.27118359374999995,0.5645039062500002,0.16431250000000008
26600,1.6178972656250001,0.2719296875000001,0.5635859375,0.164484375
26700,1.620953515625,0.2734374999999999,0.5606875000000003,0.165875
26800,1.621799609375,0.2731992187499999,0.5597773437500002,0.1670234375
26900,1.6238566406250003,0.27496093749999995,0.5592382812499997,0.16580078124999995
27000,1.6246363281250007,0.2749335937500001,0.5586953124999998,0.16637109375000003
27100,1.6254328125,0.2750859375,0.55847265625,0.16644140624999987
27200,1.6272277343750008,0.27632421874999996,0.55769140625,0.1659843750000001
27300,1.6255710937500005,0.2764492187499999,0.55920703125,0.16434375
27400,1.6259234375000005,0.27623437500000003,0.5583945312500002,0.16537109375000003
27500,1.6275519531249993,0.27723828124999983,0.55773828125,0.16502343749999993
27600,1.6295058593749996,0.27769140625000005,0.5560078125000001,0.16630078125000003
27700,1.6332542968750003,0.27926953125,0.5534140625,0.16731640625000005
27800,1.6360675781250003,0.27943359375000004,0.5507031249999996,0.16986328125000005
27900,1.6382523437499996,0.280625,0.5495742187499999,0.16980078124999987
28000,1.6414613281250003,0.281703125,0.5457578124999999,0.17253906249999998
28100,1.6431296875,0.28294531249999993,0.54522265625,0.17183203125000002
28200,1.6452699218749998,0.28349218749999994,0.5434023437500001,0.17310546875
28300,1.6451789062500002,0.2836757812499999,0.54447265625,0.1718515625
28400,1.6455390625,0.28404296874999985,0.54590234375,0.17005468750000005
28500,1.6470921875,0.28510156249999985,0.5459882812500001,0.16891015624999994
28600,1.6465507812500004,0.28562890624999987,0.5463945312499999,0.16797656249999998
28700,1.64732109375,0.2864140625,0.5473554687499999,0.16623046875000005
28800,1.6491550781250002,0.2869179687500001,0.5452460937499998,0.16783593749999998
28900,1.6475425781249993,0.2864570312500001,0.5463710937499997,0.16717187500000008
29000,1.647759375,0.28688281250000014,0.5450703125000002,0.16804687499999996
29100,1.6499203125000002,0.2865351562500001,0.5429414062499998,0.17052343749999999
29200,1.65163046875,0.28689453125000014,0.5406835937499999,0.17242187500000006
29300,1.653121875,0.2870039062499999,0.5393671875000001,0.17362890625000002
29400,1.6538378906249998,0.2877773437500001,0.541578125,0.17064453125000006
29500,1.6530253906250003,0.28711328124999996,0.5423359375000001,0.17055078124999998
29600,1.651613671875,0.28765234375,0.5436171875,0.16873046875
29700,1.6494214843749988,0.28621093750000004,0.5443867187499999,0.16940234375
29800,1.648537890625001,0.2854453125,0.5445624999999998,0.16999218749999997
29900,1.6506621093750002,0.28614453125,0.5430078124999999,0.17084765625000006
30000,1.6516207031250008,0.28614453125,0.5418554687499996,0.172
30100,1.6526195312500007,0.28667578125000004,0.5410937499999998,0.17223046874999998
30200,1.6518839843749997,0.28643749999999996,0.5425585937499997,0.17100390624999998
30300,1.6494417968750001,0.2855234375000001,0.5435078124999999,0.17096875000000006
30400,1.6495414062499998,0.28507421874999994,0.5433476562499999,0.17157812500000003
30500,1.649463671875,0.28493359374999994,0.54250390625,0.17256250000000004
30600,1.6499183593749998,0.2857890625,0.5429999999999997,0.1712109375
30700,1.649328125,0.28640234375,0.5444140624999999,0.16918359374999997
30800,1.6476406250000009,0.28575,0.54489453125,0.16935546875000002
30900,1.6459320312499985,0.28484375000000006,0.5454726562500003,0.16968359374999997
31000,1.6452746093750006,0.2837109374999999,0.5464960937499999,0.16979296874999994
31100,1.6449726562499998,0.28352343749999986,0.5467851562499999,0.16969140625000004
31200,1.6441738281249993,0.283109375,0.5464218750000001,0.17046875
31300,1.6446695312500006,0.28302734375,0.5458750000000003,0.17109765625
31400,1.6456628906250006,0.2837499999999999,0.5448828125,0.17136718749999993
31500,1.6457566406249995,0.28402343750000003,0.5445664062500001,0.17141015625000003
31600,1.6452832031250006,0.28427734374999997,0.5452539062500003,0.17046875
31700,1.6468496093749994,0.2849843750000002,0.5441171875000003,0.17089843749999994
31800,1.6481937499999995,0.28610546875000004,0.54334375,0.17055078124999987
31900,1.6480816406249998,0.28629687500000006,0.5448867187500002,0.16881640625
32000,1.6484472656250004,0.28679687499999995,0.5446054687499999,0.16859765624999998
32100,1.648243359375,0.28657421875,0.5447539062499999,0.16867187500000008
32200,1.6494074218750001,0.2866796875,0.5445195312499996,0.16880078125000006
32300,1.6509785156250003,0.28676171875,0.5430625,0.17017578125000002
32400,1.6526398437499996,0.2883320312499999,0.5430546875,0.16861328125
32500,1.6526894531250007,0.28889062499999985,0.5423242187500001,0.16878515625000012
32600,1.6535050781250005,0.2887890624999999,0.5415507812500003,0.16966015624999992
32700,1.6543761718749999,0.2890703124999999,0.540078125,0.1708515625
32800,1.6552421875000007,0.28955078125000006,0.5396835937500003,0.170765625
32900,1.6547933593750004,0.288796875,0.5390898437499999,0.17211328124999997
33000,1.6557632812500003,0.28864453125000017,0.5382968749999998,0.17305859375000007
33100,1.6545277343750004,0.2873710937500001,0.53885546875,0.1737734375
33200,1.6521476562499997,0.28695703125000005,0.5408203125000001,0.17222265625
33300,1.6532480468750004,0.28679296875,0.5403046875,0.17290234375000002
33400,1.6525257812499998,0.28688281250000003,0.5403203125,0.17279687500000004
33500,1.651033984375,0.28684765625,0.54169921875,0.17145312499999996
33600,1.6511117187500002,0.28674609375000004,0.5418203125000002,0.17143359374999997
33700,1.6488890625000006,0.28593359375,0.5432343749999998,0.17083203125000004
33800,1.64697578125,0.28552343749999987,0.5448203125000001,0.16965624999999995
33900,1.6476414062500002,0.28560546874999987,0.5454140625,0.16898046875000003
34000,1.6466015625000001,0.2861328125000001,0.5470703125000004,0.16679687499999993
34100,1.647315625,0.2860781249999999,0.5454960937499999,0.16842578124999996
34200,1.6479300781250004,0.28649218750000005,0.5462109375,0.16729687499999993
34300,1.6495843750000008,0.2866054687500001,0.5433359375000001,0.17005859375
34400,1.6487710937499995,0.28524609374999993,0.5429062500000003,0.1718476562500001
34500,1.64653125,0.28446875,0.54562109375,0.1699101562500001
34600,1.6450964843749991,0.2843789062500001,0.5475546874999999,0.16806640625000008
34700,1.6443949218749998,0.28362109375000005,0.5468085937500003,0.16957031250000007
34800,1.643398828125,0.28244140625,0.5455507812499999,0.17200781250000005
34900,1.64242734375,0.2816015624999999,0.5455625000000002,0.17283593749999993
35000,1.63913203125,0.279828125,0.54773828125,0.17243359375000003
35100,1.6381605468749998,0.2787851562500001,0.5482265625000002,0.17298828125000001
35200,1.637778515625,0.27864453124999994,0.5478906250000002,0.17346484375000007
35300,1.6394441406250007,0.27902734375000016,0.5456445312500003,0.175328125
35400,1.6407886718750009,0.27958203124999986,0.544890625,0.17552734375000012
35500,1.6404140625000008,0.27931640625000004,0.5452148437500001,0.17546875000000003
35600,1.6437097656250002,0.28099218750000005,0.5429492187500001,0.17605859374999994
35700,1.643055859375,0.2803203125000001,0.5443046875,0.17537500000000006
35800,1.641739453125,0.2797929687499999,0.54483203125,0.17537499999999998
35900,1.6415703125000003,0.2792148437499999,0.5447812500000002,0.17600390625000012
36000,1.6405015625000001,0.27895703124999993,0.5453437499999998,0.17569921875000002
36100,1.6394171874999999,0.2790742187499999,0.54639453125,0.17453125000000003
36200,1.6381359374999995,0.27857812500000007,0.5472851562499997,0.17413671875
36300,1.6348484374999999,0.2772812499999999,0.5502070312500001,0.17251171874999996
36400,1.63330078125,0.276578125,0.5514414062500003,0.17198046875000006
36500,1.6322269531250002,0.2766015624999999,0.5527968750000001,0.17060156249999997
36600,1.6306261718749988,0.27658203124999997,0.5544921875000001,0.16892578125000007
36700,1.628677734375,0.27507421875,0.5552421875000001,0.16968359374999992
36800,1.6276792968749993,0.2749999999999999,0.5549335937500001,0.17006640625000005
36900,1.6271421874999998,0.2744648437500001,0.5555117187499998,0.1700234375
37000,1.6259671875,0.27414062499999997,0.5569921875000002,0.16886718750000004
37100,1.6250906250000001,0.2737929687499998,0.5577734375000001,0.16843359375000008
37200,1.6254984374999997,0.27451953125000006,0.5583359374999999,0.16714453125000003
37300,1.625598828124999,0.27540624999999996,0.55741015625,0.16718359375
37400,1.6239906249999996,0.2735117187500001,0.5575234375000001,0.16896484374999998
37500,1.621178125,0.2717695312500001,0.5591093749999999,0.16912109374999998
37600,1.6197703125,0.27116406250000014,0.5604414062499998,0.16839453124999995
37700,1.618096484375,0.271125,0.5616523437499998,0.16722265625000005
37800,1.6168554687499987,0.27083203125000005,0.5622500000000001,0.1669179687500001
37900,1.6173671874999997,0.2701640625,0.5615078125,0.16832812499999994
38000,1.6183925781250001,0.2697929687499998,0.5600703125,0.17013671874999997
38100,1.6190238281250005,0.27094921875,0.56003125,0.16901953124999988
38200,1.6204511718749994,0.2709335937500001,0.558375,0.17069140625000007
38300,1.6211296874999999,0.27079296875000025,0.5574921875000001,0.17171484375000004
38400,1.62185546875,0.27171093749999997,0.557078125,0.17121093750000002
38500,1.6230496093749993,0.27233203124999983,0.5572343750000001,0.17043359375
38600,1.6226476562499994,0.27110937500000004,0.5573984375,0.17149218749999998
38700,1.6244355468750002,0.2724687499999999,0.5557656249999999,0.17176562499999995
38800,1.6255152343749997,0.27308984374999995,0.5549765624999998,0.17193359374999992
38900,1.6241624999999993,0.27255468750000006,0.5565117187500003,0.17093359375000008
39000,1.6224828125000004,0.2728554687499999,0.5573124999999999,0.16983203125000002
39100,1.6212511718750005,0.2721484375,0.55876953125,0.16908203125000004
39200,1.6205808593749995,0.27154687499999985,0.5595351562499997,0.16891796874999998
39300,1.619569921875,0.27105468750000006,0.5608242187499999,0.16812109375
39400,1.6213273437500004,0.272046875,0.5593554687500004,0.16859765625
39500,1.6218527343750002,0.27182421875000007,0.5585781249999998,0.16959765625000006
39600,1.6202972656249999,0.2714843750000001,0.5595781250000003,0.16893750000000002
39700,1.6206796874999998,0.27138671875000003,0.5588046875000005,0.16980859375000004
39800,1.6187289062500005,0.2709921874999999,0.5608476562500001,0.16816015625000003
39900,1.6189718749999993,0.27120312500000016,0.5604843749999998,0.1683125000000001
40000,1.622444140625,0.27268359375,0.5584414062500004,0.16887500000000003
40100,1.6236371093750006,0.27331250000000007,0.5570273437500001,0.16966015624999992
40200,1.6225914062499998,0.2732343750000002,0.5592929687499999,0.16747265624999993
40300,1.6225156249999997,0.27345703124999987,0.5597187500000002,0.1668242187500001
40400,1.6208953124999996,0.2726406250000001,0.5597304687500004,0.16762890625000004
40500,1.621700390624999,0.2727421874999999,0.5600898437499999,0.16716796875
40600,1.6218898437499998,0.27280078124999996,0.5599804687500001,0.16721874999999997
40700,1.6222421875000008,0.27337500000000003,0.5605742187499998,0.16605078124999995
40800,1.6219546875000004,0.2733984375,0.5600859374999998,0.16651562499999992
40900,1.62256328125,0.27283203125,0.5587421875000002,0.16842578125000005
41000,1.624799609375001,0.2734609375,0.5568789062499999,0.16966015624999994
41100,1.626363671875,0.27326953124999986,0.5545820312499999,0.17214843750000006
41200,1.626719140625,0.2739375000000001,0.5548203124999999,0.17124218750000006
41300,1.626158984375,0.2738359375,0.5568359374999998,0.16932812500000005
41400,1.6247398437500002,0.273546875,0.5576523437500001,0.16880078125000003
41500,1.62385859375,0.27295703125,0.55780078125,0.16924218750000009
41600,1.6242589843749997,0.27323828125000005,0.5583476562500003,0.16841406249999996
41700,1.6249453125000004,0.2744296875,0.5576835937500001,0.1678867187499999
41800,1.62528984375,0.27468359375000007,0.5574023437499999,0.16791406250000002
41900,1.6272730468749999,0.2756289062499999,0.5563828124999998,0.16798828124999995
42000,1.6288476562500012,0.27564453124999994,0.55468359375,0.16967187499999994
42100,1.6319984374999998,0.27662890625,0.5535039062499998,0.16986718749999996
42200,1.6331707031249996,0.27742578125000006,0.5522382812500002,0.17033593749999992
42300,1.6343343750000006,0.27825781250000003,0.5522499999999999,0.16949218750000003
42400,1.6363921874999998,0.27956640625,0.5516093749999998,0.16882421874999992
42500,1.6372234374999997,0.27990625,0.5506796875,0.16941406250000002
42600,1.638385546875,0.28048828124999997,0.5500976562499998,0.1694140624999999
42700,1.6374605468750003,0.28087500000000004,0.5504296875000002,0.1686953125
42800,1.635719140625,0.27952343750000014,0.5514179687500002,0.16905859374999982
42900,1.6362511718750006,0.2801914062499999,0.5522070312500003,0.16760156249999994
43000,1.6383195312500005,0.28188671875,0.5512148437500001,0.16689843750000002
43100,1.6397929687500001,0.28142968750000025,0.5492031249999999,0.16936718750000002
43200,1.6421542968749998,0.28296484375000003,0.549578125,0.16745703124999997
43300,1.6432316406250003,0.28403515625000003,0.5490156250000005,0.16694921874999996
43400,1.644632421875,0.2847734375,0.5480703124999998,0.16715625
43500,1.6449046874999995,0.28461718749999987,0.5472890625,0.16809375000000004
43600,1.6483859375000005,0.28565625000000006,0.5436367187500001,0.17070703125
43700,1.6492695312499999,0.28634765624999986,0.543171875,0.17048046875
43800,1.6525890625000008,0.28778906250000014,0.54251953125,0.16969140624999998
43900,1.6563445312499998,0.28996874999999994,0.5399101562499997,0.17012109374999998
44000,1.6581273437499995,0.29051562499999994,0.5397851562499997,0.16969921874999996
44100,1.65683125,0.29036328124999994,0.5415781249999997,0.16805859374999998
44200,1.6545042968749994,0.28922265624999977,0.5429492187500004,0.16782812499999988
44300,1.6531214843749997,0.28848437500000007,0.5428437499999997,0.16867187499999992
44400,1.6516734375000002,0.28783984374999994,0.5431484375,0.16901171874999996
44500,1.6520070312500001,0.28803124999999996,0.5426289062500003,0.16933984375000005
44600,1.6510882812499994,0.28741406249999996,0.54333984375,0.16924609375
44700,1.6522816406249992,0.28772656249999995,0.5419531250000004,0.17032031250000013
44800,1.652596875,0.28797265624999996,0.54225,0.16977734375
44900,1.6527285156249993,0.2874453125,0.5410234375000001,0.17153124999999989
45000,1.6546890625000001,0.2889843750000001,0.5401132812499999,0.17090234374999996
45100,1.6565031249999997,0.28942578125000007,0.5392109374999999,0.17136328124999994
45200,1.6567113281249999,0.2898046874999998,0.53899609375,0.17119921875000002
45300,1.6563132812500003,0.28959765624999995,0.5387695312499998,0.17163281249999995
45400,1.6565855468749997,0.2896093749999999,0.5383515625,0.17203906250000003
45500,1.6551753906250009,0.288734375,0.53894140625,0.17232421874999998
45600,1.655512500000001,0.28872265625000004,0.5390703125,0.17220703125
45700,1.6585421875,0.29003515625,0.5366289062500003,0.17333593749999998
45800,1.659916015625001,0.2910546874999998,0.5368164062499998,0.17212890624999996
45900,1.6594402343749999,0.2908437500000001,0.5367226562500003,0.17243359375
46000,1.6590140624999998,0.2900234375,0.53733984375,0.17263671874999995
46100,1.6561382812499998,0.2889687499999997,0.5393906249999999,0.17164062500000007
46200,1.6550144531250008,0.2879374999999999,0.5398945312500001,0.17216796874999993
46300,1.6541816406249998,0.28753515625,0.5398828124999999,0.17258203124999996
46400,1.6531203125,0.28704687499999987,0.5404414062499999,0.17251171875
46500,1.6506820312500001,0.2860859375000001,0.5415078124999999,0.17240625000000004
46600,1.6504410156249993,0.2863359375000002,0.5416796874999998,0.171984375
46700,1.6505425781249992,0.28627343749999995,0.5418789062500002,0.17184765625000006
46800,1.6517613281250003,0.2860859375000001,0.540140625,0.17377343749999996
46900,1.6528078124999996,0.2860898437499999,0.5393476562500001,0.1745625
47000,1.65342421875,0.2862890625,0.5395703125000003,0.174140625
47100,1.6512523437499997,0.28612890625000004,0.5421835937499998,0.17168749999999997
47200,1.65123046875,0.28578906250000014,0.5426679687500003,0.1715429687499999
47300,1.6513621093749997,0.28578906250000014,0.5433984374999999,0.17081250000000006
47400,1.6495742187500009,0.28545703124999994,0.54505078125,0.1694921875
47500,1.6456945312499998,0.28438281249999997,0.5476835937499999,0.16793359374999997
47600,1.6419699218749995,0.2822382812499999,0.5494765624999998,0.1682851562499999
47700,1.6390429687499997,0.28102734374999994,0.551890625,0.16708203124999998
47800,1.6377953125,0.28061328125,0.55223046875,0.16715625000000003
47900,1.6365671874999999,0.28046484375000014,0.5531874999999998,0.16634765624999998
48000,1.6350808593750006,0.279859375,0.55287890625,0.16726171875000007
48100,1.6338882812499997,0.27925390624999996,0.5523906249999997,0.1683554687499999
48200,1.6360390624999996,0.28012499999999996,0.5527773437500002,0.16709765624999995
48300,1.6385484375000008,0.2811796875,0.54981640625,0.16900390625000003
48400,1.637687890625,0.28051953125000006,0.5506796875,0.16880078125
48500,1.6381539062500006,0.28035156249999993,0.54969921875,0.16994921875
48600,1.6391636718749993,0.2807343750000001,0.5476484374999999,0.17161718750000005
48700,1.6399750000000004,0.2814218750000001,0.5470703124999999,0.17150781250000002
48800,1.6408312500000013,0.2813124999999999,0.54676171875,0.17192578125000005
48900,1.6423308593749997,0.282140625,0.5453515624999997,0.17250781250000008
49000,1.6438738281250007,0.28235546874999995,0.5436562500000002,0.17398828125000002
49100,1.644864843749999,0.2828671875000002,0.5427226562499999,0.1744101562500001
49200,1.647175,0.28363281250000005,0.5415859374999998,0.17478124999999997
49300,1.6483902343749999,0.2845546875,0.5403593750000002,0.17508593749999996
49400,1.6490605468749995,0.28469921875000004,0.5401406250000003,0.17516015624999995
49500,1.6485640624999989,0.28474609375,0.5415742187500001,0.1736796875
49600,1.6488261718750001,0.28500781250000007,0.542703125,0.17228906250000003
49700,1.6494988281250005,0.2856328125,0.5422890624999998,0.172078125
49800,1.6504015624999997,0.2862890625,0.5425390625000001,0.17117187499999992
49900,1.6503292968749992,0.2868554687500002,0.5428789062499999,0.17026562499999984
50000,1.649595703125001,0.28727734375,0.5435234375000001,0.16919921875000005
50100,1.6491796875000004,0.28669140624999995,0.5438359375,0.1694726562499999
50200,1.6486144531250004,0.28659375,0.5457539062500002,0.16765234375000002
50300,1.6487859375,0.2869101562500001,0.5459570312500001,0.16713281250000006
50400,1.6482937499999994,0.2867031250000001,0.5467226562500003,0.16657421875000006
50500,1.6466886718749998,0.28628125,0.5472773437500001,0.16644140625000003
50600,1.6469515624999995,0.28578125000000015,0.5466367187500002,0.1675820312499999
50700,1.6478113281250002,0.28609375000000004,0.5461210937499997,0.16778515625000004
50800,1.6485566406249996,0.2861679687500003,0.54461328125,0.16921874999999995
50900,1.6474054687500002,0.28455468749999996,0.5456718749999999,0.16977343749999999
51000,1.6449894531250004,0.28429687499999995,0.5473398437500001,0.1683632812499999
51100,1.6433191406249998,0.28341406250000006,0.5483515625000002,0.16823437499999996
51200,1.6413410156250001,0.2820273437499999,0.5473750000000001,0.17059765624999992
51300,1.64389765625,0.28271484375000006,0.54448828125,0.17279687500000016
51400,1.6440488281250005,0.2823828125,0.5433632812499998,0.17425390624999995
