step,mean_aspect_ratio,fraction_elongated,fraction_round,fraction_binary
100,1.0,0.0,1.0,0.0
200,2.26905546875,0.4794335937499999,0.04495703125000001,0.47560937499999995
300,2.4317234375000005,0.6968554687499999,0.06530078125000002,0.2378437499999999
400,2.450071484374999,0.74234375,0.07553124999999997,0.18212500000000004
500,2.445767968749999,0.7505156249999998,0.08512109375,0.16436328124999985
600,2.4368210937500008,0.7497421874999999,0.09235937499999995,0.15789843749999993
700,2.4283582031249984,0.7465156249999999,0.09889062500000001,0.15459375000000006
800,2.423017578124999,0.7451328125000001,0.10383593749999998,0.1510312500000001
900,2.4171148437499994,0.7417265625000002,0.10745703125000003,0.15081640624999992
1000,2.4168695312499993,0.7431054687499998,0.10851953125,0.148375
1100,2.41509921875,0.7424375000000003,0.11083593749999997,0.1467265625
1200,2.410116015625,0.7397734374999999,0.11498828124999998,0.14523828125
1300,2.405574218749998,0.7372226562499999,0.11823437500000003,0.14454296874999994
1400,2.4006019531249994,0.7354218749999998,0.12195703124999999,0.14262109374999998
1500,2.3967546874999996,0.7344375000000004,0.12543359375,0.14012890624999996
1600,2.3951843749999995,0.73380859375,0.12646484375,0.1397265625
1700,2.393485546874999,0.73292578125,0.12820703124999996,0.13886718749999996
1800,2.390060546875001,0.7305234375,0.13049609374999996,0.13898046875
1900,2.387068359375,0.7285937500000002,0.13181249999999997,0.13959375000000002
2000,2.38873359375,0.7292148437500001,0.13096484374999995,0.1398203125
2100,2.388462890625,0.7294101562500005,0.13167578124999998,0.13891406249999996
2200,2.388635546875,0.7298281250000005,0.13131640625000002,0.13885546875000004
2300,2.390513281250001,0.73170703125,0.13106640625000004,0.1372265625
2400,2.3929132812500007,0.7334531250000002,0.12971484375000003,0.13683203125000007
2500,2.391328515625,0.73276953125,0.13187500000000005,0.13535546874999999
2600,2.3927292968749994,0.7345468750000003,0.13175390625000008,0.13369921875
2700,2.397157421874999,0.7370546874999997,0.13008203125000004,0.13286328125
2800,2.398208203125002,0.7379140624999998,0.12976171875000003,0.13232421874999997
2900,2.39903125,0.7376132812500005,0.12843749999999998,0.13394921875000004
3000,2.401907031249999,0.7390820312500002,0.12687890624999998,0.1340390625
3100,2.4067070312499994,0.7420976562499998,0.12487500000000001,0.13302734375
3200,2.4102304687499996,0.7447890625000001,0.12395703124999999,0.13125390625
3300,2.4116886718749995,0.7458476562500003,0.12295312500000001,0.13119921875000004
3400,2.4155105468750007,0.7483085937499999,0.12126171875000004,0.13042968749999995
3500,2.419254296875,0.7508281249999997,0.11987890624999999,0.12929296875000001
3600,2.421103515625001,0.7521054687500006,0.1189140625,0.12898046875000005
3700,2.422367187499999,0.7529140624999998,0.1192734375,0.1278125
3800,2.4212441406250003,0.7529843749999995,0.12054296874999997,0.12647265625
3900,2.422194921874999,0.7531054687500003,0.12082421874999998,0.12607031249999998
4000,2.4203746093749996,0.7523203125000001,0.1220078125,0.12567187500000002
4100,2.4213367187499992,0.7530117187499998,0.12178515624999998,0.12520312499999997
4200,2.422159765625,0.7536484375000001,0.12196484374999998,0.12438671875000001
4300,2.421119921875001,0.7523359374999998,0.12263281250000008,0.12503125000000004
4400,2.4190242187499997,0.7504648437500003,0.12317968750000002,0.12635546875
4500,2.4198976562500003,0.7513124999999998,0.12337109375000008,0.12531640624999998
4600,2.421890625,0.7531367187499997,0.12262109374999998,0.12424218750000003
4700,2.4242871093750002,0.7534531250000002,0.12078124999999997,0.125765625
4800,2.4253519531249985,0.75459765625,0.12048828125000006,0.12491406250000008
4900,2.426780859374999,0.7556328124999998,0.12009765624999996,0.12426953124999997
5000,2.4291515625000004,0.7563359374999999,0.11846874999999998,0.1251953125
5100,2.4298511718750015,0.7570781249999998,0.11831249999999997,0.124609375
5200,2.430235546875001,0.757859375,0.11877734374999999,0.12336328124999998
5300,2.4308097656249976,0.7570781250000002,0.11825390624999996,0.12466796875
5400,2.4327285156250023,0.7584257812500004,0.11686718749999998,0.12470703125000007
5500,2.4351320312499984,0.7588398437499999,0.11576171875000003,0.12539843749999996
5600,2.4356378906249994,0.7594257812500005,0.11557031249999998,0.12500390625
5700,2.436214453124999,0.7601250000000002,0.11636718750000001,0.12350781249999998
5800,2.4367339843750004,0.7607539062499998,0.11609374999999995,0.12315234375000002
5900,2.4369972656249996,0.7609882812499996,0.11618359375000002,0.12282812500000001
6000,2.4388613281249985,0.7620585937500002,0.11509765625000001,0.12284374999999996
6100,2.4397656249999997,0.7626367187499999,0.11483593749999998,0.12252734375000002
6200,2.4404382812499987,0.7635585937500003,0.11426562500000001,0.12217578125000003
6300,2.4416410156249997,0.76322265625,0.112890625,0.12388671875
6400,2.44423828125,0.7646445312499998,0.11164843749999995,0.12370703125
6500,2.4464464843749987,0.7654882812499998,0.11044531250000006,0.12406640624999994
6600,2.4484945312499997,0.76672265625,0.10859765624999997,0.12467968749999998
6700,2.450746093750001,0.767328125,0.10749609375000001,0.12517578125
6800,2.4525644531249995,0.7680117187499998,0.10664453125,0.12534375000000003
6900,2.4541332031249996,0.769484375,0.10582421875,0.12469140624999997
7000,2.4544378906250017,0.7703203124999998,0.106875,0.12280468750000001
7100,2.4547214843749994,0.770828125,0.10672265625000005,0.12244921874999996
7200,2.453967187499999,0.7697734375000005,0.10760546874999996,0.12262109375000002
7300,2.4556402343749992,0.7713398437499998,0.10716796875000002,0.12149218750000003
7400,2.4569640625,0.7719648437500003,0.10641015624999994,0.12162500000000007
7500,2.457153515625,0.7725820312500005,0.10631249999999998,0.12110546875000004
7600,2.4580546875000002,0.7731367187499998,0.10591406250000004,0.12094921874999998
7700,2.45950546875,0.7736328124999995,0.10469531250000001,0.12167187500000001
7800,2.4605625000000013,0.7736796874999996,0.10434375000000004,0.12197656250000001
7900,2.4615300781249987,0.7737421874999997,0.10392968750000005,0.12232812499999993
8000,2.459350781249999,0.7727382812500004,0.10557031250000001,0.12169140625000002
8100,2.456814843750001,0.7723242187500001,0.10766406250000002,0.12001171874999997
8200,2.4555714843749996,0.77159375,0.1075,0.12090625000000003
8300,2.4551242187500004,0.7705039062499998,0.10737109374999992,0.12212499999999996
8400,2.456282421875001,0.7708554687500001,0.10634765625,0.12279687500000006
8500,2.4570097656250014,0.7713906250000003,0.10624218750000004,0.12236718749999996
8600,2.4582980468750004,0.7720703125000004,0.10553515625000003,0.12239453125000005
8700,2.4593593749999996,0.77253515625,0.10512890624999995,0.12233593750000002
8800,2.462238671875,0.7743359375000006,0.10383984375000005,0.12182421875
8900,2.464103906249999,0.77523828125,0.10217187499999997,0.12258984375000002
9000,2.4674320312500004,0.7770390624999997,0.10047265625000006,0.12248828125
9100,2.4678265625000013,0.7774296874999999,0.10108984375,0.12148046875000001
9200,2.467203515625001,0.7772343749999998,0.10156640624999996,0.12119921875000002
9300,2.466859765625,0.7773906249999999,0.10218750000000001,0.12042187500000005
9400,2.466077734375002,0.7767343750000003,0.10193750000000004,0.12132812500000004
9500,2.465162890625,0.77571484375,0.10248437500000002,0.12180078125
9600,2.465968359375,0.7757929687500001,0.10239843750000001,0.12180859375
9700,2.4644410156250003,0.7753828125000001,0.10410156249999997,0.12051562500000004
9800,2.461538671875001,0.7742109374999998,0.10607031249999996,0.11971874999999996
9900,2.462015234374999,0.7746757812499999,0.10551953124999999,0.11980468750000002
10000,2.4647140625,0.77595703125,0.10318749999999999,0.12085546875
10100,2.4683937500000006,0.7781171874999999,0.10119531250000002,0.12068749999999999
10200,2.471134765625,0.7803632812500002,0.09965624999999997,0.11998046875000005
10300,2.475332812499999,0.7819101562499998,0.09733984374999996,0.12075000000000002
10400,2.4772972656249985,0.7835390624999998,0.09647265625000001,0.11998828124999995
10500,2.4793726562500003,0.7845234375,0.09495703124999999,0.12051953124999996
10600,2.480504296875,0.7854062500000001,0.09443359375000006,0.12016015625000004
10700,2.4816972656250003,0.7864882812499998,0.09449999999999997,0.11901171875000001
10800,2.4825410156250003,0.78673828125,0.09398046875,0.11928125
10900,2.4837589843750005,0.7877265625000004,0.09410156249999999,0.11817187500000001
11000,2.4825199218749994,0.7872734375,0.09505078124999998,0.11767578125000004
11100,2.481201171875,0.7859999999999995,0.09580078124999998,0.11819921875
11200,2.480178906250001,0.7862734375,0.09672656250000004,0.11700000000000003
11300,2.48131875,0.7870507812500003,0.09598828125000003,0.1169609375
11400,2.4817890625000003,0.7872499999999999,0.09585156250000006,0.11689843750000004
11500,2.4818386718749994,0.7863203124999999,0.09496484375,0.11871484375000002
11600,2.483971875,0.7873593750000001,0.09344140625000003,0.11919921875000002
11700,2.485555078125001,0.7878242187500003,0.09249609374999997,0.11967968750000005
11800,2.4844738281249996,0.7875585937500004,0.09344531250000003,0.11899609374999996
11900,2.485354296875,0.7882578125000005,0.09257031249999999,0.11917187499999995
12000,2.4862007812499995,0.7890351562499998,0.09278125000000002,0.11818359375000005
12100,2.4881308593749987,0.7906093749999998,0.09188281250000004,0.11750781250000004
12200,2.4881144531250006,0.7911132812499997,0.09213281249999998,0.11675390625000001
12300,2.488902734375,0.791578125,0.09189062500000005,0.11653124999999998
12400,2.4895660156250012,0.7927382812499997,0.09173437500000005,0.11552734375
12500,2.4908382812499994,0.7932031249999997,0.09072265624999999,0.11607421874999997
12600,2.4915351562499994,0.7942929687499998,0.09069140625,0.11501562500000007
12700,2.4929308593750004,0.7947773437500002,0.09011718750000001,0.11510546874999998
12800,2.4939460937500004,0.795265625,0.08960156250000001,0.11513281249999997
12900,2.4948265625000006,0.7966132812499994,0.08946093749999998,0.11392578124999997
13000,2.496112890625001,0.7971757812499999,0.08846874999999997,0.11435546875000004
13100,2.4971582031249997,0.7972460937499999,0.08801562499999997,0.11473828124999999
13200,2.4970027343750005,0.7976015625000001,0.08811718749999994,0.11428124999999995
13300,2.497941406249999,0.7974453125,0.08760156249999998,0.11495312499999999
13400,2.499798828124999,0.7984882812499999,0.08597265625,0.11553906249999997
13500,2.5014249999999993,0.7992695312499999,0.08559375,0.11513671874999996
13600,2.50163828125,0.7999453125000004,0.08580859374999998,0.11424609375
13700,2.5010093749999998,0.7994179687499998,0.086171875,0.11441015625000003
13800,2.4988945312500013,0.7980000000000002,0.0873515625,0.11464843750000005
13900,2.4994203125000003,0.79797265625,0.08714843750000002,0.11487890625
14000,2.50006484375,0.7980195312500004,0.08599218749999998,0.11598828125000002
14100,2.5024027343750004,0.7990781249999999,0.08473437500000003,0.11618750000000003
14200,2.5032785156249995,0.7995234375000007,0.08423828125,0.11623828124999998
14300,2.503888281249999,0.7998476562499995,0.08379296875000003,0.11635937499999997
14400,2.5038218749999994,0.8002851562500004,0.08452343749999999,0.11519140625
14500,2.5040648437499997,0.7998749999999998,0.08475390624999998,0.11537109374999997
14600,2.5023308593749993,0.7991562500000003,0.08557421875,0.11526953125000002
14700,2.5038859374999993,0.8002734374999999,0.08427734375000001,0.11544921875000003
14800,2.5062437499999994,0.8020507812500003,0.08315234374999997,0.11479687499999999
14900,2.5057609375000003,0.8019726562500002,0.08390625000000002,0.11412109375000001
15000,2.506861328125,0.8028437499999999,0.08314062499999997,0.11401562499999995
15100,2.508298828125,0.8042812499999998,0.08252343749999992,0.11319531249999996
15200,2.510805078125,0.8059375000000003,0.08122265625000001,0.11283984375000002
15300,2.5121250000000006,0.8063671875000002,0.08051953125000004,0.11311328125
15400,2.5116148437499994,0.80641796875,0.08119921875000001,0.11238281250000005
15500,2.511801953125001,0.8060781250000001,0.08076171875000003,0.11316015624999998
15600,2.5113980468749997,0.8058593750000004,0.08093359375000006,0.11320703125
15700,2.51215546875,0.8063398437500003,0.08061718749999999,0.11304296874999999
15800,2.513483984374999,0.8073828125000002,0.080171875,0.11244531250000003
15900,2.5148058593750013,0.8082187499999997,0.07905859375000003,0.11272265624999994
16000,2.516701171875,0.8088242187500004,0.07776171874999994,0.11341406250000001
16100,2.5181636718750005,0.8099492187499998,0.07747265625000004,0.11257812499999992
16200,2.5178535156249997,0.8100937500000002,0.0778828125,0.1120234375
16300,2.517658203124999,0.8092070312500002,0.07765234375000007,0.11314062500000006
16400,2.515573046875001,0.8081132812499998,0.07921093749999998,0.11267578125000002
16500,2.51450078125,0.80669921875,0.08010156249999999,0.11319921875000002
16600,2.5140019531249975,0.8060039062499995,0.07981640625000003,0.11417968750000004
16700,2.5136023437499997,0.8048437500000003,0.07997656249999997,0.11517968749999997
16800,2.512140234375001,0.8040429687500004,0.08123828125,0.11471875000000001
16900,2.5105066406249996,0.80305078125,0.08262109375,0.1143281250000001
17000,2.510100390625,0.8035078124999997,0.08284765625000001,0.11364453125000003
17100,2.50816640625,0.8020546875,0.08368750000000004,0.11425781250000003
17200,2.507361718750001,0.8009570312500003,0.08427343749999999,0.11476953125000003
17300,2.50573125,0.7997968749999997,0.08468359374999998,0.11551953124999999
17400,2.504570703124999,0.7992109374999999,0.08524609375000003,0.11554296875
17500,2.5057203125,0.7997695312499999,0.08440234375000005,0.11582812500000005
17600,2.5081421875000003,0.8010703124999998,0.08306640625000006,0.11586328125000005
17700,2.50964453125,0.8016054687500003,0.08124218750000003,0.11715234375
17800,2.5123937500000006,0.8034140625000001,0.08018359375000002,0.11640234375
17900,2.515505078125,0.8048984375000001,0.07864843749999996,0.11645312500000002
18000,2.5163992187500006,0.8061914062500002,0.07838671875000003,0.115421875
18100,2.519478125,0.8079570312499998,0.07682812500000002,0.11521484374999998
18200,2.521196875,0.8090859374999998,0.0758515625,0.11506249999999998
18300,2.5211578125,0.8090468749999998,0.0762890625,0.11466406250000004
18400,2.52200390625,0.8093085937499999,0.07584765625000006,0.11484374999999998
18500,2.5209640625,0.8077617187499996,0.07576562500000002,0.11647265625000001
18600,2.5204703125,0.8075429687500001,0.07629687499999999,0.11616015624999998
18700,2.5190675781250005,0.8068281249999996,0.07696875,0.11620312499999999
18800,2.5185527343750014,0.8061054687499999,0.077203125,0.11669140625000003
18900,2.5187722656249996,0.8066445312500001,0.07730859374999999,0.116046875
19000,2.517601171875,0.805984375,0.07805859374999999,0.11595703125
19100,2.5174980468749992,0.8060585937500004,0.07846484375000001,0.11547656250000005
19200,2.5172781249999994,0.8056523437500002,0.0783046875,0.11604296874999995
19300,2.516845312500002,0.80559765625,0.07779296875,0.116609375
19400,2.518167578125001,0.8062851562499996,0.07735937500000001,0.11635546874999995
19500,2.5212039062500002,0.8081054687499998,0.07550000000000003,0.11639453124999999
19600,2.5236742187500014,0.8098007812499997,0.07444921874999998,0.11574999999999996
19700,2.525952343750002,0.81192578125,0.07312890625,0.11494531249999997
19800,2.5270765625000013,0.8130312500000003,0.07314843750000004,0.1138203125
19900,2.527873046874998,0.8131406249999997,0.07250000000000001,0.11435937500000003
20000,2.528615234375,0.8135585937500001,0.07220312499999999,0.11423828125000003
20100,2.5273761718749985,0.813125,0.07316406249999997,0.11371093749999996
20200,2.5267867187499995,0.8126132812499999,0.07309375000000003,0.11429296874999999
20300,2.5261457031250014,0.8120078125,0.07384765625000003,0.11414453125000001
20400,2.526490234375,0.8123593749999996,0.07349218750000003,0.1141484375
20500,2.527096875,0.8121484375000001,0.07319531250000001,0.11465625000000004
20600,2.526017968750001,0.8117109375000003,0.07378906250000002,0.11449999999999999
20700,2.524682031249999,0.8111640625,0.07522265624999999,0.11361328125000002
20800,2.5237265625,0.8105156250000004,0.07556640624999997,0.11391796874999999
20900,2.5219988281249996,0.80916015625,0.07601171875,0.11482812499999999
21000,2.522301562500001,0.809125,0.07570312499999997,0.11517187499999998
21100,2.5227675781250007,0.8093476562499999,0.07519531250000003,0.11545703125000005
21200,2.521639453124999,0.8083007812500002,0.07595703124999997,0.11574218750000002
21300,2.522112109375001,0.8085664062499999,0.07589453125000005,0.11553906250000003
21400,2.521563671874999,0.8088515625000002,0.07598828125000001,0.11516015625
21500,2.5215757812500015,0.8081484375000003,0.07559765624999999,0.11625390624999998
21600,2.523146484375,0.80871875,0.07429687500000001,0.11698437500000004
21700,2.5240785156249994,0.8095585937499999,0.07455859374999997,0.11588281250000006
21800,2.52340078125,0.8102812499999998,0.07551562500000002,0.11420312500000003
21900,2.523497656250001,0.8104335937500001,0.07578906249999998,0.11377734374999997
22000,2.522115624999999,0.8095156250000002,0.07616796874999998,0.11431640624999999
22100,2.521958593749999,0.80952734375,0.07609765625000003,0.11437500000000006
22200,2.522178515625001,0.8097343750000002,0.07581640625000001,0.11444921875000005
22300,2.523349999999999,0.8105390625,0.07490234375000002,0.11455859374999995
22400,2.5239855468749997,0.8109492187499998,0.07434765624999998,0.11470312499999999
22500,2.5249749999999995,0.81108203125,0.07368359375000003,0.11523437499999994
22600,2.526918749999999,0.8121914062499999,0.07250000000000002,0.11530859375000008
22700,2.528963671875,0.8135429687499994,0.07137500000000001,0.11508203124999997
22800,2.5307187500000015,0.81471875,0.07043750000000003,0.11484375000000004
22900,2.5329542968750003,0.8167539062500003,0.07028124999999998,0.11296484374999996
23000,2.5325554687499996,0.8167382812499999,0.07041796875000002,0.11284375000000003
23100,2.5325867187499993,0.8169570312500002,0.07123437499999997,0.11180859375000003
23200,2.5321234374999997,0.8170859375000005,0.07151953124999999,0.11139453125000005
23300,2.5319230468750002,0.8169414062500001,0.07120703124999998,0.11185156250000002
23400,2.5319613281249986,0.8168437500000002,0.07096875,0.1121875
23500,2.5319621093749998,0.8168164062499997,0.07144531250000002,0.11173828125000007
23600,2.5303121093750005,0.8159140625,0.07207421874999999,0.11201171875000002
23700,2.5297945312499994,0.8159062499999999,0.07264062499999999,0.11145312500000003
23800,2.52918984375,0.8156367187499998,0.07261328125000002,0.11174999999999999
23900,2.529196875,0.8159960937500006,0.072953125,0.11105078125000006
24000,2.5287749999999996,0.8153789062500002,0.07261328124999995,0.11200781249999998
24100,2.5298160156250007,0.8161679687499998,0.07207421875,0.1117578125
24200,2.5308980468749995,0.8168242187500001,0.07147265625000002,0.11170312500000001
24300,2.53216171875,0.8174687500000001,0.07107031249999997,0.11146093750000005
24400,2.531655078125001,0.8171015625,0.07154687499999994,0.11135156249999999
24500,2.5325867187500006,0.8168750000000001,0.07046484375000002,0.11266015625000009
24600,2.532930468749999,0.8176679687500005,0.07082812499999996,0.11150390625
24700,2.5322269531250012,0.8169062500000002,0.07127343749999998,0.1118203125
24800,2.531159375000001,0.8160546875000003,0.07226171875000001,0.11168359374999996
24900,2.529989453125001,0.8152656249999998,0.0723046875,0.11242968749999999
25000,2.5293054687500005,0.8148437500000004,0.07283203125000004,0.11232421875000001
25100,2.5286257812499993,0.8148164062500003,0.07285546875000003,0.11232812500000007
25200,2.52806171875,0.8144453125,0.07306640625000002,0.11248828125
25300,2.5266093749999987,0.8136914062500002,0.07391796875,0.11239062499999998
25400,2.526173046875,0.8136015625000002,0.07415234375000002,0.11224609375000001
25500,2.526529296875,0.81376171875,0.07434375,0.11189453125
25600,2.5276125,0.8141679687499997,0.07344921874999998,0.11238281249999997
25700,2.526913281250001,0.8142421875000002,0.07337499999999997,0.11238281250000003
25800,2.5282164062499994,0.8145429687499997,0.07314453124999996,0.1123125
25900,2.529873046875001,0.8152968750000003,0.07190624999999998,0.11279687499999999
26000,2.531330078124999,0.8161562499999994,0.07085937500000004,0.112984375
26100,2.5320453124999998,0.8165742187499997,0.07012500000000002,0.11330078125000007
26200,2.5349109375,0.8180664062500003,0.06907421875000001,0.11285937499999994
26300,2.536004687499999,0.8190898437500008,0.06853125000000002,0.11237890624999998
26400,2.5370699218750006,0.8199765624999998,0.06847656249999998,0.11154687499999996
26500,2.53563125,0.8191289062499999,0.06916015625000001,0.11171093750000007
26600,2.5346347656250012,0.8186523437499998,0.06987109375000002,0.11147656249999999
26700,2.5329890625000004,0.8173984374999996,0.07087500000000001,0.11172656250000004
26800,2.5305253906249994,0.8155234374999998,0.07221484375000002,0.11226171875000003
26900,2.5299960937500003,0.8151835937499995,0.07301171875000002,0.11180468749999999
27000,2.529512890625,0.8147382812499999,0.07306249999999999,0.11219921875000004
27100,2.5280800781249995,0.81356640625,0.07353125,0.11290234374999998
27200,2.527833984375,0.8133515624999997,0.07375000000000001,0.11289843750000005
27300,2.5258851562500015,0.81206640625,0.07450390625000003,0.11342968750000001
27400,2.525492578125,0.8114531249999999,0.07431249999999999,0.11423437499999999
27500,2.525840625,0.8115156249999995,0.07435546875000001,0.11412890625
27600,2.5236160156250005,0.8105234375000002,0.07548828124999997,0.11398828125000009
27700,2.5228906249999996,0.8111523437499998,0.07689062500000003,0.11195703125000006
27800,2.523731250000001,0.8113945312499998,0.07614453125000004,0.11246093750000008
27900,2.5243035156250007,0.8117539062500003,0.07551953125000001,0.1127265625
28000,2.5253515624999996,0.81316015625,0.07521093749999998,0.11162890624999999
28100,2.5268699218750004,0.81459375,0.074484375,0.11092187500000009
28200,2.527200781249999,0.8142617187499995,0.07406249999999999,0.11167578124999998
28300,2.5271917968750017,0.8139335937500001,0.07342578124999996,0.11264062500000004
28400,2.527873046875,0.8144179687499999,0.07328906250000003,0.11229296875000001
28500,2.5283999999999995,0.8146757812499996,0.0727734375,0.11255078125000004
28600,2.528281640625,0.8151289062499996,0.07325390625000003,0.11161718749999999
28700,2.5282792968749996,0.81526953125,0.07320703125000004,0.11152343749999996
28800,2.5294265625000003,0.8159726562500002,0.07277343750000002,0.11125390625
28900,2.5301312499999997,0.8163906249999998,0.07239062500000001,0.11121874999999999
29000,2.530176562500001,0.8160507812499997,0.0716953125,0.11225390625000002
29100,2.531226562500001,0.8162343749999997,0.07048437499999999,0.11328124999999994
29200,2.533996484375,0.8171874999999998,0.06903515625000001,0.11377734375000001
29300,2.5357906250000006,0.8180585937500002,0.06782421875000003,0.11411718750000001
29400,2.5367011718750003,0.8189921875000004,0.06776953125000001,0.11323828125000003
29500,2.5372722656249995,0.8191875,0.06752343749999998,0.11328906249999998
29600,2.5369035156249993,0.8192382812500002,0.06877343749999995,0.11198828124999995
29700,2.5350007812500013,0.81874609375,0.07030859374999997,0.11094531250000002
29800,2.532388671875001,0.8172304687500005,0.07166406250000003,0.11110546875
29900,2.532246484374999,0.8168242187499998,0.07113671875000005,0.11203906250000002
30000,2.5324992187499986,0.8164882812500001,0.07024609375,0.11326562499999998
30100,2.533123828125,0.8169765625000002,0.06992187500000001,0.11310156250000004
30200,2.5338363281250005,0.81768359375,0.069953125,0.11236328124999997
30300,2.5348019531249997,0.8183203124999998,0.06948437500000001,0.11219531249999998
30400,2.535062109375,0.81876171875,0.06958203125000005,0.11165624999999997
30500,2.5338828125000004,0.8181328124999998,0.07000000000000002,0.11186718750000006
30600,2.5330546874999995,0.81776953125,0.07087500000000002,0.11135546875000005
30700,2.5322644531249994,0.8169179687499997,0.07119140625,0.11189062499999998
30800,2.53200546875,0.8164414062499994,0.07069140624999999,0.11286718750000002
30900,2.532705859375001,0.8169140625,0.07014453125000002,0.11294140624999999
31000,2.5327625,0.8169687499999996,0.06999609375000002,0.11303515625000002
31100,2.5344265625,0.8177617187499999,0.06923046875,0.11300781250000001
31200,2.536436718750001,0.8188398437499996,0.06791406250000001,0.11324609374999998
31300,2.5376542968750013,0.8194335937499997,0.0678125,0.11275390625000001
31400,2.536380859375002,0.8183359375000008,0.06871093749999997,0.11295312500000004
31500,2.5345015625,0.8178515625000002,0.07021875,0.11192968750000003
31600,2.5331066406249994,0.8167695312499998,0.07076953125,0.11246093749999994
31700,2.532465234374999,0.8160351562500001,0.07089453125,0.1130703125
31800,2.5325929687499995,0.8156328125000001,0.07070703125,0.11366015624999996
31900,2.5321203125000005,0.8157656249999994,0.07126953125000002,0.11296484374999997
32000,2.5312253906249995,0.8154843749999997,0.07203515625,0.11248046875
32100,2.529807421875,0.8142187499999998,0.07283593750000003,0.11294531250000003
32200,2.5284824218749997,0.81333203125,0.07335546874999997,0.11331250000000001
32300,2.5278078125000003,0.8129960937500005,0.07357812500000002,0.11342578125000002
32400,2.52813671875,0.81313671875,0.07336328125,0.11349999999999999
32500,2.5296828124999995,0.8144570312499999,0.07268359375000001,0.11285937500000003
32600,2.529391406249999,0.8143320312499999,0.07310546875000001,0.11256250000000001
32700,2.5289085937500007,0.81379296875,0.07329687500000001,0.11291015625000002
32800,2.5295609375,0.8145664062500005,0.07306640624999998,0.11236718750000005
32900,2.529193359374999,0.8140507812500002,0.07298828125000002,0.11296093749999997
33000,2.5293332031249998,0.8140546875000001,0.07265234374999999,0.11329296875000003
33100,2.5304089843749997,0.8146796875000004,0.07154296874999996,0.11377734375
33200,2.531348828125,0.8153398437499999,0.07132031249999997,0.11333984375
33300,2.5316777343749988,0.8154765625000002,0.07101171874999998,0.11351171875000002
33400,2.5316484374999995,0.8156679687499997,0.07139453124999998,0.11293749999999995
33500,2.532087890624999,0.8156171875,0.07155468750000002,0.11282812499999997
33600,2.531683593750001,0.8157617187500001,0.07213671875,0.11210156249999999
33700,2.52942109375,0.8141640625000002,0.072609375,0.11322656250000003
33800,2.5280726562499996,0.8131523437500003,0.07360546874999997,0.11324218750000004
33900,2.5281437500000004,0.8132343749999997,0.0733671875,0.11339843749999994
34000,2.52869921875,0.8139843750000001,0.07330468750000002,0.11271093750000001
34100,2.530248828125,0.8146171874999999,0.07212109374999998,0.11326171875000005
34200,2.5311230468749994,0.8158671874999995,0.07237890624999999,0.11175390625000003
34300,2.531892578125,0.8163750000000001,0.0715546875,0.1120703125
34400,2.5329011718750003,0.816453125,0.07082421874999996,0.11272265625000004
34500,2.5326031250000014,0.8163789062499996,0.07136718749999998,0.11225390624999995
34600,2.532237890625,0.8160585937500001,0.07142187499999997,0.11251953125000005
34700,2.5310617187499997,0.8151992187499998,0.07247265625000006,0.11232812499999999
34800,2.5291839843750004,0.8142734374999996,0.07351171874999997,0.11221484374999996
34900,2.527307421875001,0.8129726562499998,0.07412109374999998,0.11290625
35000,2.5277394531249997,0.8133632812500002,0.07356250000000002,0.11307421875
35100,2.528243359375,0.8132929687500001,0.07294531249999996,0.11376171874999999
35200,2.528753906249999,0.8142148437500003,0.07230859375000002,0.11347656250000003
35300,2.5305238281250007,0.8150429687499996,0.07148046875000003,0.11347656250000004
35400,2.532184375000001,0.81643359375,0.07123828125000001,0.11232812500000001
35500,2.5319953125,0.8159023437499996,0.07123046874999998,0.11286718750000001
35600,2.531546484375001,0.81573046875,0.07110156250000005,0.11316796874999994
35700,2.531047265624999,0.8153867187500003,0.07153515624999995,0.11307812500000003
35800,2.532796093749999,0.8166015624999994,0.07090234375000001,0.11249609375000003
35900,2.5339007812500003,0.8168867187499997,0.07024609375000009,0.11286718749999995
36000,2.53310859375,0.8166093749999999,0.07099218749999998,0.11239843749999995
36100,2.5317128906250006,0.8157890624999998,0.07162890625,0.11258203124999999
36200,2.5321875000000005,0.8162460937500006,0.07146875000000003,0.11228515624999996
36300,2.5302949218749995,0.8152304687499999,0.07224218749999997,0.11252734375000001
36400,2.53065234375,0.8156132812500002,0.07221874999999998,0.11216796875
36500,2.5308929687499986,0.8154570312499997,0.07240234374999999,0.11214062500000004
36600,2.528264453124999,0.8144374999999999,0.07362890625000001,0.11193359374999999
36700,2.5288570312500007,0.81488671875,0.07340234375,0.11171093749999991
36800,2.5290738281249987,0.8153203124999997,0.07326171874999998,0.11141796874999997
36900,2.529708203125,0.8154179687499999,0.07248828124999998,0.11209374999999998
37000,2.5295140624999997,0.8156640625,0.07323046875000001,0.11110546875000002
37100,2.5295609375,0.8160078124999997,0.07328906250000002,0.11070312500000003
37200,2.530035156249999,0.8161250000000001,0.07226562500000004,0.11160937500000001
37300,2.5315238281249988,0.8165156250000001,0.07100781249999999,0.1124765625
37400,2.532773828124999,0.8173984375,0.070375,0.11222656250000003
37500,2.5346597656250003,0.8187851562499999,0.0688828125,0.11233203124999998
37600,2.5358441406249987,0.8193476562499998,0.06899609374999997,0.11165625000000001
37700,2.5351121093749995,0.8188554687499999,0.06934375000000002,0.11180078125
37800,2.5355191406249995,0.8187109374999996,0.06864843749999996,0.11264062500000002
37900,2.534847265625,0.81841796875,0.06947265624999999,0.11210937500000002
38000,2.534285546874999,0.8184414062500007,0.07019921874999994,0.11135937499999998
38100,2.5326625000000003,0.817625,0.07122656249999995,0.11114843750000002
38200,2.5316484375,0.8170273437499996,0.07218359375000001,0.11078906250000002
38300,2.5314617187499984,0.8168515625000002,0.07224609374999998,0.11090234374999995
38400,2.5319523437500018,0.8171953124999999,0.07154687500000001,0.11125781249999998
38500,2.5334484374999997,0.8185195312500002,0.07101953124999996,0.11046093750000006
38600,2.534189843750001,0.8191328125,0.07072656250000002,0.11014062499999995
38700,2.5338738281250013,0.8194609375000004,0.07091015625,0.10962890625000002
38800,2.533305078125001,0.8185078125,0.07099609374999996,0.11049609375
38900,2.5319132812499996,0.8166718749999999,0.07137109375000002,0.11195703124999998
39000,2.5311890624999993,0.8161171875000003,0.07153906249999996,0.11234375
39100,2.5304374999999992,0.8159374999999994,0.07248437499999999,0.11157812499999994
39200,2.5284429687500007,0.8146054687499995,0.07343359374999998,0.11196093750000007
39300,2.528439453125001,0.8150742187499995,0.07385546875000003,0.11107031249999999
39400,2.5270531250000006,0.8138203125000001,0.074484375,0.1116953125
39500,2.52553046875,0.8129414062500001,0.0758828125,0.11117578125000001
39600,2.524314453125,0.81262109375,0.07666796874999998,0.11071093749999995
39700,2.521985546874999,0.8105390624999999,0.07792578124999999,0.11153515625000006
39800,2.520654296875002,0.8098046875000001,0.07819140624999997,0.11200390625000001
39900,2.519515234375001,0.8089218750000005,0.07867968750000001,0.11239843750000009
40000,2.5197859374999996,0.8082773437499997,0.07791796874999997,0.11380468750000004
40100,2.5196132812500007,0.8083320312500002,0.07807812499999996,0.11358984375000002
40200,2.5206445312499994,0.8093437500000006,0.07800390624999994,0.11265234375000002
40300,2.5215503906249994,0.80918359375,0.07741406249999998,0.11340234375
40400,2.521077343749999,0.8092734375000002,0.07742578125000002,0.11330078124999998
40500,2.5216332031250013,0.8094257812499995,0.07693359375,0.11364062499999998
40600,2.524512499999998,0.8112851562500003,0.07507421874999999,0.11364062499999997
40700,2.526637890625001,0.81344140625,0.07443750000000002,0.11212109375000004
40800,2.5272132812500003,0.8132031249999997,0.07387890625000003,0.11291796875000004
40900,2.526948046875,0.8134335937499997,0.07456640624999995,0.11200000000000003
41000,2.526660937499999,0.8132421874999998,0.07439062499999999,0.11236718750000001
41100,2.5259964843750002,0.8126835937500003,0.07472656249999995,0.11258984374999996
41200,2.526144140625001,0.81321484375,0.07477734375,0.11200781249999996
41300,2.5274894531249985,0.8137656249999998,0.07361328124999995,0.11262109375000004
41400,2.52901953125,0.8141484375,0.07241015625000002,0.11344140625
41500,2.529768359375,0.8148203125000002,0.0722734375,0.11290625
41600,2.531266796875,0.8158359375000002,0.0712421875,0.11292187499999999
41700,2.5335320312499996,0.8172109374999998,0.07040234374999998,0.11238671874999999
41800,2.5339269531249986,0.8181210937500003,0.07048437500000003,0.11139453125000005
41900,2.5349246093749995,0.8186601562500001,0.06998828124999996,0.11135156249999999
42000,2.5356328125,0.8194882812500002,0.06921484375000002,0.11129687499999998
42100,2.53847890625,0.8209882812499998,0.06793359374999995,0.111078125
42200,2.5402269531250004,0.8223906250000002,0.06726171874999999,0.11034765625000001
42300,2.5411624999999995,0.8230234375000002,0.06678906250000001,0.11018750000000006
42400,2.5400957031249987,0.8219999999999998,0.06707421874999998,0.11092578124999997
42500,2.539019531250001,0.8215585937500001,0.06814843750000002,0.11029296874999998
42600,2.5386757812499994,0.8211289062500003,0.06792578125,0.11094531249999999
42700,2.5396722656250006,0.8221992187499998,0.06755859374999999,0.11024218750000002
42800,2.541390625000001,0.8230468749999998,0.06684375000000002,0.11010937500000002
42900,2.5422894531250004,0.8238828124999995,0.06666015624999999,0.10945703125
43000,2.5417785156249995,0.823671875,0.06697265624999997,0.10935546875000002
43100,2.541470703124999,0.8234296875000003,0.06741406249999997,0.10915624999999997
43200,2.542273828125,0.8238046875,0.06648046875000001,0.10971484374999997
43300,2.5441171875,0.8245234375000003,0.06483984375000003,0.11063671875000002
43400,2.545851953125,0.8258046875000001,0.06457031250000002,0.10962500000000001
43500,2.547534765625,0.82734375,0.06387109375000001,0.10878515624999997
43600,2.547937109374999,0.8273593750000005,0.06337890624999999,0.10926171874999997
43700,2.547908203125001,0.8274335937499998,0.06349218749999999,0.10907421875000003
43800,2.5474824218750003,0.8270664062499999,0.06416015624999999,0.10877343750000007
43900,2.5468156250000007,0.8267695312499996,0.06451171875,0.10871875
44000,2.5458324218750006,0.8261171874999997,0.06512890625000001,0.10875390625000003
44100,2.54529921875,0.8260039062500002,0.06533984374999999,0.10865625000000005
44200,2.544417578125001,0.8253867187500001,0.06580468750000001,0.10880859375000002
44300,2.5438308593750008,0.8248085937500003,0.06574609375,0.10944531249999999
44400,2.5435824218750005,0.8238398437499996,0.06619140625000004,0.10996875000000002
44500,2.5409789062500017,0.8220156250000004,0.06753906249999998,0.1104453125
44600,2.53920859375,0.8210820312500005,0.06816015624999998,0.11075781250000005
44700,2.5408218750000007,0.8215937499999998,0.06674218749999998,0.11166406250000004
44800,2.540775781249999,0.8215078124999995,0.06687500000000003,0.11161718749999998
44900,2.5425035156250013,0.8223554687500004,0.06546484375000002,0.11217968750000001
45000,2.5428019531249992,0.8226367187499996,0.06558984374999999,0.11177343749999999
45100,2.5435,0.8231484375000002,0.06600390625,0.11084765624999998
45200,2.5434273437499995,0.8237851562499999,0.06603906250000001,0.11017578125000002
45300,2.5431499999999994,0.8233164062499999,0.06597656250000003,0.11070703125000002
45400,2.5439730468749997,0.8237578124999999,0.06531250000000002,0.11092968749999998
45500,2.5443191406250008,0.8237812500000004,0.06514843750000002,0.11107031250000002
45600,2.54445703125,0.8239570312499996,0.06509375,0.11094921874999998
45700,2.544299609375,0.82442578125,0.06550781250000004,0.11006640624999996
45800,2.5430085937499998,0.82364453125,0.06650390624999997,0.1098515625
45900,2.5418718749999996,0.82346875,0.06741015625,0.10912109375
46000,2.540451953125,0.8221953125000003,0.0679296875,0.10987500000000001
46100,2.5400320312500004,0.8219648437500006,0.06828515625000002,0.10975
46200,2.5386203125,0.8206601562499998,0.06850000000000002,0.11083984375000003
46300,2.5384003906250006,0.8204960937500002,0.0688046875,0.11069921875000006
46400,2.537722265625,0.8201249999999997,0.06890624999999999,0.11096875000000003
46500,2.537830468749999,0.819984375,0.06882031250000001,0.11119531250000003
46600,2.538179296875,0.8203046874999999,0.06883984375,0.11085546875000003
46700,2.5380992187499984,0.8204804687499999,0.068890625,0.11062890625000006
46800,2.5373582031249984,0.8199882812500001,0.06917968750000003,0.11083203125000005
46900,2.535549609374999,0.8186679687499998,0.0696171875,0.11171484374999999
47000,2.5344855468750005,0.8182343750000001,0.07055078124999997,0.11121484375
47100,2.5324613281249992,0.8173164062499997,0.07143749999999999,0.11124609375000004
47200,2.5333250000000005,0.8180546875000002,0.07116406250000001,0.11078124999999998
47300,2.534913671874999,0.8190312500000001,0.07036328124999999,0.11060546874999996
47400,2.5352195312500005,0.81959765625,0.07035937499999999,0.11004296874999997
47500,2.5367441406249993,0.8196640624999996,0.06948046875000001,0.11085546874999999
47600,2.537297265624999,0.8205156249999997,0.06963671875000002,0.10984765625000002
47700,2.537165234374999,0.8202421874999997,0.06903515625000002,0.11072265624999997
47800,2.537666796875003,0.8203750000000002,0.06865625000000003,0.11096875000000003
47900,2.5381839843750003,0.8204374999999995,0.06841015624999999,0.11115234374999997
48000,2.5416199218749997,0.8222851562500002,0.0663203125,0.11139453125
48100,2.5422253906250014,0.8233984374999999,0.06641406250000004,0.11018750000000001
48200,2.5433117187499996,0.8236406249999999,0.06575000000000002,0.110609375
48300,2.5418769531250005,0.8227851562499998,0.06662890625,0.1105859375
48400,2.54044609375,0.82188671875,0.06748046875000001,0.11063281250000004
48500,2.5396410156249996,0.8208945312499999,0.06794140624999995,0.11116406250000005
48600,2.5393589843750006,0.8208671875000001,0.06810546875000001,0.11102734374999998
48700,2.5381445312499986,0.8201718750000003,0.06907421875,0.11075390625000005
48800,2.5380855468750014,0.8204921874999999,0.06936328125,0.11014453124999998
48900,2.5387425781250004,0.8207070312500001,0.0689375,0.11035546875000003
49000,2.538863281250001,0.8204414062500003,0.06883593750000001,0.11072265625000004
49100,2.537944531250001,0.8202070312500004,0.06947656249999998,0.11031640625000005
49200,2.538365234374999,0.8205507812500004,0.06893359375000004,0.11051562499999999
49300,2.538874609374999,0.8204218750000001,0.06848437499999997,0.11109374999999999
49400,2.5377554687499995,0.8195429687500004,0.06906640625,0.11139062500000001
49500,2.5365820312500005,0.81844140625,0.0697265625,0.11183203125000006
49600,2.5366804687499998,0.8182343750000001,0.06972265624999999,0.11204296875
49700,2.537187109375,0.81919921875,0.06929296875,0.11150781249999998
49800,2.5373601562500006,0.8193398437500002,0.06929296875000004,0.1113671875
49900,2.537174609375,0.8191796875,0.0694609375,0.11135937500000004
50000,2.5364441406249996,0.8192109375000005,0.06980859375000002,0.11098046875000005
50100,2.5370929687499997,0.8195156250000001,0.06923828124999999,0.11124609375000004
50200,2.5372152343749996,0.8193398437499998,0.0690234375,0.11163671874999997
50300,2.5368460937499995,0.8183359374999998,0.0688828125,0.11278125
50400,2.536432812499999,0.8189023437499993,0.06961328124999998,0.11148437500000004
50500,2.5370281250000004,0.8192031249999998,0.06930859375000001,0.11148828125
50600,2.5366832031249995,0.8189101562500001,0.06924218749999998,0.11184765624999995
50700,2.5376101562500013,0.8197539062500001,0.06875390625000001,0.11149218750000002
