step,mean_aspect_ratio,fraction_elongated,fraction_round,fraction_binary
100,1.0,0.0,1.0,0.0
200,1.0346015624999998,0.0018125000000000014,0.8994960937500002,0.09869140624999999
300,1.0264953125000003,0.0022890625000000016,0.918296875,0.07941406250000001
400,1.0227,0.0021601562500000015,0.9266328125,0.07120703124999997
500,1.0207890624999996,0.002039062500000001,0.9303085937500001,0.06765234375
600,1.019218359375,0.001972656250000001,0.9343359375,0.06369140625
700,1.0182624999999996,0.001828125000000001,0.9363750000000003,0.061796875
800,1.0173953125,0.0018164062500000007,0.9386914062500001,0.05949218749999999
900,1.0172726562499996,0.0018984375000000008,0.9383749999999997,0.059726562500000024
1000,1.0171257812499999,0.0018203125000000007,0.9392187500000001,0.05896093750000001
1100,1.0171210937499997,0.0018359375000000008,0.9398125000000002,0.058351562500000016
1200,1.0166828125,0.0017929687500000007,0.9402929687499999,0.0579140625
1300,1.0163925781249996,0.0018476562500000008,0.94098828125,0.05716406250000001
1400,1.0160289062499994,0.0018242187500000008,0.94192578125,0.05624999999999999
1500,1.0161371093749998,0.0018828125000000004,0.9415117187500001,0.05660546875000001
1600,1.0164453125,0.00195703125,0.941015625,0.05702734374999998
1700,1.0164664062500004,0.00204296875,0.9415585937500001,0.056398437499999995
1800,1.0164894531250002,0.00202734375,0.9420507812499997,0.05592187500000004
1900,1.0165289062499994,0.0022265625000000002,0.9420507812499995,0.05572265625000001
2000,1.0171089843750003,0.00233984375,0.9417460937499994,0.05591406249999999
2100,1.0172355468749996,0.00251953125,0.9423632812499999,0.05511718750000004
2200,1.01768515625,0.0026757812500000006,0.9413945312499998,0.05592968749999999
2300,1.0178179687500002,0.0027148437500000007,0.9413515624999997,0.05593359375000001
2400,1.018012109375,0.0028945312500000013,0.94184375,0.05526171875000002
2500,1.0184996093749998,0.003003906250000001,0.9414218749999997,0.05557421875000001
2600,1.0188816406249996,0.0030820312500000006,0.9410312499999998,0.05588671875
2700,1.018869140625,0.003144531250000001,0.9417109374999993,0.055144531249999976
2800,1.0190695312499998,0.0032968750000000003,0.9411328124999994,0.05557031250000001
2900,1.0190402343749998,0.0034062500000000004,0.9420000000000001,0.05459375000000003
3000,1.0195757812500001,0.0035820312500000006,0.9412187500000007,0.05519921875000003
3100,1.0200308593749996,0.0037265625000000003,0.9406445312499997,0.055628906250000006
3200,1.0205070312499998,0.0040078125,0.9404726562499998,0.05551953124999998
3300,1.0213683593749996,0.0043359375,0.9399414062499993,0.05572265625000001
3400,1.0218457031250003,0.00448828125,0.9401796875,0.05533203125
3500,1.02275390625,0.004757812499999999,0.93924609375,0.05599609375000002
3600,1.0236042968749997,0.005035156249999999,0.93868359375,0.05628125
3700,1.0241496093750004,0.005351562499999998,0.9389257812500005,0.05572265625000003
3800,1.0248824218749997,0.005636718749999996,0.9388671874999996,0.05549609375
3900,1.0255464843749993,0.005996093749999996,0.9382148437500003,0.055789062500000014
4000,1.026771875,0.006351562499999996,0.9364648437499995,0.05718359375
4100,1.0266117187500003,0.006472656249999998,0.93719921875,0.05632812500000002
4200,1.0269390624999999,0.006679687499999997,0.9372460937500002,0.05607421875000003
4300,1.0274023437499997,0.006906249999999997,0.93716015625,0.05593359375
4400,1.027931640625,0.007164062499999994,0.9365,0.05633593750000005
4500,1.028039453125,0.007144531249999995,0.9367304687499999,0.05612500000000002
4600,1.0285218750000003,0.0072773437499999965,0.9363828125000001,0.05633984375000003
4700,1.0291117187500005,0.007574218749999997,0.9360390625000001,0.05638671875
4800,1.0299355468750002,0.007898437499999996,0.9356874999999996,0.0564140625
4900,1.030653124999999,0.008238281249999995,0.9349999999999998,0.05676171875000004
5000,1.0313453125,0.008589843749999996,0.9349023437499997,0.056507812500000025
5100,1.03223203125,0.008839843749999991,0.9344414062499996,0.05671875
5200,1.0329382812499994,0.009054687499999997,0.9341835937499995,0.05676171874999999
5300,1.0333558593749999,0.009382812499999995,0.9337148437499995,0.05690234375000003
5400,1.0338906250000002,0.009664062499999994,0.9326484375,0.05768750000000002
5500,1.0344625000000003,0.010054687499999996,0.9325468749999999,0.05739843750000002
5600,1.035185546875,0.01048046874999999,0.9324492187499999,0.057070312500000005
5700,1.0363609375,0.010843749999999994,0.9321132812500001,0.05704296875000003
5800,1.036987890625,0.011128906249999996,0.9318749999999993,0.05699609375000001
5900,1.0376386718750004,0.011437499999999996,0.9314921875000002,0.0570703125
6000,1.038712109375,0.011785156249999996,0.9303671874999996,0.05784765625000003
6100,1.0394296875,0.012132812499999996,0.9297695312499998,0.058097656249999984
6200,1.0401218749999999,0.012320312499999994,0.9297187499999993,0.05796093750000001
6300,1.0405238281249996,0.012394531249999993,0.9292812500000001,0.05832421875
6400,1.0406246093749998,0.012515624999999996,0.9294140625000001,0.05807031250000001
6500,1.0411042968749995,0.012703124999999996,0.9290546875000001,0.05824218750000002
6600,1.0416359375,0.012968749999999992,0.9289804687499998,0.05805078125000002
6700,1.0423988281250003,0.012996093749999995,0.9281132812500004,0.058890625
6800,1.0424828125,0.013109374999999998,0.9281406249999999,0.058750000000000024
6900,1.0424917968749998,0.013253906249999992,0.92821484375,0.05853125000000003
7000,1.0425207031250003,0.013472656249999996,0.9285273437500003,0.05800000000000003
7100,1.0425671874999998,0.013496093749999993,0.9285546875000004,0.057949218750000024
7200,1.0424039062500003,0.013449218749999997,0.9286914062499997,0.05785937500000002
7300,1.0430109374999998,0.013546874999999995,0.9284765624999999,0.0579765625
7400,1.0434527343750002,0.013851562499999998,0.9281718749999995,0.05797656250000001
7500,1.0440628906249996,0.013972656249999998,0.9275937500000001,0.05843359375000002
7600,1.0440386718749999,0.014011718749999996,0.92844921875,0.05753906250000004
7700,1.0446023437499996,0.014249999999999995,0.92730859375,0.058441406250000015
7800,1.0455781250000002,0.014460937499999995,0.9263476562499999,0.05919140625000003
7900,1.0458124999999998,0.014746093749999998,0.9262539062500001,0.059000000000000025
8000,1.045662890625,0.01473828124999999,0.92637890625,0.05888281250000002
8100,1.0455355468750003,0.014699218749999991,0.9268046875000001,0.05849609375000004
8200,1.0458664062499998,0.014808593749999991,0.92691796875,0.058273437500000004
8300,1.0458285156250005,0.014730468749999994,0.9267460937500004,0.058523437500000025
8400,1.0461480468750004,0.014960937499999997,0.9269335937499994,0.058105468750000014
8500,1.0463746093749995,0.014828124999999994,0.9262382812499996,0.05893359375000002
8600,1.0467945312499998,0.014984374999999996,0.924859375,0.06015625000000002
8700,1.04716875,0.015261718749999997,0.9261132812499999,0.05862500000000001
8800,1.0473421875000004,0.015363281249999996,0.9262499999999992,0.05838671874999999
8900,1.0482523437499998,0.015742187499999998,0.9253749999999995,0.058882812500000034
9000,1.04863515625,0.015937499999999997,0.92597265625,0.058089843749999995
9100,1.0494515625,0.01619140624999999,0.9247695312499998,0.05903906250000001
9200,1.05027265625,0.01644531249999999,0.9235078125,0.060046875000000034
9300,1.0508437500000003,0.016617187499999995,0.9234023437500001,0.059980468750000036
9400,1.0517484375000001,0.016953125,0.9231289062500002,0.05991796875000002
9500,1.053073828125,0.017339843749999997,0.92181640625,0.06084375
9600,1.053359765625,0.017621093749999997,0.9218242187499998,0.060554687500000044
9700,1.053508984375,0.017855468749999995,0.9223476562499998,0.05979687500000005
9800,1.0541359375000001,0.018152343749999994,0.9215546874999997,0.06029296874999999
9900,1.0546374999999997,0.018507812499999995,0.92124609375,0.06024609375
10000,1.055012109375,0.018406249999999996,0.9208203124999998,0.06077343749999999
10100,1.0549546875,0.018363281249999995,0.9209609374999996,0.06067578125000004
10200,1.0550136718749994,0.018425781249999988,0.92112890625,0.06044531250000002
10300,1.055374609375,0.018718749999999992,0.9212539062500003,0.06002734375000001
10400,1.0559429687499997,0.01890234374999999,0.9205273437500003,0.06057031250000003
10500,1.0563140624999994,0.018972656249999994,0.91995703125,0.06107031250000003
10600,1.0561253906249999,0.018902343749999995,0.9207109375,0.06038671874999997
10700,1.056319140625,0.018960937499999993,0.9211718749999996,0.05986718750000001
10800,1.05663203125,0.018941406249999997,0.9197539062499995,0.06130468750000002
10900,1.0566261718750005,0.0186328125,0.9199023437499994,0.06146484375000002
11000,1.0560136718750006,0.018648437499999997,0.9201874999999999,0.061164062500000005
11100,1.0553781250000005,0.018457031249999995,0.9211328124999998,0.060410156250000006
11200,1.0547195312499997,0.018171874999999997,0.9217499999999998,0.060078125000000045
11300,1.0545441406250005,0.018238281249999995,0.9213515624999999,0.06041015625000002
11400,1.0551949218749994,0.018253906249999997,0.92077734375,0.06096875000000003
11500,1.0553140625,0.018558593749999998,0.9211953124999996,0.060246093750000035
11600,1.0558566406249998,0.018710937499999997,0.9205624999999997,0.060726562499999984
11700,1.0563199218750001,0.018921874999999994,0.92034765625,0.060730468750000016
11800,1.056425390625,0.018953125,0.92045703125,0.060589843750000004
11900,1.0557113281249992,0.01886328125,0.9213789062499996,0.05975781250000003
12000,1.0557304687499998,0.018863281249999996,0.9215546875,0.059582031250000014
12100,1.0559046875,0.019062499999999996,0.9217968749999995,0.059140625000000016
12200,1.056065625,0.01905078125,0.9214296875,0.05951953125
12300,1.056037890625,0.019222656249999998,0.9222812499999993,0.058496093750000006
12400,1.0560359374999997,0.019027343749999995,0.9213242187499996,0.059648437500000026
12500,1.0563195312499998,0.018906249999999993,0.9209257812499999,0.060167968750000037
12600,1.0560324218750003,0.0189140625,0.9216289062499995,0.05945703125000002
12700,1.0555289062499997,0.018843749999999996,0.9226406249999999,0.05851562500000002
12800,1.055707421874999,0.018703125,0.92186328125,0.05943359374999999
12900,1.0555957031249996,0.018921874999999994,0.9217539062499998,0.05932421875000003
13000,1.055726953124999,0.019234374999999998,0.9221718749999999,0.05859375000000003
13100,1.0559492187499995,0.0195,0.9224414062499998,0.05805859375000001
13200,1.05637421875,0.019441406249999994,0.92167578125,0.0588828125
13300,1.0566667968750005,0.01967578125,0.9214140624999998,0.05891015625000003
13400,1.05699296875,0.019890625,0.9211249999999999,0.058984375000000006
13500,1.0578105468750005,0.02011328125,0.9203945312500004,0.0594921875
13600,1.0585222656249995,0.02037890624999999,0.9195781250000006,0.060042968750000016
13700,1.0600523437499998,0.020828124999999996,0.9178906250000001,0.061281249999999995
13800,1.0605585937500006,0.02093359375,0.9179062499999997,0.06116015625000003
13900,1.0606722656250005,0.02126171874999999,0.9182499999999999,0.06048828125
14000,1.0610203125,0.021453124999999997,0.9178281249999999,0.06071875000000001
14100,1.0610953125000004,0.02169140625,0.9187421874999996,0.05956640625000001
14200,1.0617578124999998,0.021835937500000003,0.9182890624999996,0.059875
14300,1.061981640625,0.021761718750000002,0.9184921875000001,0.05974609375000001
14400,1.061571875,0.021566406250000007,0.9188437499999995,0.05958984375
14500,1.0611664062499997,0.021574218750000002,0.9198593749999997,0.05856640625000002
14600,1.0608261718750003,0.021472656249999996,0.9196132812499999,0.058914062499999996
14700,1.0600898437500004,0.021339843750000007,0.9199570312499995,0.058703125000000016
14800,1.0602101562500001,0.02139453124999999,0.9201054687499994,0.05850000000000002
14900,1.0597101562499998,0.021167968749999995,0.92009765625,0.058734375000000005
15000,1.0603644531249998,0.021320312500000004,0.9198164062499999,0.05886328125000001
15100,1.061112890625,0.021453125000000003,0.9184492187499997,0.06009765625000003
15200,1.0617167968749996,0.021660156250000003,0.9180000000000003,0.06033984375000002
15300,1.0621394531250001,0.021757812499999994,0.9177890624999996,0.06045312500000004
15400,1.0626984375000001,0.022269531250000002,0.9177460937500002,0.05998437500000003
15500,1.0635734374999992,0.022746093750000005,0.9181054687500001,0.059148437500000046
15600,1.0637671874999999,0.02269921875000001,0.9174101562499997,0.059890625000000024
15700,1.0640558593750002,0.02275390625000001,0.91730859375,0.059937499999999956
15800,1.0653875000000002,0.02341406250000001,0.9161835937499995,0.060402343750000045
15900,1.0658421874999997,0.023687500000000004,0.9168085937499996,0.05950390625000001
16000,1.06687734375,0.0241328125,0.9159492187499999,0.059917968750000015
16100,1.0679417968749998,0.024390624999999996,0.914984375,0.060625
16200,1.0685753906250002,0.024582031250000004,0.9152890624999996,0.060128906250000044
16300,1.0693109374999998,0.024992187500000006,0.9136679687499999,0.06133984375000003
16400,1.0694824218749999,0.025128906250000003,0.9139374999999998,0.06093359375000001
16500,1.0702929687500007,0.025281250000000005,0.91326953125,0.06144921875000001
16600,1.0705785156249998,0.025332031250000005,0.9135624999999996,0.06110546875000001
16700,1.0711980468750004,0.025531250000000012,0.9126757812499998,0.06179296875
16800,1.07139296875,0.025535156250000007,0.9123750000000002,0.06208984374999998
16900,1.0712667968750005,0.02562890625000001,0.9124765625000002,0.06189453124999998
17000,1.0711980468750002,0.026058593750000008,0.9128749999999998,0.061066406250000024
17100,1.071559375,0.026078125,0.9125039062500001,0.061417968749999996
17200,1.071296484375,0.025914062499999998,0.91301953125,0.06106640625
17300,1.0715863281249998,0.025906250000000002,0.9122031249999998,0.061890624999999984
17400,1.0717699218749999,0.026136718750000006,0.9125624999999997,0.061300781250000005
17500,1.0719636718750005,0.02628125,0.9123789062499997,0.061339843750000005
17600,1.07153515625,0.025929687500000003,0.9132460937500002,0.06082421875000003
17700,1.0719261718750002,0.02625390625,0.91287890625,0.060867187499999996
17800,1.0718945312500003,0.026433593750000005,0.9136054687499998,0.05996093750000005
17900,1.0724878906249995,0.02653125,0.91294921875,0.060519531250000036
18000,1.0735808593750003,0.026886718750000007,0.9114140624999997,0.06169921875
18100,1.0742691406250002,0.02715234375000001,0.9104609375000002,0.06238671875000001
18200,1.0750937499999997,0.02760546875,0.9107187500000001,0.06167578125000004
18300,1.0756164062499995,0.027828125000000016,0.9102148437499997,0.06195703125000001
18400,1.075912109375,0.028035156250000005,0.9108554687500001,0.061109375000000014
18500,1.0765218749999999,0.028140625000000002,0.91031640625,0.061542968749999996
18600,1.076690234375,0.028214843750000006,0.9094492187499997,0.062335937500000015
18700,1.0771566406250004,0.02836328125000001,0.9092265625,0.06241015625
18800,1.0779871093750002,0.028460937500000002,0.9081328125000001,0.06340625000000001
18900,1.0783117187499995,0.028863281249999994,0.9086679687500001,0.062468749999999976
19000,1.0787625000000003,0.029300781250000005,0.9083515624999993,0.06234765625000003
19100,1.0786355468750004,0.029164062500000008,0.9088867187499997,0.061949218750000035
19200,1.0785996093749999,0.02909375,0.9088789062500001,0.06202734375000003
19300,1.07886484375,0.029363281250000012,0.9090742187500002,0.06156249999999998
19400,1.0790160156250004,0.029480468750000006,0.9089296874999998,0.061589843750000005
19500,1.0789117187500004,0.0295078125,0.9094296875000002,0.06106249999999999
19600,1.0790945312500004,0.029500000000000005,0.9091601562499995,0.06133984374999999
19700,1.0793750000000004,0.029398437500000003,0.9090781249999998,0.061523437500000014
19800,1.0803480468749997,0.02967968750000001,0.9080429687499991,0.06227734375000004
19900,1.0800398437500003,0.029597656250000007,0.9083749999999999,0.06202734375
20000,1.0806824218749995,0.029632812499999998,0.9079101562499998,0.062457031250000024
20100,1.0812714843749998,0.029953125,0.9073476562499997,0.06269921875000002
20200,1.0811003906250003,0.02998828125000001,0.9071640624999997,0.06284765625000002
20300,1.0810750000000002,0.02990625000000001,0.9069414062499997,0.06315234375000003
20400,1.0805906249999995,0.030011718749999996,0.9079609374999995,0.062027343749999984
20500,1.0812148437500002,0.030390625000000004,0.9080429687499999,0.061566406249999976
20600,1.0815917968750002,0.030636718750000007,0.9081562499999998,0.06120703124999999
20700,1.082369921875,0.03107812499999999,0.90752734375,0.061394531250000016
20800,1.0825011718749997,0.031398437499999994,0.9075039062500003,0.06109765625
20900,1.083109765625,0.0316015625,0.9067851562499999,0.06161328124999997
21000,1.0837746093749996,0.032003906250000005,0.9055351562500001,0.062460937499999994
21100,1.0837769531249999,0.03191406250000001,0.90601171875,0.06207421875000003
21200,1.0841917968750003,0.032140625000000006,0.9056953124999998,0.06216406250000002
21300,1.0847156250000003,0.032359375,0.9055976562500001,0.06204296875
21400,1.0847300781249998,0.032378906250000006,0.9056835937500001,0.0619375
21500,1.08521796875,0.03256640625000001,0.9056992187499997,0.061734375
21600,1.0857425781249996,0.032832031250000004,0.9054726562500001,0.06169531250000002
21700,1.0859699218750003,0.03301171875000001,0.9055937500000004,0.061394531250000016
21800,1.0865066406249997,0.03312109375,0.9052890624999996,0.06158984375000002
21900,1.0865546874999998,0.03301171875000001,0.9051679687499997,0.061820312500000016
22000,1.0857882812500004,0.03278906250000001,0.9052890624999995,0.06192187499999999
22100,1.0856476562499997,0.032515625000000006,0.9048710937499994,0.06261328125000003
22200,1.0860609375,0.032671874999999996,0.9042656249999997,0.06306249999999998
22300,1.0864699218749998,0.032671874999999996,0.9042148437499997,0.06311328125000003
22400,1.0873140625,0.033054687500000006,0.90326953125,0.06367578125
22500,1.0878703125000002,0.033265625,0.9029140624999996,0.06382031249999998
22600,1.0875144531249998,0.03353124999999999,0.9036796874999997,0.06278906250000005
22700,1.0868828125000003,0.0332734375,0.9047734374999999,0.061953125000000005
22800,1.0869925781249998,0.03355859375000001,0.9047265624999994,0.061714843750000005
22900,1.08717421875,0.03373046874999999,0.9050624999999999,0.061207031250000016
23000,1.087194921875,0.03375000000000001,0.9054882812500002,0.06076171875000001
23100,1.0873914062500003,0.0340390625,0.9054609375,0.060500000000000026
23200,1.0878289062500006,0.03412890625000001,0.9042421874999997,0.06162890625000002
23300,1.0875773437500003,0.033714843750000015,0.9046640624999999,0.061621093750000015
23400,1.0876210937500004,0.0336015625,0.9047187499999996,0.061679687499999976
23500,1.0884343749999998,0.033683593750000004,0.90376953125,0.062546875
23600,1.0887343749999998,0.033921875000000004,0.9035117187499995,0.06256640625000001
23700,1.089248828125,0.03435546875,0.9035781249999998,0.06206640624999999
23800,1.0899171875000002,0.034214843749999994,0.9027421874999998,0.06304296875000003
23900,1.0897035156250001,0.03444140625000001,0.9028124999999999,0.06274609375
24000,1.0898312500000005,0.03459765625,0.9037499999999996,0.06165234375000001
24100,1.089859765625,0.03469921875,0.9036875000000001,0.06161328125000004
24200,1.089319140625001,0.03449609375,0.9039609375,0.06154296875
24300,1.0898910156250003,0.03470312500000001,0.9036992187500001,0.06159765625000001
24400,1.0899343750000001,0.03473046874999999,0.903546875,0.06172265625
24500,1.090240234375,0.03457031249999999,0.9033984375000003,0.062031249999999996
24600,1.0900199218750004,0.034660156250000004,0.9032499999999996,0.06208984375000001
24700,1.0895773437499996,0.03459765625,0.9038085937499999,0.06159374999999997
24800,1.0898753906250003,0.03473828125,0.9035273437500002,0.06173437500000001
24900,1.0898925781250002,0.03491796875000001,0.9034414062499998,0.061640625000000004
25000,1.0895722656250006,0.034746093750000005,0.9048281250000006,0.060425781249999984
25100,1.0899335937499999,0.03478125,0.9041328124999997,0.06108593750000002
25200,1.0901042968749997,0.03473828124999999,0.9040078125000007,0.06125390625000001
25300,1.0905632812499997,0.03466406249999999,0.9035742187500002,0.06176171875000002
25400,1.0912210937500002,0.03467578125,0.9022070312500002,0.06311718749999999
25500,1.092332421875,0.03503125,0.9011953125,0.06377343749999997
25600,1.0925109374999997,0.03532421875,0.9018828125,0.06279296875000004
25700,1.0929671874999993,0.035671875000000006,0.9010742187499998,0.06325390624999998
25800,1.0924660156250001,0.03525,0.9015429687499996,0.06320703125000005
25900,1.0920644531250001,0.03498046875,0.9020859375,0.06293359375000003
26000,1.0914687500000004,0.03467578125000001,0.9017148437499998,0.06360937500000001
26100,1.0914171874999998,0.03428906250000001,0.9011874999999998,0.06452343749999997
26200,1.0911437500000003,0.03436328125000001,0.9019765624999996,0.06366015624999999
26300,1.0911124999999997,0.034582031249999985,0.9018164062499996,0.0636015625
26400,1.0902050781250003,0.03414453125,0.90291796875,0.06293750000000004
26500,1.0901691406249996,0.03411718749999999,0.9030312500000001,0.06285156250000001
26600,1.0899761718749996,0.033910156250000004,0.902828125,0.06326171875
26700,1.0891937500000006,0.03366406250000001,0.9036210937499997,0.06271484375
26800,1.088828515625,0.03363671875,0.9033007812499996,0.06306250000000001
26900,1.0885289062499992,0.0339296875,0.9047226562499999,0.061347656250000014
27000,1.0885085937500003,0.03368750000000001,0.9042890625000003,0.06202343750000001
27100,1.088822265625,0.033925781249999995,0.9035624999999998,0.06251171875000004
27200,1.08893828125,0.034285156250000004,0.9040859375000002,0.06162890625000001
27300,1.0898613281249998,0.03451171875,0.9033749999999997,0.06211328125000002
27400,1.091140234375,0.0347734375,0.9021718749999996,0.06305468749999998
27500,1.0913156249999998,0.0347578125,0.9022890625000002,0.06295312500000003
27600,1.09156953125,0.0351796875,0.9022968749999999,0.06252343750000001
27700,1.091402734375,0.0350859375,0.9033554687500002,0.06155859375000003
27800,1.0905613281249997,0.034683593749999984,0.904265625,0.061050781249999984
27900,1.0903687499999999,0.03455078125,0.9043671874999998,0.06108203124999999
28000,1.0908472656249997,0.035101562500000016,0.9040898437499999,0.06080859375
28100,1.0914234374999996,0.03526953125,0.90359765625,0.061132812500000015
28200,1.092658203125,0.03558984375,0.9026523437499998,0.06175781249999998
28300,1.0938144531250005,0.03592578125,0.9019257812500002,0.06214843750000001
28400,1.0946609375000005,0.03644140625,0.9008828124999998,0.06267578125000002
28500,1.0956367187500002,0.03679687499999999,0.9001054687499997,0.06309765624999998
28600,1.0968390625000002,0.0369765625,0.89925390625,0.06376953124999998
28700,1.0976992187499999,0.03766406249999999,0.8985117187499999,0.06382421875
28800,1.0978976562499994,0.03785546875000001,0.89841796875,0.0637265625
28900,1.0988296874999999,0.03816796874999999,0.8974257812500002,0.06440624999999998
29000,1.0997050781249995,0.03840624999999998,0.8976015624999999,0.06399218749999998
29100,1.100442578125,0.03868359375,0.8961171874999997,0.06519921875000002
29200,1.100750390625,0.03909375,0.8961601562500002,0.06474609375000001
29300,1.1027421874999996,0.039980468750000005,0.8956523437500001,0.0643671875
29400,1.10396015625,0.040527343750000014,0.8944609374999996,0.06501171875000004
29500,1.1038804687499995,0.0408359375,0.8952265624999997,0.06393750000000001
29600,1.1050058593749998,0.041339843750000015,0.8945624999999996,0.06409765625000001
29700,1.1049656250000002,0.0415078125,0.8951171875,0.06337500000000003
29800,1.1051765625000003,0.04167968749999999,0.8948945312500003,0.06342578125000002
29900,1.1050937499999998,0.04126953125,0.89490625,0.06382421875
30000,1.1044589843749995,0.0411953125,0.8954531249999994,0.06335156250000003
30100,1.1042093749999997,0.041031250000000026,0.8952109374999999,0.06375781250000002
30200,1.1048140624999998,0.04124999999999999,0.8949492187499994,0.06380078124999998
30300,1.1048398437500002,0.04111328124999999,0.8947851562499998,0.0641015625
30400,1.1050433593750002,0.041222656249999996,0.8944062500000005,0.06437109375000002
30500,1.105650390625,0.04145703125,0.8938867187499997,0.06465625
30600,1.106210546875,0.04189453125000001,0.8943085937499998,0.06379687499999999
30700,1.106992578125,0.042124999999999996,0.8932343749999997,0.06464062500000001
30800,1.1075394531249998,0.0424296875,0.8927460937499996,0.06482421874999998
30900,1.1077734374999997,0.04209375,0.8930429687500003,0.06486328125000002
31000,1.1077992187500003,0.04210546875,0.8927421874999998,0.06515234375
31100,1.107403125,0.042242187499999986,0.8931328124999998,0.064625
31200,1.1077078125000006,0.042277343749999995,0.8931757812500001,0.06454687499999999
31300,1.1095539062500002,0.042734374999999984,0.8910664062499996,0.06619921875000002
31400,1.1102531250000003,0.04286328125,0.8904570312499998,0.06667968750000001
31500,1.1102632812500002,0.04285546874999998,0.8903320312499996,0.06681249999999998
31600,1.1106124999999998,0.04299999999999998,0.8904570312499999,0.06654296875000003
31700,1.1104917968749997,0.0433046875,0.890671875,0.06602343750000002
31800,1.1111457031249998,0.043750000000000004,0.8903085937499995,0.06594140625000001
31900,1.1112542968750003,0.043925781250000004,0.8908124999999999,0.06526171875000002
32000,1.110525,0.043523437500000005,0.8914921875000003,0.06498437500000004
32100,1.1107480468749997,0.04366796875000001,0.8916445312500002,0.06468750000000002
32200,1.1106867187500002,0.0439296875,0.89141796875,0.06465234375
32300,1.1113226562500005,0.04411328125,0.8911289062499997,0.0647578125
32400,1.1121714843750001,0.043953125000000016,0.8896875000000001,0.06635937500000004
32500,1.1131593750000008,0.04420703125000001,0.8892500000000001,0.06654296875000001
32600,1.1136179687499996,0.04430078125,0.8879296874999999,0.06776953125000001
32700,1.1141789062500007,0.044648437500000006,0.8877148437499999,0.06763671874999998
32800,1.11376796875,0.04430859375,0.8882539062500003,0.06743750000000003
32900,1.1147976562500004,0.04471875000000001,0.8877695312499996,0.06751171875
33000,1.1149757812499999,0.044835937500000006,0.8876992187499997,0.06746484375000002
33100,1.1154285156249997,0.044773437500000006,0.8873789062499998,0.06784765625
33200,1.1152324218750003,0.04485546875000001,0.88796484375,0.06717968750000004
33300,1.1158179687499998,0.045054687499999996,0.8876679687499999,0.06727734375000002
33400,1.11638046875,0.04506250000000002,0.8864257812499995,0.06851171875000003
33500,1.1159007812499995,0.044949218750000006,0.8870234374999998,0.06802734375000001
33600,1.1162367187499995,0.045207031250000015,0.8866718749999997,0.06812109375000001
33700,1.1159113281250004,0.04510937500000001,0.8874999999999998,0.06739062500000002
33800,1.1147683593750002,0.044453124999999996,0.8877031250000001,0.06784375000000001
33900,1.1145425781250007,0.04446875000000001,0.8882656249999996,0.06726562500000002
34000,1.11473515625,0.044660156249999985,0.8884999999999997,0.06683984375000003
34100,1.1153144531249999,0.04523046875,0.8885546875,0.06621484375000002
34200,1.1156378906250004,0.04521484375,0.8883632812500001,0.066421875
34300,1.1161097656249996,0.04547265625,0.8878476562500002,0.06667968750000004
34400,1.1155816406249999,0.045363281250000005,0.8889414062500001,0.0656953125
34500,1.1152199218749999,0.045312499999999985,0.8887382812499999,0.06594921875
34600,1.11509609375,0.04527343749999999,0.8889687500000001,0.0657578125
34700,1.1146187500000002,0.045269531249999995,0.8900585937499997,0.06467187500000005
34800,1.1140074218750005,0.04495703124999999,0.8901640625,0.06487890625
34900,1.1142703125000002,0.04496093749999999,0.8900117187500001,0.06502734375000002
35000,1.1150550781250004,0.04527343749999999,0.8887070312500001,0.06601953125000001
35100,1.115301171875,0.045210937499999986,0.889171875,0.06561718750000002
35200,1.115336328125,0.04511328124999999,0.8891171874999996,0.06576953125
35300,1.1148421875000005,0.04494921875,0.8892851562500004,0.06576562500000001
35400,1.1147519531249996,0.04509765625000002,0.8892656249999998,0.06563671875000003
35500,1.115583984375,0.04562499999999999,0.8887187500000001,0.06565624999999999
35600,1.1156371093749997,0.045601562500000005,0.8890078125,0.06539062499999998
35700,1.1155234374999998,0.04545312500000002,0.8888984375,0.06564843749999998
35800,1.1147089843749998,0.04513671874999999,0.8894648437500001,0.0653984375
35900,1.1148707031249996,0.045300781249999984,0.8888320312500001,0.0658671875
36000,1.1157601562500001,0.04562109374999998,0.8884414062499999,0.06593750000000001
36100,1.1158601562500006,0.045730468749999996,0.8886953124999996,0.06557421875000004
36200,1.11630625,0.04589062500000002,0.8887421875000004,0.06536718750000002
36300,1.1161863281250004,0.045757812500000015,0.8884296874999997,0.06581249999999998
36400,1.116042578125,0.045296874999999986,0.8866796874999996,0.06802343750000002
36500,1.115070703125,0.04477734375000001,0.8880976562499999,0.06712500000000002
36600,1.1146253906249999,0.04439453125,0.8882070312499997,0.0673984375
36700,1.1161054687500003,0.04487890625000002,0.8868437499999998,0.06827734375000001
36800,1.1168777343749998,0.045351562500000005,0.8861093749999998,0.0685390625
36900,1.1174886718750001,0.04571484375,0.88545703125,0.06882812499999998
37000,1.1174078125,0.04578125,0.8856015625,0.06861718750000001
37100,1.1167667968749997,0.04533203125000002,0.8860195312499998,0.06864843750000005
37200,1.1172023437499996,0.045179687499999996,0.885546875,0.06927343750000003
37300,1.116853125,0.04484375000000001,0.8859960937500005,0.06916015625000001
37400,1.1176550781249996,0.04526171874999998,0.8857929687499997,0.0689453125
37500,1.1180703125000004,0.04492187499999999,0.8849570312500004,0.07012109375000002
37600,1.1186281249999996,0.04494921874999999,0.88386328125,0.07118750000000001
37700,1.1183742187500003,0.04537890625,0.8850234375000001,0.06959765625000003
37800,1.1176839843750002,0.04521875000000001,0.8864218749999996,0.06835937500000003
37900,1.1179945312500004,0.04532421875000001,0.8860859375000004,0.06858984375000003
38000,1.1163460937499996,0.04465234375000001,0.8868750000000003,0.06847265625
38100,1.11537109375,0.04458203124999998,0.8875429687499999,0.06787500000000003
38200,1.1154097656250008,0.04449999999999999,0.8876484375000003,0.06785156249999999
38300,1.1144316406249999,0.044167968749999995,0.8889023437499999,0.06692968750000002
38400,1.1148703125,0.04444140625,0.8886640624999999,0.06689453125000003
38500,1.1157070312500001,0.0448125,0.8879179687500001,0.06726953124999999
38600,1.1160636718749999,0.04510937500000001,0.8882734374999997,0.06661718750000006
38700,1.1167773437499995,0.04537109375000001,0.8869492187500001,0.0676796875
38800,1.117280078125,0.04538671875000001,0.8871523437500001,0.06746093750000003
38900,1.1180367187500007,0.04588671875,0.8865546875000002,0.06755859375000002
39000,1.117661328125,0.04590625000000001,0.8867070312499998,0.06738671874999999
39100,1.1178847656249997,0.046265625000000005,0.8865273437499992,0.06720703124999998
39200,1.1179914062499998,0.046207031249999996,0.8861718749999998,0.06762109375000001
39300,1.118185546875,0.046027343750000026,0.8860156250000001,0.06795703125000004
39400,1.118308203125,0.04592578125,0.8856796874999999,0.06839453124999999
39500,1.1184425781250005,0.04590625,0.8856601562499999,0.06843359375
39600,1.1181058593749997,0.04583984375,0.8861367187499999,0.06802343749999998
39700,1.1172125000000004,0.04539062500000001,0.8864570312500004,0.06815234375000001
39800,1.1160664062499999,0.045171874999999986,0.8870507812499997,0.06777734375000002
39900,1.1159097656249997,0.04452734374999999,0.8869726562500001,0.06849999999999998
40000,1.1148847656250003,0.04411328125,0.8875390624999997,0.06834765625
40100,1.113822265625,0.044078125,0.8877968750000004,0.06812500000000003
40200,1.1133539062499997,0.04392968750000001,0.88890625,0.06716406249999998
40300,1.112290234375001,0.0434140625,0.8903867187499995,0.06619921874999998
40400,1.1115234375000005,0.043179687499999994,0.89055859375,0.06626171874999999
40500,1.1114750000000004,0.04304687499999999,0.8912460937499997,0.06570703125
40600,1.1110160156249997,0.04284374999999999,0.89159375,0.06556250000000001
40700,1.1105039062499997,0.04274609375,0.8917070312500001,0.06554687500000002
40800,1.1099398437499999,0.04255078124999999,0.8920117187500003,0.06543750000000002
40900,1.1101089843749998,0.042582031250000006,0.8909296874999997,0.06648828125000002
41000,1.1100257812500003,0.04236328125,0.89092578125,0.06671093750000003
41100,1.1107910156250003,0.04279296874999998,0.8911523437500001,0.06605468749999997
41200,1.1110816406250004,0.042609375,0.8912890624999998,0.0661015625
41300,1.1107800781249997,0.04247656250000001,0.8914804687500002,0.06604296875
41400,1.1122710937499996,0.04330078125000001,0.8908750000000002,0.06582421875000001
41500,1.112809765625,0.04346093749999999,0.8894062500000007,0.0671328125
41600,1.113146875,0.04374609375000001,0.8895781249999999,0.06667578125000002
41700,1.113330859375,0.04388671875,0.88950390625,0.06660937500000003
41800,1.1127554687499994,0.043910156249999985,0.8909492187500003,0.065140625
41900,1.114269140625,0.044042968749999994,0.8885585937500002,0.06739843749999999
42000,1.1146691406249996,0.04453125,0.8892187499999998,0.06625
42100,1.1160015625000002,0.04491015625000001,0.8876757812499998,0.06741406250000002
42200,1.116681640625,0.04512499999999999,0.8870742187500004,0.06780078124999998
42300,1.1166945312500007,0.04513671874999999,0.88707421875,0.06778906250000001
42400,1.1174679687499998,0.045515625000000004,0.8869687500000003,0.06751562500000004
42500,1.1176460937500001,0.0456171875,0.8865468750000002,0.06783593750000003
42600,1.1173394531250005,0.04526562500000001,0.8868437499999998,0.06789062500000002
42700,1.1169499999999999,0.04476562500000002,0.88735546875,0.06787890625
42800,1.11648984375,0.0448828125,0.8878828124999999,0.06723437500000001
42900,1.116686328125,0.044902343750000004,0.8874492187500003,0.06764843750000003
43000,1.11586640625,0.04466796874999999,0.8875039062499998,0.06782812500000002
43100,1.1152242187500006,0.044562500000000005,0.8884843749999999,0.06695312499999999
43200,1.1146210937499996,0.04456640625,0.8900156250000002,0.06541796875000001
43300,1.1152312500000003,0.044453124999999996,0.8892070312499999,0.06633984375000002
43400,1.1166179687500004,0.04509375,0.8875000000000005,0.06740625000000001
43500,1.116698046875,0.045261718750000006,0.8874375000000002,0.06730078125000001
43600,1.1174925781249998,0.045507812499999994,0.88719140625,0.06730078125000001
43700,1.1180445312500005,0.04548046874999999,0.8865390624999996,0.06798046875
43800,1.1180675781250005,0.04533593750000002,0.8861132812500003,0.06855078125000003
43900,1.1187734375,0.04567578124999999,0.8858867187499999,0.06843750000000003
44000,1.1191070312500002,0.04585546875,0.8851757812499997,0.06896875000000002
44100,1.1195874999999995,0.04601953125,0.8852617187499999,0.06871874999999998
44200,1.1199609375,0.04636718749999998,0.8851406249999999,0.06849218749999997
44300,1.1196628906250001,0.04628906249999999,0.8853203124999995,0.068390625
44400,1.1189230468749998,0.04609375000000001,0.8857109374999997,0.06819531250000001
44500,1.117503125,0.04563671874999997,0.8868242187499997,0.06753906250000001
44600,1.117312109375,0.04544921875,0.8868984374999999,0.06765234375000002
44700,1.1166222656249998,0.04485156249999998,0.8870625,0.06808593750000001
44800,1.1162851562500002,0.044843749999999995,0.8874531249999997,0.06770312499999999
44900,1.116094921875,0.044859375,0.8886367187500004,0.06650390625
45000,1.1157683593749996,0.04482031250000001,0.8880859375000002,0.06709375000000004
45100,1.1159113281249997,0.04474218749999999,0.8882929687500001,0.06696484375
45200,1.1165449218749999,0.04526562499999999,0.8886601562499999,0.06607421875000002
45300,1.11729921875,0.04534375,0.8870781250000002,0.06757812499999998
45400,1.1176222656249997,0.04509375000000001,0.88591796875,0.06898828125
45500,1.1190996093750003,0.04562109375,0.8850781249999998,0.06930078125000003
45600,1.1205867187499998,0.04570703124999999,0.8826328124999998,0.07166015624999998
45700,1.1219972656249995,0.046449218749999986,0.8823164062499996,0.07123437500000002
45800,1.1219546875,0.04642968750000001,0.8818789062499999,0.07169140625
45900,1.1229542968750001,0.046917968750000004,0.8813867187499996,0.07169531250000004
46000,1.1235632812499996,0.04734765624999999,0.8814570312499999,0.07119531250000001
46100,1.1254429687499998,0.04804687499999999,0.8790703125000005,0.07288281249999999
46200,1.1268234375000004,0.04803906249999997,0.8784804687500001,0.07348046875000001
46300,1.1277683593749999,0.0485625,0.8781796874999999,0.0732578125
46400,1.1283492187500006,0.048859375,0.87792578125,0.07321484375000002
46500,1.1287675781250002,0.049359375000000004,0.8778515624999998,0.07278906249999999
46600,1.1286874999999994,0.049453125000000014,0.8781953125000005,0.0723515625
46700,1.1284867187500003,0.04969921875,0.8784960937499998,0.07180468750000003
46800,1.1283507812499998,0.049378906249999986,0.87934375,0.07127734374999999
46900,1.1277566406250001,0.049101562500000015,0.8795976562500001,0.07130078125000001
47000,1.12785,0.049226562499999994,0.8794335937500003,0.07133984375000002
47100,1.1282250000000003,0.04946874999999999,0.8797851562500003,0.07074609375000002
47200,1.1281339843749998,0.0498203125,0.88001953125,0.07016015624999997
47300,1.1273160156250002,0.049445312500000005,0.8809960937500002,0.06955859375
47400,1.1275859375000004,0.049593750000000006,0.88084375,0.0695625
47500,1.1268824218750002,0.049390625,0.8808593750000001,0.06975000000000002
47600,1.1277249999999999,0.049890625,0.8802539062499999,0.06985546875000001
47700,1.1286515624999998,0.050078124999999994,0.8792968749999998,0.070625
47800,1.1288750000000003,0.050062499999999996,0.8785351562500001,0.07140234374999997
47900,1.128307421875,0.05015234375,0.8793632812500003,0.070484375
48000,1.1286406249999998,0.049949218749999996,0.8782968749999998,0.07175390625
48100,1.1275121093749996,0.04951562500000001,0.8797304687499999,0.07075390624999996
48200,1.12719609375,0.049242187500000006,0.8800312500000002,0.07072656250000003
48300,1.1275632812500007,0.04938281249999998,0.8795468749999998,0.07107031250000001
48400,1.128044140625,0.0499140625,0.8800351562500004,0.07005078125000001
48500,1.128432421875,0.05027734375000001,0.8790195312499998,0.07070312499999996
48600,1.1288066406250001,0.050347656249999984,0.8786093749999996,0.07104296875000005
48700,1.1298546875000002,0.05059374999999999,0.8783007812500003,0.07110546875000003
48800,1.1297105468750002,0.05037890625000001,0.8781875000000001,0.07143359374999997
48900,1.1302390625000003,0.05059374999999999,0.8785859375000002,0.07082031250000001
49000,1.1302546875000004,0.05075390624999999,0.8788749999999999,0.07037109375000006
49100,1.1302535156249995,0.050523437499999976,0.879140625,0.07033593750000003
49200,1.130707421874999,0.05098046874999999,0.8784921874999997,0.07052734375000001
49300,1.1303550781250002,0.051093749999999986,0.8781640625000002,0.07074218749999997
49400,1.1299589843750006,0.05092968749999999,0.8787070312499997,0.07036328125000005
49500,1.1297039062499998,0.050566406249999994,0.8784335937499996,0.07099999999999997
49600,1.1291734375000004,0.05036328124999999,0.8791874999999997,0.07044921875000001
49700,1.1294210937499998,0.05034765625,0.8795390625000004,0.07011328125000002
49800,1.1294113281250002,0.0502734375,0.8797421874999996,0.06998437500000002
49900,1.1284316406250001,0.0499296875,0.8801718750000003,0.06989843750000005
50000,1.1278308593749995,0.049898437500000004,0.8805429687499997,0.06955859375000001
50100,1.1274886718750003,0.049687499999999996,0.8811171875000002,0.06919531250000002
50200,1.1283265625000003,0.04999609375,0.8794531249999994,0.07055078125
50300,1.1292109374999995,0.05019921874999999,0.8786093750000002,0.07119140625000002
50400,1.1289812500000005,0.05010937500000002,0.8796640625000001,0.07022656250000008
