step,mean_aspect_ratio,fraction_elongated,fraction_round,fraction_binary
100,1.0,0.0,1.0,0.0
200,1.032898046875,0.001687500000000001,0.9031757812500006,0.09513671875
300,1.0257234375,0.002125000000000001,0.9219296874999997,0.07594531249999996
400,1.0215929687499996,0.002164062500000001,0.9308593749999998,0.06697656250000003
500,1.0198121093749997,0.002183593750000001,0.9355000000000001,0.062316406250000005
600,1.0184554687499994,0.002105468750000001,0.9393007812500002,0.05859374999999998
700,1.0174195312499998,0.001992187500000001,0.9424687499999999,0.05553906250000003
800,1.016933984375,0.002031250000000001,0.9434843750000002,0.05448437500000001
900,1.0165375,0.002089843750000001,0.9445546874999999,0.05335546875000004
1000,1.016634765625,0.0020546875000000005,0.9444218749999996,0.05352343750000003
1100,1.016592578125,0.002191406250000001,0.9454062499999998,0.05240234375000001
1200,1.0165019531249995,0.0022070312500000007,0.9456914062499998,0.05210156250000003
1300,1.0165824218749997,0.0023164062500000008,0.9460781249999994,0.05160546875
1400,1.0166796874999997,0.002480468750000001,0.9457617187500001,0.05175781249999999
1500,1.0164835937499999,0.002507812500000001,0.9464296874999998,0.051062500000000025
1600,1.0167464843750003,0.002617187500000001,0.9464101562499998,0.05097265625000002
1700,1.0168000000000006,0.0028476562500000012,0.9474414062499996,0.04971093750000003
1800,1.0171328125,0.002867187500000001,0.9470585937499997,0.05007421875000004
1900,1.01777734375,0.00316015625,0.9462851562499994,0.05055468750000001
2000,1.0177464843750001,0.0033242187500000004,0.9470585937499996,0.04961718750000003
2100,1.0181308593749991,0.0033945312500000004,0.9470585937500002,0.04954687500000002
2200,1.0182675781249997,0.0035039062500000005,0.9473671875000003,0.04912890625
2300,1.018920703125,0.0035742187500000006,0.9461367187500003,0.050289062499999995
2400,1.0192648437499996,0.0036523437500000006,0.9459296874999998,0.050417968750000014
2500,1.0194238281250003,0.003914062500000001,0.9465390625000001,0.04954687499999998
2600,1.019659375,0.00409375,0.9463242187499998,0.049582031250000026
2700,1.0201765624999997,0.004273437500000001,0.9463281250000001,0.0493984375
2800,1.0207765625000003,0.004460937500000001,0.9462539062499999,0.049285156249999997
2900,1.0212363281249994,0.004675781250000001,0.9455195312499999,0.049804687500000014
3000,1.022170703125,0.0051328125,0.9450351562499995,0.049832031249999985
3100,1.0228402343749996,0.0052499999999999995,0.9444218749999999,0.050328125000000036
3200,1.0233707031250001,0.0054609375,0.9436210937500004,0.050917968750000014
3300,1.0238851562499995,0.005675781249999999,0.9435078124999998,0.05081640625000002
3400,1.0247152343750003,0.00594140625,0.9427968750000001,0.05126171875000001
3500,1.0246910156250002,0.006054687499999998,0.9434218750000004,0.05052343750000003
3600,1.0253644531249995,0.006289062499999999,0.9435273437499997,0.050183593750000026
3700,1.0262941406249995,0.006722656249999999,0.9431015625,0.050175781250000016
3800,1.0269187500000003,0.007070312499999999,0.9423750000000001,0.05055468749999999
3900,1.0276500000000004,0.00726953125,0.9418046875000003,0.05092578125000001
4000,1.028540234375,0.007679687499999998,0.9413359374999998,0.05098437500000002
4100,1.0298023437500006,0.00820703125,0.9408437500000001,0.05094921875000005
4200,1.0308492187500002,0.008574218749999998,0.9397734375000003,0.05165234375
4300,1.0315671875,0.0088515625,0.9393398437499997,0.051808593750000013
4400,1.0319671874999998,0.009210937499999999,0.93947265625,0.05131640625000001
4500,1.0326730468749998,0.009343749999999998,0.9389960937500001,0.05166015624999999
4600,1.0329347656249994,0.009285156250000001,0.9390937500000004,0.05162109375
4700,1.0336917968750001,0.009742187499999996,0.9381171875000001,0.052140624999999996
4800,1.0341691406250002,0.00991796875,0.9378710937500003,0.052210937500000006
4900,1.03495234375,0.0103515625,0.9374179687499998,0.05223046875000001
5000,1.03573515625,0.0106328125,0.9367734375000003,0.05259375000000002
5100,1.0357734375000003,0.0106328125,0.9369296874999999,0.05243750000000005
5200,1.0367320312499995,0.010796875000000001,0.9352968749999999,0.05390625
5300,1.0375281249999997,0.011031249999999996,0.9349492187500001,0.05401953125000001
5400,1.0375078125,0.011160156249999997,0.9353710937499998,0.053468750000000016
5500,1.03807578125,0.011437499999999998,0.93528125,0.05328125000000001
5600,1.0387660156250005,0.011734374999999998,0.93470703125,0.053558593750000015
5700,1.0392527343749998,0.012062499999999999,0.93560546875,0.05233203125000001
5800,1.039853125,0.012300781249999997,0.9344570312499998,0.05324218750000002
5900,1.0402472656249997,0.012347656249999998,0.93399609375,0.05365625000000001
6000,1.0403753906250004,0.012519531249999997,0.9341718749999998,0.053308593750000036
6100,1.0410093749999998,0.012757812500000002,0.9336015624999997,0.05364062500000002
6200,1.0414371093749997,0.012921875000000001,0.9334062499999999,0.05367187499999998
6300,1.0416542968750002,0.01316796875,0.9332421875000001,0.053589843750000025
6400,1.0422355468749995,0.013421874999999996,0.9325117187499998,0.05406640625000001
6500,1.043106640625,0.013593749999999996,0.9321640625000002,0.05424218750000001
6600,1.0438589843749997,0.013828124999999998,0.9318203124999999,0.05435156250000004
6700,1.0443238281250002,0.014253906249999997,0.9322851562500001,0.05346093750000002
6800,1.0448582031250002,0.014546875000000004,0.9315703125000003,0.053882812499999995
6900,1.0449937500000002,0.014769531249999997,0.9323359374999992,0.052894531249999995
7000,1.0456328124999996,0.014964843749999996,0.9311289062499998,0.053906249999999996
7100,1.0458984375,0.015035156249999997,0.9310820312500002,0.053882812499999974
7200,1.0461386718750003,0.015011718749999996,0.9311914062500002,0.05379687499999999
7300,1.046863671875,0.01544140625,0.9304960937499995,0.05406250000000002
7400,1.0471960937499998,0.015503906249999998,0.9304023437499997,0.05409375000000002
7500,1.0475238281250006,0.01536328125,0.9293710937499997,0.05526562500000001
7600,1.0473625000000004,0.015359374999999995,0.9306249999999999,0.05401562500000001
7700,1.0479015625000005,0.015984375,0.9304140624999998,0.05360156250000001
7800,1.04854140625,0.015984375,0.9299257812500002,0.054089843750000026
7900,1.048694140625,0.016125,0.9301406250000002,0.05373437500000001
8000,1.0496171874999998,0.016414062499999993,0.929109375,0.054476562500000006
8100,1.0502503906249998,0.01673828125,0.9292031250000001,0.05405859375000002
8200,1.05145859375,0.01727734375,0.9281953125000004,0.054527343750000026
8300,1.052079296875,0.017351562500000004,0.9278359374999999,0.0548125
8400,1.053288671875,0.01790234375,0.9265468749999998,0.05555078125000002
8500,1.0539078125,0.018078125,0.9258164062500003,0.056105468750000026
8600,1.054175,0.018421874999999997,0.926515625,0.05506249999999999
8700,1.055026171875,0.01884375,0.925671875,0.05548437499999999
8800,1.0558359375000002,0.019441406249999998,0.92534765625,0.055210937499999974
8900,1.05759296875,0.0200390625,0.9237773437500002,0.056183593750000003
9000,1.058530859375,0.020273437499999995,0.9226992187500003,0.05702734374999999
9100,1.0590640624999998,0.02075390625000001,0.9228164062500002,0.0564296875
9200,1.0600171875,0.021312499999999998,0.9226445312499996,0.05604296875000001
9300,1.0608550781250001,0.021566406249999993,0.9222265625,0.05620703125
9400,1.0609867187500002,0.021550781249999998,0.9220468749999995,0.05640234375000001
9500,1.0613957031249999,0.021601562499999998,0.9214257812500005,0.056972656249999996
9600,1.061625,0.02191015625,0.9218906250000004,0.05619921875
9700,1.061582421875,0.022042968750000003,0.9220039062499997,0.055953125000000006
9800,1.0616234374999998,0.0221484375,0.9221054687499997,0.05574609374999998
9900,1.0623152343750006,0.02233984375,0.9218242187500001,0.05583593750000004
10000,1.062507812500001,0.02240625,0.9218046874999998,0.05578906250000001
10100,1.0631269531250003,0.022496093749999998,0.9206679687500001,0.056835937499999996
10200,1.063283203125,0.022621093749999998,0.9207812499999998,0.05659765625000002
10300,1.0634851562500003,0.02267578125,0.9207304687499995,0.056593750000000026
10400,1.06345625,0.022835937500000007,0.9209804687500003,0.05618359375000002
10500,1.0635765625000002,0.02273828125,0.9208515624999998,0.05641015625000001
10600,1.0650105468750004,0.022984375,0.9201367187500001,0.056878906250000014
10700,1.0658437500000002,0.023316406249999994,0.9188359375000001,0.05784765625000001
10800,1.066512109375,0.02372265625,0.9182382812499998,0.05803906250000002
10900,1.067014453125,0.023828125,0.9178281250000003,0.05834375000000002
11000,1.0675050781249997,0.024117187499999998,0.9177617187499998,0.05812109375000005
11100,1.0684097656250002,0.024253906250000005,0.9168789062500003,0.05886718750000001
11200,1.0690171874999999,0.024410156250000002,0.91671484375,0.05887500000000003
11300,1.0695320312499994,0.024699218749999995,0.9163828124999994,0.058917968749999994
11400,1.06973125,0.024667968749999998,0.9162382812500001,0.05909375
11500,1.0697332031250002,0.024730468749999998,0.9161718749999997,0.05909765624999999
11600,1.0697652343749995,0.024769531250000004,0.9162851562500004,0.058945312500000006
11700,1.06959453125,0.024789062499999997,0.9164765624999998,0.05873437500000002
11800,1.06905546875,0.02483984375,0.9172343749999999,0.057925781250000016
11900,1.0684070312500002,0.024765625000000006,0.917921875,0.05731249999999998
12000,1.0686718750000004,0.024878906250000003,0.9177265624999997,0.057394531250000005
12100,1.0684039062500004,0.024621093749999996,0.9181367187499999,0.0572421875
12200,1.068655859375001,0.02491796875000001,0.9185273437500001,0.05655468750000002
12300,1.069082421875,0.02507421875,0.9183398437500001,0.0565859375
12400,1.0696605468750002,0.025433593750000004,0.91819140625,0.05637499999999999
12500,1.0698789062499996,0.02546484375,0.9177578124999999,0.05677734375000001
12600,1.0701031250000004,0.025582031249999995,0.9169726562499998,0.05744531250000001
12700,1.0698074218749998,0.025355468749999995,0.9175195312499997,0.057125000000000044
12800,1.0700113281249997,0.025417968750000006,0.9174921875,0.057089843749999994
12900,1.070326171875,0.025390625,0.9172187499999997,0.057390624999999994
13000,1.0700691406249994,0.025249999999999998,0.9172460937500002,0.05750390624999997
13100,1.0691656250000001,0.025062500000000005,0.9178437499999997,0.05709375000000001
13200,1.068583203125,0.024839843749999996,0.91822265625,0.056937499999999974
13300,1.0687980468749996,0.025160156250000006,0.9186914062500002,0.05614843750000001
13400,1.069140234375,0.025273437500000002,0.91840234375,0.05632421875000001
13500,1.069760546875,0.025523437500000003,0.9178789062499998,0.05659765625000001
13600,1.0697839843749997,0.025562500000000005,0.9183085937500001,0.056128906250000034
13700,1.0704507812500001,0.02563671875,0.9172851562499997,0.05707812500000001
13800,1.0701921875000002,0.025390625,0.9172539062499997,0.05735546875000002
13900,1.0701453124999998,0.025324218750000002,0.9175976562499997,0.05707812500000002
14000,1.070130078125,0.025328125000000003,0.9175117187499999,0.057160156250000024
14100,1.0701386718750001,0.02528125,0.91733984375,0.057378906249999986
14200,1.069778515625,0.02514843750000001,0.9175039062499999,0.05734765625
14300,1.0697675781249996,0.02549609375000001,0.9181406249999998,0.05636328125000003
14400,1.0702222656250007,0.02548046875000001,0.9170000000000003,0.057519531250000026
14500,1.0702714843749994,0.02578515625,0.9182187500000001,0.05599609375000001
14600,1.070828906249999,0.025972656250000004,0.9173789062499998,0.05664843750000002
14700,1.0716574218750003,0.026046875000000004,0.9167148437500005,0.05723828125
14800,1.0719292968749996,0.026117187499999996,0.9157929687500002,0.05808984374999999
14900,1.0722578125000002,0.026230468750000006,0.9166289062499999,0.057140624999999994
15000,1.0725230468750002,0.026499999999999996,0.9159570312499999,0.057542968749999986
15100,1.0724687499999996,0.026910156249999997,0.9163671874999999,0.056722656249999975
15200,1.0732539062500004,0.02725,0.91616015625,0.05658984374999999
15300,1.0743605468749997,0.027453125,0.9145546874999999,0.057992187500000014
15400,1.07512890625,0.027742187500000008,0.9143085937499996,0.05794921875000001
15500,1.0761011718750002,0.028312499999999994,0.9139570312499996,0.05773046874999999
15600,1.0768671875,0.028597656250000006,0.9134921874999999,0.05791015624999999
15700,1.0783351562499999,0.029050781250000008,0.9119765624999996,0.05897265625000002
15800,1.07991796875,0.029355468749999985,0.9115234374999993,0.05912109375000004
15900,1.0811812500000004,0.029738281249999995,0.9103398437499999,0.059921874999999986
16000,1.081626953125,0.030015624999999997,0.9093007812500001,0.06068359375000001
16100,1.0813792968750007,0.02992187500000001,0.9106015625000003,0.059476562500000024
16200,1.0815343750000002,0.029964843749999998,0.9106718750000001,0.05936328125000003
16300,1.0811773437499996,0.02989453125,0.9106796875,0.059425781250000004
16400,1.0810445312499997,0.029808593749999997,0.9103867187499999,0.059804687500000016
16500,1.080969921875,0.03006640625,0.9103515624999999,0.05958203125000002
16600,1.081206640625,0.029664062499999998,0.9100976562499999,0.060238281250000004
16700,1.0812960937500002,0.029734375,0.9096953124999999,0.060570312500000015
16800,1.080938671875,0.02962109375,0.9094023437499998,0.060976562500000026
16900,1.0803417968749993,0.029527343749999997,0.9106875000000005,0.059785156250000006
17000,1.0809261718749996,0.029871093749999997,0.9109921874999998,0.05913671875
17100,1.0819148437500001,0.02980859375,0.9098789062499992,0.06031250000000002
17200,1.0821855468749997,0.030160156250000004,0.9103984375,0.05944140625000004
17300,1.0824925781249994,0.03060546875,0.91015625,0.05923828125
17400,1.08210859375,0.030527343750000005,0.9103359374999999,0.05913671875000001
17500,1.0821031249999997,0.030593750000000003,0.9103359375000004,0.05907031249999999
17600,1.0826519531249994,0.031074218749999993,0.9101914062500004,0.058734375000000005
17700,1.0824496093750002,0.031210937499999994,0.9104531250000005,0.058335937500000004
17800,1.0824679687499998,0.031046875000000005,0.9099804687499999,0.05897265624999999
17900,1.0831406250000004,0.03126953125000001,0.9097734375000004,0.05895703125000003
18000,1.0838839843749999,0.031382812499999996,0.9085351562499999,0.060082031250000015
18100,1.084430859375,0.03191406250000001,0.9093867187500002,0.058699218750000025
18200,1.085740625,0.03227343750000001,0.90825390625,0.059472656250000006
18300,1.0860773437500004,0.032382812500000004,0.9079570312499998,0.05966015624999999
18400,1.0861136718750002,0.032410156249999995,0.9079023437500003,0.05968749999999997
18500,1.0863734375,0.03233984375000001,0.9076992187499998,0.05996093750000004
18600,1.0861300781250005,0.03190625,0.9074921874999998,0.060601562500000004
18700,1.0858917968750001,0.03178906250000001,0.9084648437499996,0.059746093749999986
18800,1.0851257812500004,0.03128125,0.9086250000000002,0.06009375000000001
18900,1.0842601562500003,0.031214843750000013,0.9096445312499996,0.05914062500000002
19000,1.0841539062499999,0.0313203125,0.9098749999999995,0.05880468749999999
19100,1.0836328125000003,0.030777343750000002,0.910171875,0.05905078124999999
19200,1.082902734375,0.030871093750000005,0.9111445312500004,0.057984375000000005
19300,1.0841046874999996,0.03130078125,0.90909765625,0.059601562499999976
19400,1.0832027343749997,0.03102343750000001,0.9097734375000001,0.059203124999999995
19500,1.0829484375,0.030882812500000006,0.9099609374999998,0.05915625
19600,1.0830308593750004,0.030816406250000004,0.9104570312499998,0.058726562499999996
19700,1.08384140625,0.031144531250000006,0.9093046874999999,0.05955078125000001
19800,1.0833011718749999,0.03113671874999999,0.9100664062499998,0.05879687500000003
19900,1.08253671875,0.031281250000000003,0.9113359374999999,0.057382812500000005
20000,1.0822957031249991,0.031199218750000004,0.9116835937500001,0.05711718750000004
20100,1.08264453125,0.03130078125000001,0.9111328125000001,0.05756640625000002
20200,1.0828738281250003,0.031492187500000005,0.9108750000000003,0.05763281249999999
20300,1.0834769531250004,0.0318125,0.9100234375000001,0.0581640625
20400,1.0847453124999997,0.03212890625,0.9089765624999998,0.05889453125000001
20500,1.0859964843749996,0.032597656249999996,0.9084062499999996,0.05899609375000004
20600,1.0880328124999996,0.03333593750000001,0.90719140625,0.05947265624999999
20700,1.08926171875,0.03390625,0.9058398437500005,0.06025390625000001
20800,1.090452734375,0.034359375000000004,0.9053164062499999,0.06032421875000001
20900,1.0921054687500003,0.0350859375,0.9039804687499997,0.060933593749999994
21000,1.0921632812499997,0.03521875,0.9039687499999994,0.060812499999999964
21100,1.0929398437500004,0.03541796875000001,0.903265625,0.06131640625
21200,1.09369765625,0.03581640625000001,0.9028476562500001,0.06133593750000002
21300,1.0941390624999996,0.036027343749999996,0.9030898437499998,0.06088281249999999
21400,1.0945726562499998,0.03635937499999999,0.9027187499999999,0.06092187500000002
21500,1.0951261718749998,0.036757812499999994,0.9025859375000002,0.060656250000000016
21600,1.094849609375,0.036964843750000004,0.9036796874999998,0.059355468750000015
21700,1.0951019531250004,0.03716015625000001,0.90345703125,0.05938281250000001
21800,1.0955722656250002,0.0374453125,0.90315234375,0.059402343750000024
21900,1.09628515625,0.0376171875,0.9026171875000002,0.05976562500000001
22000,1.0969285156250002,0.038003906250000004,0.9017773437500004,0.060218749999999974
22100,1.097095703125,0.03789453125,0.902359375,0.05974609375000002
22200,1.0977378906250004,0.038515625,0.9019179687499996,0.05956640625
22300,1.0988042968749996,0.03880859375,0.901609375,0.05958203124999999
22400,1.10016328125,0.03943359374999999,0.90044140625,0.06012499999999999
22500,1.1005410156250002,0.0394609375,0.90071484375,0.05982421875
22600,1.1010425781250002,0.0395234375,0.8999140625,0.060562500000000026
22700,1.1013949218749994,0.039718750000000004,0.8992968749999999,0.060984375000000014
22800,1.1017757812500004,0.039804687500000005,0.8990546874999997,0.06114062500000002
22900,1.1004882812500005,0.03935156249999999,0.9002265625,0.06042187500000002
23000,1.10123515625,0.039742187500000005,0.8995859374999998,0.060671875000000014
23100,1.102009375,0.04021875,0.89823046875,0.061550781250000026
23200,1.10254296875,0.040617187499999985,0.8985390625000003,0.06084375000000003
23300,1.1039789062499998,0.0408046875,0.8967929687500003,0.06240234375000002
23400,1.1051347656250001,0.04130078124999998,0.8967460937499999,0.061953124999999984
23500,1.1069714843750003,0.04204296874999999,0.89516796875,0.06278906250000002
23600,1.1083867187499998,0.042703125,0.8934921875000004,0.0638046875
23700,1.1090124999999995,0.04276171875000001,0.8935859374999998,0.06365234375
23800,1.1092308593750002,0.04278125,0.8927695312500001,0.06444921875000002
23900,1.10926484375,0.042851562499999996,0.8933671875000001,0.06378125
24000,1.1094578124999996,0.042886718750000004,0.8938945312500001,0.06321874999999999
24100,1.1091988281250003,0.042777343749999995,0.8941835937500003,0.0630390625
24200,1.1085953124999997,0.04269921874999999,0.8949062499999999,0.06239453125000002
24300,1.1084843750000004,0.04257421874999999,0.8943281249999997,0.06309765625000004
24400,1.10848359375,0.04273828125000001,0.8941249999999995,0.06313671875000001
24500,1.1085816406249998,0.042453125000000015,0.8943046874999998,0.06324218750000003
24600,1.107935546875,0.042371093750000005,0.8951953124999997,0.06243359375000002
24700,1.10840703125,0.04267578124999999,0.8948632812499998,0.062460937499999994
24800,1.107478515625,0.0417890625,0.8952539062499999,0.06295703124999998
24900,1.1072605468749996,0.041476562499999994,0.8946796874999997,0.06384375000000002
25000,1.1067484374999998,0.04158984375000001,0.8961640624999999,0.06224609374999999
25100,1.1057093749999996,0.04096093749999998,0.8964882812499998,0.06255078124999999
25200,1.1048378906250003,0.04068359375000002,0.8973984374999999,0.06191796875000002
25300,1.1032402343750003,0.04010937499999999,0.8987304687500001,0.061160156250000014
25400,1.1017859374999999,0.03930078124999999,0.8993437499999999,0.061355468750000024
25500,1.1004515624999998,0.03891796874999999,0.8999687499999999,0.06111328125
25600,1.1001402343749997,0.038671875,0.8998945312500001,0.06143359374999999
25700,1.1006816406250002,0.03862890625,0.8993046875000003,0.062066406250000025
25800,1.1012488281250004,0.038828125,0.8985195312500002,0.06265234375
25900,1.101125390625,0.038761718749999965,0.8983203124999998,0.06291796875000004
26000,1.1010109375000001,0.03874999999999999,0.8982187500000002,0.06303124999999998
26100,1.1003328125,0.03835156249999999,0.8990781250000003,0.06257031250000003
26200,1.1000968750000006,0.03855859375000001,0.8994492187499996,0.06199218750000001
26300,1.100776953125,0.038777343750000005,0.8990156249999997,0.062207031250000024
26400,1.101013671875,0.038675781249999985,0.8984140625,0.06291015625000002
26500,1.100995703125,0.0387109375,0.8995000000000001,0.06178906250000001
26600,1.1013398437500004,0.038621093749999995,0.8980234374999999,0.06335546875
26700,1.1014625000000002,0.038519531249999996,0.8979453125000003,0.06353515625000003
26800,1.10146796875,0.03828125000000001,0.8980273437499997,0.06369140625
26900,1.1011179687500001,0.03821875000000002,0.8986132812499996,0.06316796874999997
27000,1.100273828125,0.0382734375,0.8998515625,0.06187500000000003
27100,1.1000945312499995,0.038132812500000016,0.8999101562499996,0.06195703125
27200,1.0994968749999998,0.03766796875,0.9001445312499999,0.062187500000000014
27300,1.0991773437499999,0.03739453125,0.9004101562500003,0.06219531249999998
27400,1.099028125,0.03733203125000001,0.8997851562500002,0.06288281250000002
27500,1.0983382812500002,0.03717187500000001,0.9011367187500003,0.06169140625000002
27600,1.09668125,0.036878906249999996,0.9028124999999999,0.06030859375000001
27700,1.095955859375,0.036578124999999996,0.9033007812500006,0.06012109375
27800,1.09579375,0.03678125000000001,0.9032343749999999,0.059984375000000034
27900,1.0959320312500005,0.03653125,0.90199609375,0.061472656250000014
28000,1.0957765625000002,0.036523437500000006,0.9020117187500001,0.06146484375
28100,1.095254296875,0.03625781249999999,0.9028320312500002,0.06091015624999999
28200,1.0947820312500005,0.03601171875,0.9031562500000003,0.06083203125000001
28300,1.0942992187499996,0.03583593749999999,0.9034023437499998,0.06076171875
28400,1.0949886718749995,0.036078124999999996,0.9025820312499998,0.06133984374999999
28500,1.0947574218750002,0.036140624999999996,0.9034335937499995,0.06042578125
28600,1.0946445312499995,0.03572265625000001,0.9028671874999996,0.06141015625
28700,1.0952875000000002,0.03619140625,0.9028789062500001,0.060929687499999996
28800,1.096061328125,0.036347656250000006,0.9023750000000003,0.06127734375000002
28900,1.0963968749999997,0.03624609375,0.9014140625000003,0.06233984374999999
29000,1.0959410156250005,0.03594140625,0.9020937500000001,0.06196484375000002
29100,1.095876953125,0.035984375,0.9023749999999998,0.061640625000000004
29200,1.0956523437499999,0.035906249999999994,0.9020742187500002,0.062019531249999996
29300,1.09567734375,0.03601562500000001,0.9015937499999997,0.062390625000000005
29400,1.0954914062499996,0.036113281250000004,0.9023906249999999,0.061496093750000015
29500,1.0947652343750003,0.03571875,0.9031367187500001,0.061144531250000037
29600,1.0936324218749995,0.035414062499999996,0.9041914062499998,0.060394531250000015
29700,1.0933828124999998,0.034882812500000006,0.9045507812499997,0.06056640624999999
29800,1.0923718750000002,0.03482812500000001,0.9053749999999999,0.059796874999999985
29900,1.0912359375,0.034445312500000005,0.9063945312499999,0.059160156250000005
30000,1.0903546874999999,0.03395312500000001,0.9065468749999999,0.05949999999999999
30100,1.089235546875,0.03362109375,0.9077265625,0.05865234375000002
30200,1.0887253906249998,0.033363281249999995,0.9076875000000002,0.05894921875000001
30300,1.0880816406250002,0.03326171875,0.9089257812499998,0.057812499999999975
30400,1.087997265625,0.03340625,0.90862109375,0.05797265625000004
30500,1.0875164062499998,0.033210937499999996,0.9090195312500003,0.05776953124999999
30600,1.0873519531249998,0.033,0.909234375,0.057765625000000015
30700,1.0869902343750002,0.03290625,0.9090624999999997,0.05803125
30800,1.0872234374999998,0.032968750000000005,0.9088867187500003,0.058144531250000006
30900,1.0878640625000007,0.03314453125000001,0.9084140625000005,0.05844140625
31000,1.0886574218750003,0.03364453125000001,0.9079960937499998,0.058359375000000026
31100,1.0898355468749998,0.03420312500000001,0.9065039062500002,0.05929296874999998
31200,1.0910242187499997,0.034394531250000006,0.9051718750000002,0.06043359375
31300,1.0919144531250005,0.03485937499999999,0.9044492187500001,0.06069140625
31400,1.0915554687499998,0.034789062499999995,0.9052460937500001,0.05996484374999998
31500,1.0922574218749999,0.035039062499999996,0.9049570312500002,0.060003906249999996
31600,1.0929609375000002,0.03532421875,0.9043906249999997,0.06028515625000003
31700,1.0931124999999997,0.03562890625,0.9045117187499999,0.05985937500000003
31800,1.0933429687499998,0.03558984374999999,0.9048281250000002,0.059582031250000014
31900,1.0931464843749998,0.03533203125000001,0.90481640625,0.059851562500000004
32000,1.092862109375,0.03508203125,0.9054257812500004,0.059492187499999995
32100,1.091755078125,0.034746093750000005,0.9061328124999998,0.059121093750000006
32200,1.0915007812499995,0.0348671875,0.90707421875,0.05805859374999997
32300,1.0921402343750004,0.034878906249999994,0.9049531249999999,0.060167968750000016
32400,1.0918101562499996,0.034773437500000004,0.9054335937500003,0.059792968750000015
32500,1.092190234375,0.0345703125,0.90553125,0.0598984375
32600,1.0914273437500002,0.03462109375,0.9064960937499998,0.05888281250000001
32700,1.090846875,0.034339843749999995,0.9060976562500002,0.059562500000000004
32800,1.0917546874999995,0.034773437500000004,0.9053164062500002,0.05991015625
32900,1.0922042968749996,0.034921875000000005,0.90508984375,0.05998828125000005
33000,1.0924871093749997,0.03505078125,0.9054921875,0.059457031249999986
33100,1.0938124999999999,0.035628906249999995,0.9048476562500004,0.05952343750000002
33200,1.0943917968749997,0.03619140625,0.9046875000000002,0.05912109374999998
33300,1.0952152343749995,0.0365546875,0.9041640625000003,0.05928124999999999
33400,1.0956703125000007,0.037101562500000004,0.9040234374999999,0.05887499999999999
33500,1.09586015625,0.03703515625000001,0.9036171875000003,0.05934765625000001
33600,1.0974921874999999,0.03750390625,0.9022304687500001,0.06026562500000001
33700,1.0986523437500004,0.03804296875000001,0.9017539062500002,0.060203125
33800,1.0996519531249995,0.03842968749999999,0.9006249999999998,0.0609453125
33900,1.1008820312499998,0.03887890625,0.9004804687500002,0.060640625000000004
34000,1.1025054687499998,0.0392109375,0.8992304687499997,0.06155859375000006
34100,1.1034093749999991,0.039660156250000016,0.8987031250000002,0.06163671874999999
34200,1.1038242187500003,0.040046874999999996,0.89866015625,0.06129296874999999
34300,1.103813671875,0.04023437499999999,0.8990585937500004,0.060707031250000015
34400,1.1037015624999995,0.0405390625,0.8994843750000001,0.0599765625
34500,1.103737890625,0.040933593750000004,0.9001523437500002,0.05891406249999998
34600,1.1039082031249998,0.04086718750000003,0.8999453125000001,0.059187500000000004
34700,1.1040429687500002,0.04073437499999999,0.8997968750000004,0.05946874999999999
34800,1.1041511718750006,0.041214843750000014,0.8995078125000002,0.059277343750000024
34900,1.1047585937500004,0.0412734375,0.89887890625,0.05984765625000002
35000,1.1059511718750004,0.04186718750000001,0.8974921874999999,0.06064062500000003
35100,1.106866796875,0.04269531250000001,0.89781640625,0.05948828124999999
35200,1.1083316406250001,0.04271874999999999,0.8961093749999998,0.06117187500000001
35300,1.1089949218750004,0.042738281250000024,0.8951953125000002,0.062066406249999984
35400,1.1102597656250002,0.04351171874999999,0.8944218750000003,0.06206640625000001
35500,1.1111617187499998,0.04370312500000001,0.89416015625,0.06213671875000003
35600,1.1111640624999999,0.04370312500000001,0.8941289062499997,0.06216796875000002
35700,1.1113085937500002,0.04382812500000001,0.89423828125,0.061933593749999995
35800,1.1119839843749997,0.043917968749999994,0.8928515625000001,0.06323046875000003
35900,1.111916015625,0.04432031249999999,0.8941796875,0.061500000000000006
36000,1.112182421875,0.04452734374999999,0.89379296875,0.0616796875
36100,1.1131281250000002,0.04478906249999999,0.8938164062500001,0.06139453125000001
36200,1.1140820312499997,0.04537500000000001,0.8930312499999996,0.06159374999999997
36300,1.1146925781250003,0.04563281250000001,0.892625,0.061742187500000004
36400,1.1148769531250002,0.045679687499999996,0.8926953125000001,0.061625000000000006
36500,1.1157027343750001,0.04591796875,0.8917460937499997,0.06233593750000001
36600,1.11644140625,0.04615625,0.8913828125000004,0.062460937499999994
36700,1.1164359375000001,0.04617578125,0.8913046875000004,0.06251953125000001
36800,1.116259765625,0.046273437500000014,0.8922421874999996,0.06148437499999999
36900,1.1160988281249997,0.04639843750000001,0.8915351562499999,0.06206640625
37000,1.1164484375000003,0.04628515625,0.89174609375,0.06196874999999999
37100,1.1167242187499995,0.046343749999999996,0.8909023437500001,0.06275390624999999
37200,1.1157546875000004,0.045675781250000005,0.8911171875000007,0.06320703125
37300,1.1154332031249994,0.045734375,0.8916835937500003,0.06258203125
37400,1.1150902343750007,0.045371093749999994,0.8918515625000003,0.06277734375000002
37500,1.115005859375,0.04521484375000001,0.8914570312500004,0.063328125
37600,1.115555859375,0.04535546875,0.8914492187500003,0.06319531249999999
37700,1.1155570312500003,0.045246093749999994,0.8906484374999997,0.06410546875000003
37800,1.1151722656250003,0.045257812499999994,0.8913398437499999,0.06340234374999999
37900,1.1147558593749995,0.04540625000000001,0.8918281250000001,0.06276562499999998
38000,1.1143085937500001,0.044933593749999994,0.8915742187500002,0.0634921875
38100,1.1132019531250004,0.04470703124999999,0.8926406249999995,0.06265234375
38200,1.1125496093750005,0.04436718749999999,0.8936992187500002,0.06193359374999998
38300,1.111921875,0.04423437499999999,0.8942031250000001,0.06156249999999999
38400,1.1115414062499995,0.044398437500000006,0.8947851562500001,0.060816406249999976
38500,1.1118023437500002,0.04433203125,0.8935273437500002,0.062140624999999984
38600,1.1110222656249997,0.04368749999999998,0.8943515625000003,0.0619609375
38700,1.1115164062499998,0.04353906250000001,0.8930859374999995,0.06337500000000001
38800,1.111915625,0.043792968749999994,0.8928125000000001,0.06339453125000001
38900,1.112013671875001,0.043957031249999994,0.8921093749999998,0.06393359375
39000,1.1123730468750004,0.043609375000000006,0.8916640624999995,0.06472656249999999
39100,1.1131125000000002,0.043542968749999994,0.8911249999999995,0.06533203125
39200,1.1137499999999998,0.04374218749999999,0.8906210937500003,0.06563671875000003
39300,1.1139273437500004,0.0438125,0.8904570312500004,0.06573046875000002
39400,1.1136625000000002,0.04378515624999999,0.8913476562499997,0.06486718749999999
39500,1.1134601562500002,0.043957031249999994,0.8915507812500005,0.0644921875
39600,1.1139718750000003,0.04427734375,0.8915000000000003,0.06422265625000004
39700,1.1146492187500003,0.04423046875,0.8907500000000002,0.06501953125000003
39800,1.1143433593749996,0.04467187500000001,0.89193359375,0.06339453125000001
39900,1.1144925781249992,0.044949218750000006,0.89181640625,0.06323437500000001
40000,1.1141972656249997,0.04492187499999999,0.891703125,0.063375
40100,1.1141464843750006,0.04484765625,0.8923945312499998,0.06275781250000002
40200,1.1141449218749997,0.044843750000000016,0.8925898437499997,0.06256640625000003
40300,1.1143031249999997,0.044750000000000005,0.8928671875,0.06238281250000001
40400,1.1143429687499993,0.04462890625000001,0.8922382812500007,0.06313281250000002
40500,1.1138812500000002,0.04425,0.89280078125,0.06294921875
40600,1.1135746093750003,0.04403515625,0.8920898437500007,0.063875
40700,1.1145175781250007,0.04410937499999999,0.8920820312499997,0.06380859375
40800,1.1149078125000003,0.044292968749999995,0.8914023437500003,0.06430468750000001
40900,1.1152101562499999,0.044500000000000005,0.8910273437499998,0.06447265624999997
41000,1.1153675781250005,0.04471484374999998,0.8915937500000002,0.06369140625
41100,1.1157394531249998,0.04491796875,0.8909804687500001,0.0641015625
41200,1.1157308593750004,0.04474609374999999,0.891078125,0.06417578124999998
41300,1.1159433593750003,0.045054687499999996,0.8905039062499999,0.06444140624999999
41400,1.1157472656249994,0.0448515625,0.8904414062499999,0.06470703125000003
41500,1.11622890625,0.044804687499999996,0.8897343750000004,0.0654609375
41600,1.1151660156250003,0.044382812499999987,0.8908359374999998,0.06478125000000005
41700,1.1146250000000006,0.04425390625,0.89178515625,0.06396093750000002
41800,1.1144261718749995,0.044164062500000004,0.8912304687499997,0.06460546875
41900,1.1150082031250004,0.04439843750000001,0.8911757812500004,0.06442578124999998
42000,1.1155816406250003,0.04441406250000001,0.8908593750000002,0.06472656250000001
42100,1.1159945312500004,0.04477343749999999,0.891234375,0.06399218749999996
42200,1.1157468749999995,0.044593750000000015,0.8908085937500003,0.06459765625
42300,1.1160449218750002,0.044679687499999995,0.8901718750000002,0.06514843749999999
42400,1.1161249999999998,0.04476953125000001,0.890171875,0.06505859375
42500,1.1157996093750002,0.044652343750000004,0.8910234374999999,0.06432421875000001
42600,1.1147386718750005,0.043941406249999995,0.8915976562500001,0.06446093750000001
42700,1.1142269531249998,0.044046874999999985,0.8922578125000001,0.06369531250000002
42800,1.1136546875000004,0.04388281249999999,0.8929726562500006,0.06314453124999997
42900,1.112627734375,0.04379296874999999,0.8936953124999995,0.06251171875000001
43000,1.1118839843749997,0.043578124999999995,0.8940234374999996,0.062398437500000015
43100,1.1118367187500002,0.04349609375,0.89414453125,0.06235937500000001
43200,1.1114683593750005,0.043382812500000006,0.8941328124999998,0.062484375
43300,1.1106628906250002,0.0430390625,0.89505859375,0.06190234375
43400,1.1102093749999995,0.04288671875000001,0.8962929687499996,0.06082031249999999
43500,1.109661328125,0.042871093749999985,0.8961718749999997,0.06095703124999998
43600,1.1088785156249996,0.042410156250000004,0.8966484374999999,0.060941406249999996
43700,1.1092558593750004,0.04253906250000001,0.8961718750000002,0.06128906250000002
43800,1.1104476562499999,0.043117187500000015,0.8947148437499998,0.062167968750000024
43900,1.110964453125,0.043285156250000005,0.8947148437500002,0.06199999999999997
44000,1.1125625000000001,0.04345312500000001,0.8927890625000003,0.06375781249999998
44100,1.1136390625,0.04397265624999999,0.8919648437500003,0.06406250000000005
44200,1.1147320312500002,0.0440078125,0.8901249999999999,0.06586718750000004
44300,1.1155238281250002,0.04412109374999999,0.8894843750000001,0.06639453125
44400,1.1167496093750002,0.04480078125000001,0.8881367187500002,0.0670625
44500,1.11685390625,0.04501562500000001,0.8883945312499999,0.06658984374999999
44600,1.1168996093749999,0.04527734374999999,0.8889921875,0.06573046874999999
44700,1.117350390625,0.045734374999999994,0.8892421875000001,0.06502343750000003
44800,1.1173039062500003,0.04605468749999999,0.8896132812499999,0.06433203125000003
44900,1.1175218750000007,0.04583203125,0.8901992187500003,0.06396874999999998
45000,1.1179429687499998,0.04609375000000001,0.8891875000000004,0.06471874999999998
45100,1.1190464843750003,0.04689453125000001,0.8886484375000001,0.06445703125000002
45200,1.1212140624999996,0.047812499999999994,0.8869882812499998,0.06519921875000001
45300,1.1216167968749997,0.04788671874999998,0.8865312500000003,0.06558203125
45400,1.1225707031250005,0.0480234375,0.8861406250000005,0.0658359375
45500,1.1226203124999998,0.048066406250000006,0.885765625,0.06616796875000004
45600,1.1228613281250002,0.048125000000000015,0.8859062499999999,0.06596874999999999
45700,1.1222875,0.04814062499999999,0.8873632812500002,0.06449609375000001
45800,1.1220574218749992,0.0482109375,0.8869687500000002,0.06482031250000002
45900,1.12193984375,0.04833593749999999,0.8872773437500001,0.06438671874999999
46000,1.12230078125,0.04882031249999998,0.8873125000000002,0.06386718749999999
46100,1.1228460937500004,0.04904296875000001,0.8874609374999999,0.06349609375
46200,1.12434375,0.04953125,0.8861757812499996,0.06429296875000003
46300,1.1248976562499997,0.04973046874999998,0.8862773437500002,0.06399218750000002
46400,1.1254628906250002,0.049511718749999996,0.8852421875,0.06524609375
46500,1.1253769531250002,0.049472656250000004,0.8845664062500002,0.06596093750000001
46600,1.125734375,0.04952343750000001,0.8838867187499999,0.06658984375000003
46700,1.1258339843749996,0.04929687500000002,0.8839140625000002,0.0667890625
46800,1.1254011718750003,0.049359375,0.8844374999999998,0.06620312500000002
46900,1.125440234375,0.049226562499999994,0.8842187499999998,0.06655468749999999
47000,1.1247839843750003,0.04871484374999999,0.8842109375,0.06707421874999998
47100,1.1236218749999995,0.04859374999999999,0.8850703124999998,0.06633593750000003
47200,1.1240792968750009,0.048652343749999986,0.8845234375000002,0.06682421874999997
47300,1.1247113281250007,0.04874609375000001,0.8837499999999998,0.06750390625000001
47400,1.1246058593749997,0.048910156249999996,0.8845273437500001,0.0665625
47500,1.1247785156250003,0.04908984375000002,0.8846562500000005,0.06625390625000002
47600,1.124966796875,0.04886718750000001,0.8839804687500006,0.06715234375000001
47700,1.1248929687499998,0.0487421875,0.8843593750000002,0.0668984375
47800,1.1245910156249996,0.04867187499999999,0.8846210937500001,0.06670703125000002
47900,1.1248296875000001,0.04876171874999999,0.8838203124999999,0.06741796875000004
48000,1.124276171875,0.04876171875000002,0.8847265624999999,0.06651171875000002
48100,1.1246292968750005,0.04891796875000001,0.8844609375000005,0.06662109375
48200,1.1247015624999994,0.048796875,0.88431640625,0.06688671875000003
48300,1.1253441406250002,0.04918359374999998,0.8844453125000006,0.06637109375000001
48400,1.125205078125,0.0491015625,0.88369140625,0.06720703125000002
48500,1.124967578125,0.04850000000000002,0.8843359374999996,0.0671640625
48600,1.1250277343749995,0.04894140624999999,0.8844140625000001,0.06664453125
48700,1.12484296875,0.04894531250000001,0.8845703125,0.06648437500000003
48800,1.1245453125,0.048921875,0.8851484375,0.06592968750000001
48900,1.1244628906250007,0.04901171874999999,0.8851484375000003,0.06583984375000003
49000,1.1237738281250005,0.04859765625,0.8851601562499999,0.06624218750000002
49100,1.12328515625,0.04848046874999999,0.8860312500000002,0.06548828125000003
49200,1.1241992187499998,0.048886718749999995,0.8852421874999999,0.06587109375000001
49300,1.1245398437500003,0.04893359374999999,0.8841796874999996,0.06688671875000003
49400,1.1245527343749997,0.04891406250000001,0.8847226562499999,0.06636328125000002
49500,1.1244039062499995,0.04869140624999999,0.8844453125,0.06686328124999999
49600,1.1236257812499997,0.04828906250000001,0.8855312500000003,0.06617968749999997
49700,1.123065234375,0.047949218749999994,0.8860351562500001,0.06601562499999998
49800,1.12254140625,0.04818359375000001,0.8866015625,0.06521484375000001
49900,1.1223613281250002,0.04802734375,0.8869179687500003,0.06505468750000001
50000,1.1214460937500006,0.047699218749999994,0.8876484375000001,0.06465234375000001
50100,1.1213695312500005,0.04781640624999999,0.8874140624999997,0.06476953125000005
50200,1.1213578125000006,0.0479296875,0.8870273437500003,0.06504296875000003
50300,1.1218984375000003,0.0480234375,0.88673828125,0.06523828125000003
50400,1.1217964843750003,0.048058593749999996,0.8868398437499997,0.06510156249999999
