step,mean_aspect_ratio,fraction_elongated,fraction_round,fraction_binary
100,1.0,0.0,1.0,0.0
200,1.1243976562499993,0.008414062499999991,0.6803164062500001,0.3112695312500001
300,1.1307730468749997,0.015550781249999993,0.6865781250000003,0.2978710937499999
400,1.1374875000000004,0.020937499999999994,0.6846445312500008,0.29441796875
500,1.1471695312500005,0.026835937499999993,0.6836718749999999,0.28949218750000005
600,1.15765390625,0.032449218749999995,0.6855703124999999,0.28198046875000005
700,1.1693816406250002,0.03895703125,0.6896445312499999,0.2713984375000001
800,1.182661328125001,0.04665625,0.6954140625,0.25792968750000006
900,1.1968273437500003,0.054503906250000005,0.6997734374999999,0.24572265625
1000,1.211614453124999,0.06293359375,0.70425,0.23281640625000005
1100,1.226623046875,0.07105078125000001,0.7074374999999999,0.22151171875000003
1200,1.2418359375000003,0.07940234375,0.7093203124999996,0.21127734375000012
1300,1.2559179687500004,0.08782812499999998,0.7116679687499998,0.2005039062500001
1400,1.2711832031249999,0.09590234374999997,0.7114609374999997,0.19263671874999994
1500,1.2869199218750007,0.10392187499999993,0.70739453125,0.18868359374999988
1600,1.3012984375000003,0.11178515625000003,0.7052304687500003,0.18298437500000006
1700,1.3171222656250003,0.11935156250000006,0.7002382812500001,0.18041015625000004
1800,1.3326246093749998,0.12724609375,0.6941953124999998,0.17855859375
1900,1.3473886718750006,0.13526562500000003,0.69067578125,0.17405859375
2000,1.3628734374999998,0.1428476562500001,0.6841328125000001,0.17301953124999994
2100,1.3769785156249998,0.14931640624999998,0.6782382812500002,0.1724453125000001
2200,1.3892960937499998,0.15644531249999996,0.6743750000000004,0.16917968749999993
2300,1.4017960937500005,0.16202734374999997,0.6685859375000001,0.16938671875000008
2400,1.4126289062500001,0.16787109375000003,0.6643359374999998,0.16779296874999997
2500,1.4224249999999996,0.17330078125000006,0.6619921875000001,0.1647070312499999
2600,1.4306902343750008,0.17882812500000003,0.6585351562499999,0.16263671875000008
2700,1.4417351562500003,0.1850703125,0.6515625,0.16336718749999998
2800,1.454262890625,0.19083203124999998,0.6452539062500001,0.16391406249999999
2900,1.4651843750000004,0.19632812499999988,0.6398476562500006,0.16382421874999994
3000,1.47322734375,0.20003125000000002,0.636640625,0.16332812499999996
3100,1.4833519531249997,0.20506250000000004,0.6291210937500002,0.1658164062499999
3200,1.4947667968749998,0.21084765624999985,0.6243124999999999,0.16483984374999996
3300,1.5047546875,0.2155312499999999,0.6194726562500001,0.16499609375
3400,1.514662500000001,0.21995312500000003,0.6139804687499998,0.16606640625
3500,1.5240304687499997,0.22475,0.6092226562499997,0.1660273437500001
3600,1.532925390625,0.22885156250000005,0.6049609375,0.16618749999999996
3700,1.5406179687500006,0.23287890625000002,0.5999062500000001,0.16721484375000004
3800,1.547523046875,0.23617578124999994,0.5966445312499998,0.16717968750000003
3900,1.5540773437499997,0.23949609374999997,0.593140625,0.16736328125000005
4000,1.5587859375000006,0.2421328125,0.5902578125000001,0.16760937500000003
4100,1.5637351562500004,0.24407421875000007,0.5865156250000001,0.16941015624999997
4200,1.5687367187499996,0.24548828125000008,0.5830273437499998,0.17148437499999997
4300,1.5734062500000003,0.24731640625,0.5798320312500003,0.17285156249999994
4400,1.578860546875,0.2497460937500001,0.5751874999999997,0.17506640625
4500,1.5840367187499995,0.25187109375,0.57259375,0.17553515625000007
4600,1.5895550781250003,0.25501171874999984,0.5696562500000003,0.17533203124999996
4700,1.5944578125,0.25736328124999996,0.5677890625,0.17484765625
4800,1.5972140625000002,0.25953125000000005,0.5670273437499999,0.17344140624999999
4900,1.6002253906250001,0.26068359375000005,0.56533203125,0.17398437500000002
5000,1.6025230468750005,0.26190234374999993,0.5645195312500001,0.17357812500000008
5100,1.6056582031249986,0.2630507812500001,0.5626835937499999,0.17426562500000004
5200,1.6089292968749997,0.26527734375,0.5607968750000001,0.17392578125000002
5300,1.6135949218750003,0.26741015625000003,0.5573085937500002,0.17528125000000003
5400,1.6163988281249997,0.26839453125,0.5556875000000002,0.17591796875000001
5500,1.6208953125000003,0.27105078125000004,0.5536171875000001,0.17533203124999994
5600,1.6225605468750002,0.27238671875,0.5536406249999999,0.17397265625000008
5700,1.6234617187500002,0.27329687500000005,0.5542617187499997,0.17244140624999996
5800,1.626537499999999,0.27513281249999993,0.5526992187499998,0.17216796875000007
5900,1.6295410156250003,0.27728906249999996,0.5523906249999999,0.17032031249999988
6000,1.6290371093749993,0.276984375,0.5545078125000004,0.16850781249999996
6100,1.629255078124999,0.2771015625,0.55321484375,0.16968359374999997
6200,1.6288800781250012,0.27696093749999995,0.5523515625000001,0.1706875000000001
6300,1.629983203125,0.27754687499999997,0.5517460937499997,0.17070703124999995
6400,1.6335312499999997,0.27899609375,0.5498203125000001,0.17118359374999995
6500,1.634505078125,0.27917968750000005,0.5489296875000002,0.1718906249999999
6600,1.6359722656250004,0.2797499999999998,0.5475585937499999,0.17269140625000004
6700,1.6370980468749998,0.2803671875000001,0.5468593749999997,0.1727734375000001
6800,1.6379351562499995,0.2805937500000001,0.5472148437500001,0.17219140625000007
6900,1.6380925781250004,0.2809609375000001,0.5460937499999998,0.17294531250000003
7000,1.6391386718749998,0.28171484375000005,0.5455312499999998,0.17275390625000006
7100,1.6406425781249998,0.2818710937500002,0.54458203125,0.17354687500000004
7200,1.6434874999999993,0.2828945312499999,0.54216015625,0.17494531250000003
7300,1.647998828125,0.28499609375000007,0.5391250000000001,0.17587890625
7400,1.6522949218750003,0.28683984374999993,0.5358398437500002,0.1773203125
7500,1.6568078125,0.28969140625000017,0.5343515625,0.17595703125
7600,1.6608503906249996,0.2917500000000002,0.5326289062500001,0.17562109375
7700,1.6636421874999996,0.2931054687499999,0.53148046875,0.17541406249999997
7800,1.6663339843750002,0.29446484375000004,0.5295703125,0.17596484375000007
7900,1.6683957031250003,0.2949296875,0.5274882812499999,0.17758203124999994
8000,1.668648046875,0.29522265625000016,0.52878515625,0.1759921874999999
8100,1.6694375000000004,0.29551953124999986,0.5274296874999997,0.17705078125000007
8200,1.6700492187499998,0.2961835937499999,0.5280429687499998,0.17577343749999993
8300,1.6721824218750003,0.2974921875000001,0.5264726562500003,0.17603515625
8400,1.6755156249999992,0.29855078125000006,0.5250039062499999,0.17644531250000003
8500,1.6774554687499996,0.3000507812500002,0.5248125,0.17513671874999998
8600,1.6772570312499997,0.30008593749999984,0.5251132812499998,0.17480078124999995
8700,1.6785585937500005,0.30019531249999987,0.5237187499999999,0.17608593749999985
8800,1.6774624999999999,0.29931640624999994,0.5250585937500001,0.17562500000000003
8900,1.6764414062500004,0.29936328125000006,0.5269882812499999,0.17364843750000009
9000,1.6740136718750005,0.2989531250000002,0.52995703125,0.17108984375000003
9100,1.6702390625000005,0.2976289062500001,0.5320234374999999,0.17034765624999998
9200,1.668708203125001,0.29675,0.5323828125000002,0.17086718750000007
9300,1.6660109375000003,0.2956796874999999,0.5350273437499996,0.1692929687499999
9400,1.6663023437500004,0.29641406249999985,0.5326796875,0.17090625
9500,1.6672476562499994,0.296328125,0.53162109375,0.17205078124999995
9600,1.6689074218749995,0.29646875000000006,0.53121484375,0.17231640624999997
9700,1.6696859375000004,0.2970312499999999,0.5298789062499999,0.17308984374999986
9800,1.6702105468750001,0.29735156250000006,0.5297773437500003,0.17287109375
9900,1.6693781250000006,0.29747265625000013,0.5302148437499999,0.17231250000000004
10000,1.6682171875,0.29678515625000007,0.5316484375000002,0.17156640624999997
10100,1.668630859375,0.29737109375000015,0.5313203124999999,0.17130859374999993
10200,1.66991328125,0.29838281250000004,0.5305664062500001,0.17105078125000006
10300,1.6723960937499998,0.3001132812499999,0.53005078125,0.1698359375
10400,1.6759832031250002,0.30102734375000006,0.5281484375,0.17082421874999998
10500,1.678004296875,0.3023749999999998,0.5267070312499998,0.17091796875000007
10600,1.680499609374999,0.30351171874999994,0.5251367187499999,0.17135156250000003
10700,1.6825171875,0.304046875,0.5229296875000001,0.17302343750000002
10800,1.6842160156249997,0.3045625,0.52226171875,0.17317578124999997
10900,1.6856363281250006,0.30538671875,0.5212695312499999,0.17334375000000005
11000,1.6870929687500003,0.3065000000000001,0.5197929687499999,0.17370703125
11100,1.6858316406250007,0.3053437499999999,0.5206992187499999,0.17395703125000006
11200,1.6846652343749997,0.30465625000000013,0.5219882812499997,0.17335546875000002
11300,1.6829828125000004,0.30379296874999995,0.5229101562500003,0.17329687500000002
11400,1.6826804687500005,0.3037031250000001,0.52364453125,0.17265234375000005
11500,1.6812101562500004,0.3032148437500002,0.5246093749999998,0.17217578125000002
11600,1.682112109375,0.3033437499999999,0.5229140624999998,0.17374218750000003
11700,1.6807425781249996,0.3033789062499999,0.5249531249999999,0.17166796875000004
11800,1.6799749999999996,0.3022109375,0.5251523437500001,0.17263671875
11900,1.6791003906249995,0.3020507812500001,0.52628515625,0.17166406249999996
12000,1.67654453125,0.3004492187499999,0.5282578125000003,0.17129296874999994
12100,1.6769710937499995,0.30099609374999997,0.5275664062500001,0.17143749999999994
12200,1.678159765625001,0.30170312499999996,0.5251757812500003,0.17312109375
12300,1.6802187500000003,0.30251171875,0.5244257812499998,0.1730625
12400,1.6816695312499996,0.30262109375,0.5224218749999998,0.17495703125
12500,1.6819164062499996,0.3033359375,0.5231406249999999,0.17352343750000007
12600,1.681283984375,0.3028593749999999,0.52333984375,0.1738007812500001
12700,1.6819140625000002,0.3029960937500001,0.5227148437500001,0.17428906249999995
12800,1.6809148437500006,0.30305078124999996,0.5234257812500003,0.17352343749999993
12900,1.6818449218750002,0.30283593750000004,0.5226953124999999,0.17446875000000006
13000,1.6802886718750007,0.30239843749999995,0.5237500000000002,0.1738515625
13100,1.6808386718750008,0.30216796875,0.52328515625,0.17454687500000007
13200,1.6818800781249994,0.30257812500000014,0.5220507812499999,0.17537109375
13300,1.6813460937499995,0.30207812500000003,0.5226328124999998,0.1752890625
13400,1.6810816406250004,0.30212890624999983,0.5223593749999997,0.17551171875000005
13500,1.6812621093749998,0.302109375,0.5223242187499999,0.17556640625000008
13600,1.6826191406249997,0.30283593750000026,0.5222968750000003,0.17486718749999994
13700,1.683709765625,0.3031015625,0.5206523437499999,0.17624609375000003
13800,1.6850343750000003,0.30401562499999985,0.5195585937499998,0.17642578124999997
13900,1.6881925781249998,0.30491015625,0.51728125,0.17780859374999994
14000,1.69001875,0.30613671875000004,0.5171328124999999,0.17673046875000004
14100,1.6927070312500003,0.3081757812499999,0.5152070312500003,0.1766171875
14200,1.6926457031250004,0.30825781250000023,0.5161210937500001,0.17562109374999998
14300,1.6907718749999991,0.3076171874999999,0.5178476562499998,0.17453515624999996
14400,1.6887718749999996,0.30656640625000015,0.5177539062500003,0.1756796875
14500,1.6882816406250007,0.30616406250000006,0.5188632812500001,0.17497265625000002
14600,1.6878824218750008,0.3053203125000001,0.51801953125,0.17666015624999992
14700,1.6885511718749988,0.30592187500000007,0.51726953125,0.1768085937500001
14800,1.6893371093750003,0.30604687499999994,0.51708984375,0.17686328125000003
14900,1.6915285156250002,0.3069726562500001,0.5167929687499999,0.176234375
15000,1.6902234374999998,0.30591796874999994,0.51846484375,0.1756171875
15100,1.6876191406249994,0.30482812500000006,0.5210351562500002,0.17413671875
15200,1.68659375,0.3048046875,0.5215351562500001,0.17366015625000006
15300,1.6866359374999995,0.3052929687499998,0.52155078125,0.17315625
15400,1.6857753906249997,0.3048437500000001,0.5216992187499998,0.17345703124999992
15500,1.6866671874999997,0.3050820312499999,0.5215624999999999,0.17335546875000002
15600,1.6866484375,0.3055351562499999,0.5209609374999998,0.17350390624999998
15700,1.6877339843749999,0.3052734375000001,0.5192890625000001,0.1754375
15800,1.6878492187500003,0.30483984374999995,0.5198320312500001,0.17532812499999995
15900,1.6859695312500003,0.3049843749999998,0.5215156249999999,0.17350000000000007
16000,1.6865773437500011,0.30498828125,0.5218437499999999,0.1731679687499999
16100,1.68523046875,0.30495312499999994,0.5238867187499999,0.17116015625000003
16200,1.6869226562499995,0.3054609375000001,0.5212734375000001,0.17326562500000003
16300,1.6876867187500006,0.30551171875000016,0.52011328125,0.17437499999999997
16400,1.688262109375,0.3049492187500001,0.5191093749999999,0.17594140624999996
16500,1.6904593749999994,0.30598828124999994,0.5166015625000001,0.17741015625
16600,1.691837890625,0.3067109375,0.5166523437499999,0.17663671875000003
16700,1.6914292968749998,0.3070078124999999,0.5158789062500001,0.17711328124999995
16800,1.691052734375001,0.306640625,0.51663671875,0.17672265625000005
16900,1.6945085937499993,0.3075664062500001,0.51422265625,0.1782109375
17000,1.6943738281250003,0.3076601562499999,0.5149921875000001,0.17734765625000012
17100,1.6942722656250004,0.3080117187500001,0.5158945312500001,0.17609375000000002
17200,1.696192578124999,0.30882421874999993,0.51383984375,0.17733593749999993
17300,1.697105859375001,0.30858984375,0.51269140625,0.17871875000000004
17400,1.6988488281249992,0.30863671875,0.5110078125000003,0.18035546874999997
17500,1.7006894531250005,0.30951171875000005,0.5106250000000002,0.17986328125000003
17600,1.7025367187500005,0.31039453125000027,0.5097382812500002,0.1798671875
17700,1.7038570312500008,0.31194140625,0.5104921875,0.17756640625000014
17800,1.7038273437499993,0.31252343749999995,0.5105976562500001,0.17687890625000005
17900,1.704680859375001,0.31337109375000005,0.5107695312499999,0.17585937499999998
18000,1.7055148437499998,0.3142890625000001,0.51121875,0.17449218750000003
18100,1.7067015624999997,0.31469140624999986,0.5105820312500001,0.1747265625
18200,1.706376953125001,0.31473046875,0.51030078125,0.17496875
18300,1.7054550781249997,0.3141328125,0.5114570312499997,0.17441015624999995
18400,1.7057496093750002,0.3146132812499999,0.5118007812500001,0.17358593750000004
18500,1.7041921875,0.31430468749999996,0.5129414062500001,0.17275390625000003
18600,1.7026847656250006,0.3138164062499999,0.5138515625000001,0.17233203125000002
18700,1.7020355468749997,0.31356249999999997,0.5138945312499997,0.17254296874999997
18800,1.7008046874999996,0.3124570312500001,0.5134062499999998,0.17413671875
18900,1.7003105468749995,0.31236328125,0.5131171874999998,0.1745195312499999
19000,1.7013457031250006,0.31225781250000006,0.5113554687499999,0.17638671874999995
19100,1.7024640625000005,0.3125664062500002,0.5109101562500001,0.17652343750000007
19200,1.7038390625,0.31351171875000017,0.5101562500000001,0.17633203125000005
19300,1.7022027343749995,0.3135703125,0.5123593750000001,0.17407031250000005
19400,1.7014617187499996,0.31347265625000004,0.51350390625,0.17302343750000007
19500,1.7003816406250005,0.3131953125,0.5150820312499998,0.1717226562499999
19600,1.698899609375,0.3123398437500002,0.5157187499999998,0.17194140624999996
19700,1.6990675781249993,0.31160156249999993,0.5146757812500001,0.17372265625
19800,1.6993980468750003,0.3119062499999999,0.51430078125,0.17379296875000003
19900,1.6984257812499997,0.31071093750000006,0.51303515625,0.17625390625000004
20000,1.6996402343750003,0.31127343750000014,0.51307421875,0.17565234375
20100,1.7007207031249991,0.31171093749999995,0.5133046875,0.17498437499999983
20200,1.7020601562500002,0.31253124999999987,0.51170703125,0.17576171875
20300,1.703413671874999,0.3128007812499999,0.51062109375,0.17657812499999995
20400,1.7051015625000001,0.31289453125000005,0.5086875000000003,0.17841796875000004
20500,1.7059675781249999,0.3135429687499999,0.5090078124999999,0.17744921875
20600,1.7084179687499996,0.31459765624999986,0.5069570312500001,0.17844531249999995
20700,1.7095695312499997,0.31545312500000017,0.5065156249999997,0.17803125
20800,1.71090546875,0.31555078124999997,0.5050625000000002,0.17938671875000006
20900,1.7111503906249994,0.31580078124999983,0.50581640625,0.17838281250000004
21000,1.7112578124999998,0.31584375000000015,0.5048906249999999,0.17926562499999996
21100,1.711049218750001,0.31612109375,0.5051171875000002,0.17876171875000005
21200,1.7089417968749998,0.31584765625000005,0.5069804687499999,0.177171875
21300,1.708097265625,0.3152617187499999,0.5082734375,0.17646484375
21400,1.7075089843750002,0.31491015625000013,0.5085117187499999,0.17657812499999995
21500,1.7037714843750003,0.3137890624999999,0.51194140625,0.17426953125
21600,1.7000980468750007,0.31299609375,0.51480078125,0.1722031250000001
21700,1.6984652343750006,0.31318749999999995,0.5160976562499998,0.17071484375000004
21800,1.6959535156250012,0.3116210937500001,0.5182421874999998,0.17013671875000005
21900,1.6955519531249994,0.31144140625000005,0.5188437500000003,0.16971484375000004
22000,1.6948515625000002,0.31173828125,0.5194570312499999,0.1688046875
22100,1.6948730468750006,0.3111835937500001,0.5194609374999999,0.16935546875
22200,1.6943738281249991,0.31080859375000014,0.5178867187499997,0.1713046875
22300,1.6932703125000004,0.3098789062499998,0.5189765624999998,0.17114453124999998
22400,1.693734375,0.31028125000000006,0.5179062499999998,0.1718124999999999
22500,1.6922097656250015,0.30844140625000016,0.5182304687499999,0.17332812499999997
22600,1.6930937500000005,0.3085546874999999,0.51652734375,0.17491796875000004
22700,1.6940230468749993,0.3088203124999999,0.516359375,0.17482031250000002
22800,1.6944835937500007,0.308484375,0.5162226562500003,0.17529296875
22900,1.6942460937500003,0.30840234375,0.5148476562500001,0.1767500000000001
23000,1.695641015625,0.3090859375000001,0.5132421875000002,0.17767187499999992
23100,1.697391015625001,0.3097265625,0.5128085937499998,0.17746484375000002
23200,1.6972507812500006,0.3103164062500001,0.51356640625,0.17611718750000008
23300,1.6951789062500002,0.30940234375,0.515828125,0.17476953125000008
23400,1.6932648437499989,0.3087539062499999,0.5173671874999999,0.17387890624999988
23500,1.6925039062500002,0.3076445312500001,0.5178046874999999,0.17455078124999995
23600,1.6903843750000003,0.30646093750000014,0.5187421875000001,0.174796875
23700,1.6878328125,0.30546875000000007,0.5204453125000001,0.17408593750000004
23800,1.68643125,0.30470312499999996,0.5209570312499999,0.17433984375
23900,1.6865226562500004,0.30469921874999983,0.5206757812500002,0.174625
24000,1.6859785156250005,0.304375,0.52029296875,0.17533203125000008
24100,1.685161328125,0.30408984375000003,0.5191445312500002,0.17676562500000007
24200,1.6836535156250003,0.30377343749999997,0.5217617187500002,0.17446484375000001
24300,1.6857253906249992,0.3050703125,0.52101171875,0.17391796874999998
24400,1.6852679687499998,0.30494921875000003,0.52062109375,0.17442968750000007
24500,1.6870695312500001,0.3052265624999999,0.5203789062499998,0.17439453124999998
24600,1.6871679687499996,0.3052578125,0.5198359375,0.17490625
24700,1.6871113281249996,0.3052539062500002,0.5205117187499999,0.17423437500000005
24800,1.6864859374999992,0.3053046874999999,0.5212617187499997,0.17343359375000006
24900,1.6863605468750003,0.30489453124999993,0.5217539062499998,0.17335156249999983
25000,1.6868300781249999,0.30527734375000015,0.5215781249999999,0.17314453124999998
25100,1.6875500000000003,0.30571093750000006,0.5205664062500004,0.17372265625000005
25200,1.685866015625,0.3045703125,0.5210312499999998,0.17439843749999998
25300,1.68435078125,0.30405859375,0.5225273437499998,0.17341406250000008
25400,1.6843425781249997,0.30376953125000017,0.521609375,0.17462109374999998
25500,1.6860929687499988,0.30441406249999997,0.5211718749999998,0.17441406249999997
25600,1.6857433593750002,0.3039492187500001,0.5210898437500003,0.1749609375
25700,1.6854019531249995,0.3046445312500001,0.52180078125,0.1735546875
25800,1.686057421875,0.30569531250000004,0.5220351562499999,0.1722695312499999
25900,1.6879906249999983,0.3058281250000003,0.5201796875000001,0.1739921875
26000,1.6883675781250005,0.3060078124999999,0.5200859375,0.17390625
26100,1.6887253906250004,0.30664453125,0.5193906250000003,0.17396484375000001
26200,1.6890054687500007,0.3073085937499999,0.51975390625,0.17293750000000002
26300,1.6896546874999994,0.30654687499999994,0.5188203125000002,0.17463281250000012
26400,1.6890953125000003,0.30570312499999996,0.5185000000000001,0.175796875
26500,1.6885421875000008,0.30567968750000013,0.51908203125,0.17523828125
26600,1.6875628906250004,0.3052656250000001,0.519390625,0.17534374999999996
26700,1.68631484375,0.3045117187500001,0.5196015625,0.17588671874999998
26800,1.6857433593749995,0.3034804687500002,0.5201015625,0.17641796875000007
26900,1.6856160156249989,0.30389062499999986,0.520171875,0.1759375
27000,1.684846875,0.3034375000000003,0.5212070312500001,0.17535546874999997
27100,1.6864984374999998,0.3046015624999998,0.5191796874999999,0.17621875000000004
27200,1.6879726562500001,0.3055390625000001,0.5182578124999998,0.17620312500000004
27300,1.689326171874999,0.3059062499999998,0.5174687499999999,0.17662500000000006
27400,1.688562890625,0.30592968749999994,0.5178984374999999,0.17617187499999998
27500,1.6885355468749998,0.30576953124999995,0.5176875,0.17654296875
27600,1.68995546875,0.30566796875,0.5167304687500002,0.17760156250000003
27700,1.6909410156250002,0.30636328125000006,0.5156835937499998,0.177953125
27800,1.6910929687499996,0.3061835937500002,0.5158945312500001,0.17792187499999995
27900,1.6889843749999993,0.30555468750000003,0.5170625000000001,0.17738281250000007
28000,1.6883027343749997,0.3059218750000001,0.5191601562499998,0.17491796875
28100,1.6890062499999998,0.3057539062500003,0.5178281249999999,0.17641796874999993
28200,1.6885863281250013,0.30525000000000013,0.5188476562500001,0.17590234374999994
28300,1.6887992187500003,0.3049218749999999,0.5188867187500001,0.17619140624999993
28400,1.6860324218750002,0.30419531249999987,0.5208554687500002,0.17494921875000002
28500,1.6838839843749995,0.30309765624999985,0.52355078125,0.1733515625
28600,1.682173828125,0.3028789062500001,0.5242968749999997,0.17282421874999998
28700,1.6813941406249993,0.3025429687499997,0.5236640625,0.17379296875
28800,1.6828761718750003,0.302234375,0.52046875,0.17729687500000002
28900,1.6849906249999997,0.3022734375,0.5177929687500002,0.17993359375000004
29000,1.6880613281249992,0.30441406249999997,0.5166132812500002,0.17897265625
29100,1.69198046875,0.30630078124999993,0.5147968749999999,0.17890234375
29200,1.6911425781249998,0.30736328125,0.51684375,0.17579296874999994
29300,1.6914078124999998,0.307265625,0.5169218750000001,0.17581250000000004
29400,1.6910187500000002,0.30702734375000007,0.5172265625000002,0.17574609374999986
29500,1.69183828125,0.3071445312500001,0.51719140625,0.17566406250000008
29600,1.69321328125,0.3081562500000001,0.51628125,0.17556250000000004
29700,1.6942593750000003,0.30911718749999995,0.5149062499999997,0.17597656250000004
29800,1.6923988281249995,0.30820312500000013,0.5170351562499997,0.17476171874999996
29900,1.693008984375001,0.30862109374999996,0.51688671875,0.1744921875000001
30000,1.6929238281250003,0.3089882812499999,0.5169296874999999,0.17408203125000013
30100,1.69440859375,0.30932812499999984,0.5156640625,0.17500781249999994
30200,1.69691328125,0.31014453125,0.51386328125,0.17599218749999992
30300,1.6973789062499995,0.3105507812500001,0.5132500000000001,0.17619921875000003
30400,1.7000687499999998,0.31225390624999994,0.5124609375,0.1752851562500001
30500,1.7025035156249997,0.31310156250000015,0.5107656250000001,0.17613281250000004
30600,1.704771875,0.31405468749999993,0.5087773437499999,0.17716796874999996
30700,1.7033171875000002,0.31364843749999993,0.5103476562499998,0.17600390625000012
30800,1.7038156249999998,0.31383984374999996,0.5096093749999999,0.17655078125000007
30900,1.7042605468749996,0.31385546874999987,0.5087226562499999,0.17742187499999998
31000,1.7041374999999996,0.31328906250000005,0.5096132812500002,0.17709765625000007
31100,1.7048152343749994,0.3131328124999999,0.5087109374999997,0.17815625
31200,1.7048335937500003,0.31325390624999994,0.5076015625,0.17914453125
31300,1.703847265624999,0.3128945312500001,0.50858203125,0.1785234375
31400,1.7033402343749997,0.3129453124999999,0.5090156249999997,0.1780390625000001
31500,1.7043183593749998,0.31328125000000007,0.5094296875000002,0.17728906250000004
31600,1.7053546875000003,0.3140195312500001,0.50936328125,0.17661718750000002
31700,1.7052285156250002,0.3143398437500001,0.5104687499999998,0.17519140625
31800,1.7061457031249998,0.31417968749999986,0.5092851562499998,0.17653515624999996
31900,1.7076753906250004,0.31500781250000004,0.5086328125000001,0.17635937499999998
32000,1.70776796875,0.31534765625,0.50790234375,0.17674999999999996
32100,1.7067628906250003,0.3152734374999999,0.5100546875000002,0.174671875
32200,1.7060476562500004,0.31469531250000005,0.5111992187499999,0.17410546875000002
32300,1.7044460937500003,0.3136718750000001,0.5113320312499998,0.17499609375000005
32400,1.7029144531249996,0.31319921874999995,0.5127070312500002,0.17409375000000002
32500,1.7003441406249997,0.31189843749999985,0.5140234374999999,0.17407812500000003
32600,1.7014429687499992,0.31249609375000015,0.5135546874999999,0.17394921874999994
32700,1.6999054687500006,0.31222265625000006,0.51340625,0.17437109375000004
32800,1.6992250000000007,0.31230078125,0.5144726562499998,0.1732265624999999
32900,1.7001003906250003,0.31181249999999994,0.51284375,0.17534374999999988
33000,1.7003046874999996,0.31269531249999993,0.5132460937500003,0.17405859375
33100,1.70105703125,0.31214843750000004,0.5123085937499999,0.17554296875000003
33200,1.6996070312499998,0.3122031250000001,0.5141484375000003,0.17364843750000003
33300,1.6985722656249997,0.3120390624999999,0.5151835937499998,0.17277734375
33400,1.6981289062499998,0.31217578124999984,0.5162499999999998,0.17157421874999998
33500,1.698381640625,0.31136328125,0.5144921875,0.17414453125
33600,1.6984730468750002,0.31121093750000006,0.5137031249999999,0.17508593750000004
33700,1.6985125000000008,0.31108984375000004,0.5130390625000002,0.17587109374999998
33800,1.6978691406249997,0.3106679687499998,0.5145234375000002,0.17480859374999994
33900,1.7002671874999988,0.311421875,0.5124375,0.176140625
34000,1.7032812499999999,0.31351953125000015,0.5112851562500002,0.1751953125
34100,1.7062167968749995,0.3144179687500001,0.5084023437500004,0.17717968750000002
34200,1.709358984375,0.31484765625000005,0.5039882812500003,0.18116406250000006
34300,1.70990234375,0.31514453125,0.5041406249999999,0.18071484375000002
34400,1.711544921875,0.31582421875,0.5036054687500001,0.18057031250000002
34500,1.7120058593750005,0.31649609374999993,0.5035624999999997,0.17994140625000002
34600,1.7134882812499999,0.3173242187500001,0.5025078125,0.18016796875000007
34700,1.7137539062500002,0.31737499999999996,0.5027421874999998,0.17988281249999993
34800,1.7144593750000001,0.3181992187499998,0.50364453125,0.17815625000000002
34900,1.7150683593750005,0.3186601562500001,0.5035625000000001,0.17777734375000007
35000,1.7142652343749991,0.31827343749999987,0.5041796875000002,0.177546875
35100,1.712927734375,0.31768359375000016,0.5057656249999998,0.17655078125000012
35200,1.7127878906249991,0.31838671875,0.5059257812500001,0.1756875
35300,1.7136058593749997,0.31892578124999993,0.5059609375,0.17511328124999995
35400,1.715224999999999,0.31944921874999993,0.5058632812500001,0.1746875
35500,1.7136667968749997,0.3192226562500001,0.5075781250000001,0.17319921875000005
35600,1.7126933593749998,0.3196171875,0.5085859374999999,0.17179687500000004
35700,1.7122648437500003,0.31985546875,0.5092773437499999,0.17086718750000005
35800,1.7133675781250002,0.3207031250000001,0.5086171875,0.17067968750000004
35900,1.7130769531250005,0.3202304687500001,0.5076679687500002,0.17210156249999994
36000,1.7131203125000005,0.31982031249999987,0.5076406250000001,0.17253906249999995
36100,1.7145046875,0.31906640625000027,0.5058046874999998,0.17512890625000005
36200,1.7136972656249994,0.3200507812500001,0.5064609375000001,0.17348828124999993
36300,1.7138925781249994,0.32039453124999967,0.5065585937500001,0.17304687500000007
36400,1.71406640625,0.3205078125000001,0.5057382812500001,0.17375390625
36500,1.71623046875,0.32125781249999985,0.5040546875,0.17468749999999994
36600,1.7169144531249994,0.3216328125,0.5040468750000001,0.17432031249999994
36700,1.7162925781250002,0.32150000000000006,0.5044609375,0.1740390625
36800,1.7161687500000002,0.3211328124999998,0.5051523437500001,0.17371484375
36900,1.7145953125,0.31982031250000004,0.5050078124999998,0.17517187499999998
37000,1.7161960937500007,0.32018750000000007,0.5026953124999999,0.17711718750000002
37100,1.7157183593749996,0.32042187499999986,0.5031679687499999,0.17641015625000003
37200,1.7146355468750007,0.31926171875000015,0.5040859375000002,0.1766523437500001
37300,1.7151308593749999,0.32009375,0.5043789062499999,0.17552734374999998
37400,1.7156437500000004,0.3201757812499999,0.50454296875,0.17528124999999994
37500,1.7151980468749994,0.3197148437499999,0.5045156249999998,0.17576953125000006
37600,1.7153398437499996,0.3200078125000002,0.5050625000000002,0.17492968750000004
37700,1.7149828125000002,0.3196210937499999,0.5046328125000002,0.17574609374999994
37800,1.7157816406249995,0.31991796875000006,0.5044882812500002,0.17559374999999988
37900,1.7169921874999998,0.32085546875000004,0.5046445312500001,0.17450000000000004
38000,1.7174093749999992,0.32096093750000004,0.5035585937499999,0.17548046875
38100,1.7171890625,0.3210078124999999,0.50415234375,0.17483984375
38200,1.7180929687499997,0.3211640625000001,0.5026132812499999,0.17622265625000003
38300,1.7188714843749997,0.32089453125,0.5024296874999998,0.17667578125000002
38400,1.7200417968750004,0.3212109375000002,0.5013984374999999,0.17739062500000002
38500,1.72007421875,0.321859375,0.5016250000000002,0.17651562500000006
38600,1.7210230468749996,0.3213359374999999,0.49905078124999996,0.17961328125000003
38700,1.7219335937500002,0.32170703124999994,0.49909765625000024,0.17919531250000004
38800,1.7205203125000004,0.3207382812499999,0.49944140625000016,0.17982031250000005
38900,1.7202167968750004,0.3207109375,0.49983593749999977,0.17945312500000002
39000,1.7203242187499994,0.32124218749999994,0.4998710937499997,0.17888671875000003
39100,1.72069921875,0.3204609375,0.5003203125000001,0.17921874999999998
39200,1.7212023437500006,0.320296875,0.5012734375000001,0.1784296875
39300,1.7189058593750002,0.3202617187499999,0.5028671875,0.17687109375000004
39400,1.7194531250000002,0.32100390625,0.5032578125000001,0.17573828124999996
39500,1.719399609375,0.3210781249999999,0.5025976562500002,0.17632421874999993
39600,1.718755859375,0.32038671875,0.5031210937499999,0.1764921875
39700,1.7152414062499997,0.31929296875,0.50658984375,0.17411718749999988
39800,1.7159921875,0.31955078124999997,0.5052343750000001,0.17521484375
39900,1.7135765625,0.31842187499999985,0.5070976562500003,0.17448046874999998
40000,1.7104726562499997,0.31715234375000023,0.5085234375,0.17432421874999998
40100,1.7095574218749994,0.3161015625,0.5083828125000002,0.175515625
40200,1.7110535156250006,0.3168554687499999,0.5069960937500001,0.1761484374999999
40300,1.7110074218749995,0.3161796874999998,0.50640234375,0.17741796875
40400,1.7124398437499995,0.31671093750000007,0.5056914062500001,0.17759765625000004
40500,1.7118093750000007,0.3166015624999999,0.5054843749999999,0.17791406250000003
40600,1.7146675781250003,0.3173398437499999,0.5030273437499999,0.17963281250000007
40700,1.7155078125000003,0.31747265624999993,0.5025859375,0.1799414062499999
40800,1.7155675781249997,0.3177617187500001,0.5030117187500001,0.17922656250000008
40900,1.7140609374999995,0.31674218749999994,0.5035429687500002,0.17971484375000002
41000,1.7113710937500004,0.316515625,0.5061796875000003,0.1773046875
41100,1.7098171875000001,0.3159023437500001,0.5078593750000001,0.17623828124999996
41200,1.709778125,0.3167695312500001,0.5084140625000001,0.17481640624999994
41300,1.7096878906249995,0.31693750000000015,0.5084140625,0.1746484375
41400,1.70905625,0.31721093749999985,0.5100976562499999,0.17269140624999996
41500,1.7086687499999997,0.31650390624999997,0.508671875,0.17482421874999998
41600,1.7085511718749997,0.3167109375,0.5088085937499999,0.17448046874999998
41700,1.7091445312499995,0.31777343750000003,0.5085624999999999,0.17366406249999997
41800,1.7101878906250005,0.3179726562500001,0.5084179687500001,0.17360937499999995
41900,1.7093671875,0.3180390624999999,0.5092578124999999,0.172703125
42000,1.710411718749999,0.31780468749999985,0.5076289062499997,0.17456640625000006
42100,1.709609375,0.31717187499999994,0.5088359374999999,0.17399218749999998
42200,1.7093757812499992,0.31685937499999994,0.50855078125,0.1745898437500001
42300,1.7079328125000002,0.3158515624999999,0.50838671875,0.17576171875
42400,1.7083082031249996,0.31499218749999996,0.5069453125000001,0.17806250000000007
42500,1.710791796875,0.3165468750000001,0.5068437499999997,0.17660937499999996
42600,1.7125527343749996,0.31714843750000016,0.5048671875000001,0.17798437499999992
42700,1.712914453125,0.3178906249999999,0.5048242187500002,0.17728515625000008
42800,1.713941015624999,0.31893359375000013,0.5037109375,0.17735546875000005
42900,1.7160195312500004,0.31958984375,0.5033124999999999,0.17709765625
43000,1.7168800781250004,0.32025000000000015,0.5043867187500003,0.17536328124999995
43100,1.7174984374999989,0.32019140625000014,0.5031953124999999,0.17661328125000003
43200,1.717471093749999,0.32015625000000003,0.50408203125,0.17576171875000002
43300,1.7166582031250013,0.31969921875,0.5038789062499999,0.17642187500000003
43400,1.7167933593749996,0.3203593750000001,0.5040937500000002,0.17554687500000002
43500,1.7188550781250003,0.3211562499999999,0.5021953125,0.1766484375
43600,1.7184792968749996,0.3211015624999999,0.50262890625,0.17626953125
43700,1.7186171875,0.32140624999999984,0.50209375,0.17649999999999996
43800,1.7196699218749993,0.3217851562499999,0.50153125,0.1766835937500001
43900,1.72018046875,0.3215234375,0.50103515625,0.17744140625000007
44000,1.7215746093749997,0.32170312500000003,0.4995937500000002,0.17870312499999996
44100,1.7222953124999998,0.32235546875000004,0.4997226562500003,0.17792187500000006
44200,1.7225308593749995,0.32234375000000004,0.49944921874999976,0.17820703125000004
44300,1.7241562500000005,0.32339843749999997,0.497953125,0.17864843750000006
44400,1.7256695312500003,0.3246992187499998,0.49781640625,0.17748437500000006
44500,1.7262585937500001,0.32389062500000015,0.4977460937500002,0.17836328124999998
44600,1.7271011718750002,0.3243320312500001,0.4969921874999998,0.17867578125000003
44700,1.7262074218750005,0.3243750000000001,0.4973320312499999,0.17829296875000003
44800,1.7283765625,0.32547265625000005,0.49644531250000007,0.1780820312500001
44900,1.727977734375001,0.3259570312500002,0.4959218749999999,0.1781210937499999
45000,1.7309878906250005,0.32708984375000005,0.49332812499999973,0.17958203125000005
45100,1.7322039062500003,0.32685937500000006,0.4923164062499999,0.18082421874999996
45200,1.7294781250000013,0.32662109375000015,0.4946523437500001,0.17872656250000002
45300,1.7269886718750003,0.32573828124999993,0.49626562500000004,0.17799609374999992
45400,1.7262957031249995,0.324625,0.4967031249999999,0.1786718749999999
45500,1.7271109375000002,0.32458984374999994,0.4957421874999997,0.17966796875000007
45600,1.7267042968749997,0.3244374999999999,0.49676171875000025,0.17880078125000015
45700,1.7249953124999995,0.3241914062499999,0.49862890625,0.17717968750000002
45800,1.7232296874999995,0.32424218750000006,0.5009804687499999,0.17477734374999995
45900,1.724066796875001,0.3250976562499999,0.49989453125000005,0.17500781249999994
46000,1.723777343750001,0.32483203124999993,0.5004218750000001,0.17474609374999997
46100,1.7242515624999994,0.3252851562500001,0.5001835937500002,0.17453125
46200,1.7256062500000013,0.32537499999999986,0.4995078125,0.1751171875000001
46300,1.7225578125000003,0.3241367187500001,0.50246875,0.17339453125000007
46400,1.7220070312499998,0.32389062500000004,0.501875,0.17423437499999989
46500,1.7213667968749995,0.32380078125000017,0.50191015625,0.17428906250000004
46600,1.7200035156249993,0.3237812500000001,0.50433984375,0.17187890625000002
46700,1.7183128906250005,0.32288671875000025,0.5053867187499999,0.17172656249999996
46800,1.7184683593749996,0.3227578124999999,0.5050000000000001,0.17224218750000003
46900,1.718991796875,0.32317578125000007,0.5037226562499997,0.17310156249999994
47000,1.7211566406249992,0.3233554687500001,0.5029453125000001,0.17369921875000008
47100,1.7221148437500002,0.3241953125,0.50228515625,0.17351953125000005
47200,1.7237589843749994,0.32425390624999995,0.5011406249999999,0.17460546874999996
47300,1.7234374999999995,0.3241992187500001,0.5013320312500001,0.17446875
47400,1.7255484375,0.3250664062499998,0.49959765624999974,0.17533593750000012
47500,1.7262988281249996,0.32505078125,0.4982734374999999,0.17667578125000002
47600,1.7270230468749994,0.32520703124999994,0.49699609374999987,0.177796875
47700,1.7286789062500005,0.3260624999999998,0.4961367187500001,0.17780078125000007
47800,1.7293300781250003,0.32627343749999993,0.49486718749999986,0.178859375
47900,1.73084453125,0.3271914062500003,0.4950664062499999,0.17774218750000007
48000,1.732370312499999,0.32816796874999987,0.49460546874999994,0.17722656250000007
48100,1.7327398437499986,0.32883203125000005,0.4944062500000002,0.1767617187499999
48200,1.7334289062500001,0.32862499999999994,0.49389843749999995,0.17747656249999996
48300,1.7326890625,0.3279218749999999,0.4947226562499999,0.17735546875000002
48400,1.733242968750001,0.32833593750000006,0.4946640625,0.17699999999999996
48500,1.7305835937499994,0.32751562500000003,0.49777734375000005,0.17470703124999984
48600,1.7305445312500007,0.3279960937499999,0.49777734375000005,0.17422656250000002
48700,1.7307656249999992,0.3291210937499999,0.49773437499999984,0.17314453125000007
48800,1.7311046874999998,0.32896875000000003,0.49646484375,0.17456640624999997
48900,1.7320167968750009,0.32890624999999984,0.4953320312500003,0.17576171875000002
49000,1.7329648437499998,0.32895703124999986,0.4945351562500001,0.17650781249999992
49100,1.734917578125001,0.32913671874999983,0.4929726562500001,0.17789062499999994
49200,1.7344289062499993,0.32952734374999987,0.49338281250000027,0.17708984375000003
49300,1.7336960937499997,0.32841015625000003,0.49368359375000015,0.17790624999999993
49400,1.733428515625,0.3278515625,0.4943828125000002,0.17776562499999995
49500,1.7326011718749992,0.32817187500000006,0.49532812499999984,0.1765
49600,1.7301769531250002,0.32701562500000003,0.49674609375,0.17623828125000002
49700,1.7288203124999995,0.32508593750000003,0.49598828124999994,0.17892578124999997
49800,1.7273339843750006,0.32368749999999996,0.4971601562500001,0.17915234374999997
49900,1.7254824218750004,0.32299609375000005,0.49767968749999997,0.17932421875000007
50000,1.7235261718750006,0.3228476562499999,0.4985039062499998,0.17864843749999995
50100,1.7213257812499996,0.3220000000000002,0.49983203124999986,0.17816796875000004
50200,1.720640625,0.32198828125,0.5007382812499999,0.17727343750000008
50300,1.7206207031249994,0.32148437499999993,0.5003789062499999,0.17813671874999995
50400,1.7196847656249998,0.3209179687499998,0.5002499999999999,0.17883203124999994
50500,1.7196710937499997,0.32116015625,0.5000820312500002,0.17875781250000003
50600,1.7206683593750012,0.3215585937500001,0.5009218750000001,0.17751953124999983
50700,1.7220578124999997,0.3226679687500002,0.5006835937499999,0.1766484375
50800,1.72208125,0.32328515625,0.5012382812500001,0.17547656249999993
50900,1.7205714843750002,0.32245703125,0.5011835937500002,0.17635937499999993
51000,1.7217492187500003,0.3223164062500001,0.49994921875000004,0.17773437499999997
