step,mean_aspect_ratio,fraction_elongated,fraction_round,fraction_binary
100,1.0,0.0,1.0,0.0
200,1.0777992187500003,0.004582031249999997,0.7875390624999998,0.20787890625000002
300,1.072726171875,0.007527343749999994,0.8034648437500003,0.1890078124999999
400,1.0720328125000003,0.009027343749999996,0.807078125,0.18389453125000002
500,1.0736359375000002,0.010527343749999989,0.8053359375000001,0.18413671874999993
600,1.076373046875,0.012277343749999985,0.8050273437499996,0.1826953125000001
700,1.0801621093750002,0.01392578124999999,0.8004609375000004,0.18561328124999998
800,1.0840562500000002,0.015839843749999995,0.7996054687500002,0.18455468750000006
900,1.08875,0.018257812500000012,0.7987031250000004,0.18303906250000002
1000,1.0953023437499998,0.021207031249999994,0.7979960937500005,0.180796875
1100,1.1019871093749998,0.023890624999999985,0.7953242187499997,0.18078515624999997
1200,1.1091609374999998,0.027238281249999986,0.7968750000000003,0.1758867187500001
1300,1.1161058593749993,0.030554687499999997,0.7960664062500001,0.17337890624999996
1400,1.123551171875,0.0340546875,0.7956015625000001,0.1703437500000001
1500,1.1305910156249996,0.03770703125000001,0.7959335937500002,0.16635937500000006
1600,1.1396183593749998,0.04180468750000001,0.7945664062499997,0.16362890624999998
1700,1.1479640624999998,0.04554687499999999,0.7939843749999999,0.16046874999999994
1800,1.1567023437500001,0.04990625000000001,0.7919609375000006,0.15813281249999991
1900,1.1662164062499998,0.05433203125,0.7892695312500007,0.15639843749999996
2000,1.1757925781250003,0.05888671875,0.7860234375,0.15508984375000007
2100,1.1846480468749996,0.06343359375,0.7851015625,0.15146484374999997
2200,1.1939558593749997,0.06796875000000001,0.7823710937500002,0.14966015625000006
2300,1.2025703124999993,0.07189843750000001,0.7799218749999998,0.14817968750000002
2400,1.2121707031250002,0.07680859374999999,0.7772460937499998,0.1459453125
2500,1.2226988281250006,0.08108203124999996,0.7723007812500005,0.14661718749999997
2600,1.2321074218749997,0.08545703125000002,0.7684023437500003,0.14614062499999997
2700,1.2413921874999994,0.09023437499999998,0.7648710937499998,0.14489453125
2800,1.2515210937499996,0.094671875,0.7596289062500001,0.14569921875000005
2900,1.2608789062500003,0.09937109375000003,0.7563164062499999,0.14431250000000004
3000,1.271423828125,0.10414062500000001,0.7518789062500002,0.14398046874999992
3100,1.2825441406249996,0.10932421875,0.7460781250000005,0.14459765624999996
3200,1.2943242187500001,0.11471093749999998,0.7397929687500001,0.14549609374999994
3300,1.3050390624999997,0.11977734374999997,0.7345976562500003,0.1456250000000001
3400,1.31620625,0.12496484375,0.72930859375,0.1457265625
3500,1.3259230468750003,0.12961718749999995,0.7244023437499998,0.14598046875000004
3600,1.3350730468749996,0.13379687500000004,0.7194804687499999,0.14672265625
3700,1.3443714843749999,0.13837890625000004,0.7149726562499998,0.14664843750000003
3800,1.353650390625,0.14307421875,0.7104296874999999,0.14649609375000006
3900,1.362173046875,0.14714062499999997,0.7075429687499999,0.14531640625
4000,1.3712984375,0.15159765625,0.7021523437499998,0.14625
4100,1.3801566406249997,0.1560625,0.69746484375,0.14647265625
4200,1.3887660156249992,0.16068750000000007,0.6933085937500005,0.14600390625
4300,1.398121484375,0.16523828125,0.6881953124999997,0.14656640625000003
4400,1.4058128906250005,0.1694921875,0.6843828125000004,0.146125
4500,1.4129816406249998,0.17260546874999996,0.6807109374999999,0.14668359375
4600,1.4197308593749998,0.17502734374999998,0.6760234374999999,0.14894921875
4700,1.4256714843749991,0.17832421874999996,0.6731718749999999,0.14850390625
4800,1.4334718750000002,0.18214453124999996,0.6676523437500004,0.15020312499999997
4900,1.4413601562499991,0.18538671874999996,0.6622500000000003,0.15236328124999993
5000,1.447798828125001,0.18827734374999988,0.6587890625,0.15293359375000004
5100,1.453691796875,0.19038281249999994,0.6542617187500002,0.15535546874999995
5200,1.4605777343750004,0.19308593749999994,0.6514687499999999,0.1554453125
5300,1.4664394531250005,0.19651562500000005,0.6481640624999999,0.15532031250000009
5400,1.4713644531249996,0.19885937500000014,0.6457382812500001,0.15540234375000003
5500,1.4761800781249996,0.201609375,0.6429335937500001,0.15545703125000002
5600,1.4824183593749996,0.20555859375000007,0.6394374999999999,0.15500390625
5700,1.4864585937500001,0.20706640625,0.6375390625000001,0.15539453125000008
5800,1.4932925781250004,0.20982421874999999,0.6319140624999999,0.15826171875000003
5900,1.49872421875,0.21163281249999996,0.62898828125,0.15937890624999995
6000,1.5030687499999993,0.21346875,0.62531640625,0.16121484375
6100,1.5063117187500001,0.2150664062499999,0.6231484374999999,0.1617851562499999
6200,1.5108726562500001,0.21724218750000004,0.6213203125000002,0.1614375
6300,1.5142292968749995,0.21878124999999995,0.6185859374999999,0.16263281249999997
6400,1.515921484374999,0.22035156249999993,0.6187539062500003,0.16089453125000003
6500,1.51763671875,0.22076171874999992,0.6188789062499997,0.16035937500000005
6600,1.5215851562499993,0.22237499999999996,0.61597265625,0.16165234374999995
6700,1.523699609375,0.22404687499999998,0.6163710937500001,0.15958203124999992
6800,1.525133203125,0.22475390624999994,0.6159492187500001,0.15929687499999995
6900,1.52515078125,0.225734375,0.61662890625,0.1576367187500001
7000,1.527237890625,0.22546874999999994,0.6159375000000001,0.15859375000000003
7100,1.5298546874999992,0.22721093750000004,0.6138124999999997,0.15897656249999992
7200,1.5324218750000005,0.22922656249999998,0.6122460937500002,0.15852734375
7300,1.5356312499999996,0.23080859374999993,0.6104570312500001,0.15873437499999993
7400,1.5395441406249992,0.23284765624999995,0.6083554687499999,0.15879687500000003
7500,1.5434906249999998,0.23448046874999992,0.6050390625000003,0.16048046875000005
7600,1.545500390625,0.2356250000000001,0.60389453125,0.16048046874999994
7700,1.5479492187500004,0.23705859374999994,0.6032343750000003,0.15970703124999994
7800,1.5505335937500004,0.23820703125,0.6016875000000002,0.16010546874999995
7900,1.552307031250001,0.23926562499999993,0.60135546875,0.15937890625
8000,1.553484375,0.23980468749999997,0.6014765624999999,0.1587187500000001
8100,1.555526953125,0.24155859375000005,0.6007812500000004,0.15766015625
8200,1.5575261718749995,0.24211718750000005,0.59849609375,0.1593867187499999
8300,1.5594332031250002,0.24291406249999997,0.5977968750000003,0.1592890625
8400,1.5592046875000005,0.24266015624999998,0.59840625,0.15893359374999988
8500,1.5602886718750009,0.24365625000000005,0.5966953125000001,0.15964843749999996
8600,1.561298828125,0.24376562500000004,0.5970195312499997,0.15921484374999995
8700,1.5633570312500005,0.24355078125000007,0.5961640625000005,0.16028515625000006
8800,1.5644703125,0.24412890625000003,0.5945742187499996,0.16129687499999998
8900,1.5653933593749998,0.24473437500000006,0.5933476562499997,0.16191796874999997
9000,1.5664195312499993,0.24407031249999991,0.5925156249999998,0.1634140625000001
9100,1.5677249999999996,0.24420703124999998,0.590796875,0.16499609375
9200,1.5681289062500008,0.24435546875000005,0.5893046874999998,0.16633984374999997
9300,1.5703066406250006,0.24578515625000005,0.5880624999999997,0.16615234374999996
9400,1.5711718750000008,0.24674218750000004,0.5888867187500002,0.16437109375000003
9500,1.5714613281249994,0.247,0.5893945312500003,0.16360546874999998
9600,1.572519140625,0.24726953125000006,0.5887304687499998,0.16400000000000006
9700,1.57061015625,0.24716406250000006,0.5914531250000002,0.16138281249999994
9800,1.5693167968750001,0.24813671875,0.5931054687500003,0.1587578125
9900,1.5685246093749998,0.24807031250000008,0.59453125,0.15739843750000002
10000,1.5672289062499998,0.24792968749999997,0.5955039062499999,0.15656640625000007
10100,1.5679140624999999,0.24712109375000005,0.5938476562499999,0.15903124999999999
10200,1.568879296875,0.24744531250000001,0.5920976562499999,0.16045703125000002
10300,1.5695855468749997,0.24777734374999985,0.5930664062500001,0.15915624999999994
10400,1.568830078125,0.24724218750000002,0.59209375,0.1606640625
10500,1.569977734375,0.24792578124999995,0.5908749999999997,0.16119921875000004
10600,1.573098828125,0.24907421875000005,0.588578125,0.16234765625
10700,1.5763308593749992,0.25034375000000003,0.5864492187500003,0.16320703125000002
10800,1.5785488281249997,0.25057421875,0.5851523437499998,0.1642734374999999
10900,1.5784683593750002,0.2506796875000001,0.5864531250000004,0.16286718750000004
11000,1.5777496093749999,0.25101171874999995,0.5872382812499998,0.16175
11100,1.57941640625,0.2509453125,0.5858203124999996,0.16323437500000004
11200,1.5787929687499993,0.25059765625,0.5873945312499999,0.16200781249999993
11300,1.5776511718750001,0.25033593750000005,0.5874375000000001,0.1622265624999999
11400,1.5750625,0.24921484375000005,0.5889921875000004,0.16179296875000002
11500,1.5727226562499996,0.24859765625,0.5904882812500001,0.1609140625
11600,1.5731769531250004,0.24803125,0.5900703125000002,0.16189843750000002
11700,1.5741789062500007,0.24810156249999998,0.5884726562499999,0.16342578125000007
11800,1.5751574218750015,0.24878906250000016,0.5881171874999997,0.16309375
11900,1.573761328125,0.24791796874999997,0.5892734374999998,0.16280859375
12000,1.5759148437499997,0.24894921874999995,0.5873085937500001,0.16374218749999997
12100,1.5781718750000002,0.24969921874999998,0.58496484375,0.16533593749999992
12200,1.5801664062500005,0.2513125,0.5840234375000003,0.16466406249999999
12300,1.5819578124999998,0.2516367187499999,0.58225,0.1661132812500001
12400,1.5814863281250002,0.25191406250000004,0.5836796875000002,0.16440624999999998
12500,1.5807460937500004,0.25200390625,0.5849218750000001,0.16307421875000006
12600,1.5806699218750004,0.2517265625000001,0.5836406249999999,0.16463281250000003
12700,1.5806804687500002,0.25139453125000005,0.58409375,0.16451171874999998
12800,1.5781761718749998,0.2505976562500002,0.5853046875,0.16409765625
12900,1.5767937499999998,0.25046484374999994,0.5866953124999998,0.1628398437500001
13000,1.57641015625,0.2502382812499999,0.5874921875000002,0.16226953124999996
13100,1.5777472656250005,0.2508281249999999,0.5870664062500001,0.16210546874999998
13200,1.5779249999999998,0.25158984374999993,0.5870781250000002,0.16133203125000004
13300,1.578758203125,0.2517148437499999,0.5865390624999998,0.16174609375000004
13400,1.5798121093749995,0.25187109374999994,0.5866562500000001,0.16147265625
13500,1.5789250000000001,0.2511796874999999,0.5871445312499998,0.16167578125000007
13600,1.5796542968750003,0.25126562499999994,0.5860898437500001,0.16264453125000003
13700,1.5800578125,0.2521757812500001,0.5850898437500001,0.162734375
13800,1.5815492187500002,0.2530390625,0.5842226562500001,0.16273828125000006
13900,1.582503515625,0.25294921875,0.58323046875,0.1638203125
14000,1.5824101562499997,0.25336328124999985,0.5835546874999997,0.16308203125000004
14100,1.5817292968749994,0.253453125,0.58498046875,0.16156640625000002
14200,1.581387109375,0.25300390624999985,0.5855429687499998,0.16145312499999992
14300,1.5809718750000006,0.2526835937499999,0.5857695312500001,0.1615468750000001
14400,1.5808660156249998,0.25163671875,0.5855234375000002,0.16283984375000002
14500,1.5780925781250004,0.2504453124999999,0.5876406250000001,0.16191406250000004
14600,1.5766355468750002,0.25014843750000015,0.58704296875,0.16280859374999992
14700,1.5734101562499994,0.24934374999999998,0.5913554687500006,0.15930078124999994
14800,1.5717207031250002,0.2483359375,0.5919726562499998,0.15969140625000006
14900,1.5713046874999999,0.2481640624999999,0.5915195312499997,0.16031640625000002
15000,1.570881640625,0.24758593749999996,0.5919335937499999,0.1604804687499999
15100,1.5704992187500004,0.24790625000000005,0.5925703125,0.15952343749999992
15200,1.56851796875,0.24730078125000002,0.5932773437500001,0.15942187499999996
15300,1.5670035156250002,0.24680468750000004,0.5947968750000001,0.15839843750000004
15400,1.5643042968750012,0.2454375,0.595375,0.1591875
15500,1.5624609375,0.24439843750000007,0.5959218749999999,0.15967968749999997
15600,1.5621605468750002,0.243921875,0.5962734374999998,0.1598046874999999
15700,1.5607957031249993,0.24369140625000008,0.5972539062500003,0.15905468750000004
15800,1.5615203124999992,0.24374609374999995,0.5969921874999999,0.15926171875000003
15900,1.5605097656250007,0.24292578125000008,0.5969335937500001,0.16014062500000006
16000,1.5604769531249993,0.24275,0.59668359375,0.16056640625000004
16100,1.56176328125,0.24318359374999998,0.5958398437499999,0.1609765625
16200,1.5619546874999999,0.24357812499999992,0.5966250000000002,0.159796875
16300,1.5619738281249993,0.24393359374999998,0.5968945312499998,0.159171875
16400,1.5638449218750001,0.24442968750000002,0.5954296875000001,0.16014062499999998
16500,1.5653789062500003,0.2455351562499999,0.5938867187499998,0.16057812499999985
16600,1.5687269531249994,0.24743359375,0.5932070312500001,0.15935937500000003
16700,1.572825,0.24874999999999994,0.5900546874999997,0.16119531250000002
16800,1.5752699218750004,0.24927343750000006,0.5877382812500004,0.16298828124999992
16900,1.5770207031249999,0.2500625,0.5874765624999999,0.16246093749999999
17000,1.5785546875,0.25104296874999993,0.5849492187499999,0.16400781250000007
17100,1.5790917968750007,0.25088281249999994,0.5844882812499997,0.16462890624999998
17200,1.5807207031250001,0.25116015625000004,0.5826874999999998,0.16615234374999993
17300,1.581349609375,0.25113671875000004,0.5830625,0.16580078125
17400,1.5812644531250004,0.2517773437500001,0.5826757812500001,0.165546875
17500,1.5806867187499998,0.25142187500000013,0.5837656250000002,0.16481250000000008
17600,1.5789699218750004,0.25062109375000013,0.5852187500000001,0.16416015624999997
17700,1.5763324218750003,0.24875000000000014,0.5874023437500001,0.16384765624999997
17800,1.5723234374999997,0.24753124999999998,0.59063671875,0.1618320312500001
17900,1.5714406250000001,0.24688671875,0.5904296875,0.16268359375
18000,1.5703191406250006,0.24708593749999994,0.59075,0.16216406250000004
18100,1.568025,0.24651171874999991,0.5939335937499998,0.15955468750000001
18200,1.567556640625,0.24618750000000017,0.5946601562499999,0.15915234375
18300,1.5655906249999993,0.24611718750000003,0.5969101562500004,0.15697265625
18400,1.5655468750000003,0.24604296874999998,0.5959101562500002,0.15804687499999998
18500,1.566718750000001,0.24605468749999984,0.5946796875000001,0.15926562500000002
18600,1.5668019531250004,0.24617968749999994,0.5956875000000001,0.15813281250000005
18700,1.5665300781250004,0.24603906249999985,0.5952968750000001,0.15866406250000006
18800,1.566437109374999,0.24603124999999995,0.59438671875,0.15958203125000006
18900,1.56791484375,0.24726171874999994,0.5930195312500001,0.15971875
19000,1.568857812500001,0.24674999999999994,0.5925351562499999,0.16071484375000003
19100,1.5693578125,0.24673828124999989,0.591703125,0.16155859375
19200,1.571644921875,0.247796875,0.58960546875,0.16259765624999997
19300,1.572607421874999,0.24794140625000002,0.5888906249999998,0.16316796874999995
19400,1.5730628906250002,0.24771484374999997,0.5883476562499997,0.16393750000000004
19500,1.57469765625,0.24793359375000007,0.5866718750000002,0.16539453124999995
19600,1.5747332031249992,0.24778125000000006,0.586015625,0.16620312499999992
19700,1.57509765625,0.2486171875,0.5863007812500004,0.16508203125
19800,1.5751109375,0.24879296875,0.5873515625000002,0.16385546874999998
19900,1.5748503906250007,0.24911718749999992,0.58755078125,0.16333203124999993
20000,1.5736000000000003,0.24809374999999992,0.5885234375,0.1633828125
20100,1.5735710937500003,0.24853906249999996,0.5881953124999999,0.163265625
20200,1.5760113281249999,0.249421875,0.5858984374999999,0.16467968749999995
20300,1.5768390625000006,0.25021093749999995,0.5856796875000001,0.16410937500000006
20400,1.5787140624999998,0.25069140624999997,0.5846406250000004,0.16466796874999992
20500,1.5787878906250004,0.25070703124999993,0.5848046874999997,0.16448828125000003
20600,1.5808042968750002,0.25074218750000005,0.5824218750000002,0.16683593749999998
20700,1.581340625,0.25126171875,0.58306640625,0.16567187500000005
20800,1.5820878906250007,0.2512421875000001,0.58358203125,0.1651757812499999
20900,1.5817988281249997,0.2516171875000001,0.5841757812500004,0.16420703124999994
21000,1.578973828125,0.25101953125,0.5867812500000003,0.16219921875
21100,1.5771683593749997,0.25040625,0.5872929687499999,0.16230078125000008
21200,1.5761769531249994,0.25044140624999994,0.58837890625,0.1611796874999999
21300,1.5766527343749999,0.2505664062500001,0.5889101562500002,0.1605234375
21400,1.5763828125,0.25076562499999994,0.5884062500000002,0.160828125
21500,1.5772234375000005,0.25080859375000003,0.5874375000000001,0.16175390624999997
21600,1.5794003906250003,0.25173046875000005,0.5865859375000002,0.16168359374999997
21700,1.5783953125,0.25193359375,0.5878125000000003,0.16025390625000002
21800,1.5782863281250006,0.25216015625,0.58815625,0.15968359375000002
21900,1.5782054687499996,0.25287109375,0.5881171874999997,0.15901171875
22000,1.5783601562499994,0.25301171875,0.5887812499999999,0.15820703124999994
22100,1.5788808593750001,0.25230468749999996,0.5872109375000001,0.16048437500000007
22200,1.580046093750001,0.2523046874999999,0.5859492187499997,0.16174609375000004
22300,1.5805433593749996,0.25262109375,0.5857617187499997,0.16161718750000012
22400,1.5801656250000002,0.25196484375000006,0.5851523437500002,0.16288281250000006
22500,1.5817757812500004,0.252671875,0.5840234374999999,0.16330468749999993
22600,1.5822371093750005,0.253015625,0.5834218750000001,0.16356250000000003
22700,1.584251171875,0.25362890625,0.5828359374999997,0.16353515625
22800,1.5847734374999993,0.2542226562500002,0.5828671875,0.16291015624999994
22900,1.5851835937499998,0.2543085937500001,0.5818710937500003,0.16382031249999998
23000,1.5861499999999997,0.25509765625,0.5823046874999998,0.16259765624999997
23100,1.587551171875,0.25543750000000004,0.58126171875,0.16330078124999994
23200,1.5872250000000008,0.25553124999999993,0.5814218749999998,0.16304687499999998
23300,1.588439062499999,0.25562890624999995,0.5806914062500003,0.16367968750000006
23400,1.5886789062499993,0.2560468750000002,0.5798164062500002,0.16413671875000002
23500,1.5880218749999997,0.2560117187500001,0.5818789062500003,0.16210937500000008
23600,1.5881675781250013,0.25564453124999986,0.5814062500000002,0.16294921874999996
23700,1.58914609375,0.25595703125,0.5802070312499998,0.16383593749999995
23800,1.5924511718749994,0.25679296874999996,0.5775312500000002,0.16567578125000001
23900,1.5936683593750005,0.25698046874999997,0.57641796875,0.16660156249999997
24000,1.5927242187500006,0.25665234375,0.5783007812499998,0.16504687499999995
24100,1.5927644531250005,0.25653906249999997,0.5764882812500003,0.16697265625000002
24200,1.592247265625,0.2561562499999999,0.57751953125,0.16632421874999997
24300,1.5924148437499999,0.25565234374999984,0.57631640625,0.16803125
24400,1.5907078124999994,0.25507031249999995,0.57815625,0.16677343749999998
24500,1.5902878906250004,0.25509374999999995,0.5786757812499997,0.16623046875000003
24600,1.5889582031250002,0.25489843749999996,0.579796875,0.16530468750000002
24700,1.5897527343750002,0.25559374999999995,0.58074609375,0.16366015625000002
24800,1.5877589843750002,0.2556484374999999,0.5833749999999998,0.16097656250000006
24900,1.5866175781249996,0.2551992187499999,0.5837851562499997,0.16101562500000002
25000,1.587383593750001,0.25608593749999997,0.5835000000000002,0.16041406249999998
25100,1.5868367187500003,0.25562890625,0.5830507812500001,0.16132031250000003
25200,1.5860179687499996,0.2550273437499999,0.5834335937499997,0.1615390625
25300,1.5852042968749995,0.25447265625000015,0.5838476562499999,0.16167968750000006
25400,1.5847882812499987,0.2534453124999999,0.5830742187500003,0.16348046875000002
25500,1.5842105468749996,0.2534570312500001,0.5830937500000001,0.16344921875000004
25600,1.5852945312499997,0.2538046875,0.583015625,0.16317968750000003
25700,1.5846277343750002,0.2538476562499999,0.5838320312500002,0.16232031250000004
25800,1.5848691406250008,0.25504687499999995,0.5842031249999999,0.16075000000000003
25900,1.5851796875,0.25551953125000004,0.5842734374999999,0.16020703125000008
26000,1.5851722656250005,0.25494921875000004,0.5834062499999999,0.16164453124999997
26100,1.5861750000000001,0.25530078124999994,0.5825312500000001,0.16216796874999997
26200,1.5856667968750005,0.25457812499999993,0.5827265624999999,0.1626953125
26300,1.5854183593750004,0.25421874999999994,0.5822851562499997,0.16349609375000004
26400,1.5848484374999994,0.2543007812500001,0.5829335937499999,0.162765625
26500,1.5858710937499991,0.25421875,0.5821640624999997,0.16361718749999996
26600,1.5868976562500003,0.2549375000000001,0.5804687499999999,0.16459375
26700,1.58694921875,0.2553359375,0.5820468750000001,0.16261718749999998
26800,1.5856675781250003,0.2545390625,0.5830703124999997,0.16239062500000004
26900,1.584978515625,0.2546289062499999,0.5838828125000001,0.16148828125000003
27000,1.5855128906249996,0.2548046875,0.5831210937500001,0.1620742187500001
27100,1.5859675781249993,0.254765625,0.5820546875,0.1631796874999999
27200,1.5855687500000004,0.25446093750000004,0.5825078124999999,0.16303124999999993
27300,1.584493359375,0.25414453125,0.5844609375000003,0.16139453124999995
27400,1.5844675781250002,0.25473046875000005,0.5830937499999997,0.16217578125
27500,1.583275,0.25397656250000006,0.5841015625,0.16192187500000005
27600,1.580617578125,0.2526367187500001,0.5863320312499999,0.16103125000000007
27700,1.5778332031250004,0.25142968750000005,0.5884570312500002,0.16011328125000004
27800,1.5790726562499995,0.25192187499999985,0.58758203125,0.16049609375000004
27900,1.5762257812500005,0.2506953125,0.5884960937499999,0.16080859375000003
28000,1.5780273437499999,0.25073437499999995,0.5866289062499999,0.1626367187499999
28100,1.5776437500000005,0.2516796874999999,0.5871093749999996,0.1612109375
28200,1.5794859374999997,0.25200781250000015,0.58524609375,0.1627460937499999
28300,1.580787109375,0.25209765624999986,0.5846171875,0.16328515625
28400,1.579876171875,0.2523007812500001,0.5848085937499997,0.1628906249999999
28500,1.5810871093749999,0.25254296875000004,0.5841601562499997,0.16329687499999998
28600,1.5819945312500001,0.2528828125,0.5834023437500001,0.16371484375000006
28700,1.5829843749999997,0.25342578125,0.583546875,0.16302734374999994
28800,1.5835710937499998,0.2539218750000001,0.5830507812499997,0.16302734375
28900,1.5842746093749995,0.25391796874999983,0.5826562499999999,0.16342578125000007
29000,1.5841289062500004,0.25490234375,0.5838281249999998,0.16126953125
29100,1.584921093750001,0.25516796875000003,0.5832421874999999,0.16158984375000002
29200,1.5853628906249997,0.25471093749999996,0.5822265624999999,0.16306250000000003
29300,1.5860503906250007,0.25421875000000005,0.5816367187499993,0.16414453125
29400,1.5862671875000007,0.2548945312500001,0.5817539062500002,0.1633515625
29500,1.5854089843750003,0.25389843749999996,0.5828085937499999,0.16329296874999993
29600,1.5845300781249998,0.2535703124999999,0.58328515625,0.16314453124999992
29700,1.5824562500000001,0.25312499999999993,0.5851523437500001,0.16172265625000007
29800,1.5808718749999997,0.25265234374999995,0.58580078125,0.16154687499999998
29900,1.5783378906249987,0.25135546875,0.5871015625,0.1615429687499999
30000,1.5773195312499988,0.2512421875,0.5873515625,0.1614062499999999
30100,1.5797773437500005,0.2523750000000001,0.58547265625,0.16215234375
30200,1.5802382812500002,0.252,0.5844687499999998,0.16353125000000007
30300,1.578985156250001,0.25117578125000006,0.5865195312500001,0.16230468749999993
30400,1.579226953125,0.25137109375,0.5854687499999998,0.1631601562499999
30500,1.5775960937500002,0.25035546875000003,0.5874140625000003,0.16223046875
30600,1.5766699218749995,0.2499999999999999,0.5884531249999997,0.16154687499999995
30700,1.5763468749999998,0.25017578125,0.5882500000000003,0.16157421874999997
30800,1.5769761718750006,0.25068749999999995,0.5882695312499999,0.16104296875000004
30900,1.5769832031249997,0.25020703124999993,0.58815234375,0.16164062499999998
31000,1.5761144531250004,0.2511015625,0.5907382812500002,0.15816015624999993
31100,1.5759132812499999,0.2510859375000001,0.5908984375,0.15801562500000005
31200,1.5781285156249996,0.25182812500000007,0.5891210937499999,0.15905078125000008
31300,1.57803125,0.25193750000000004,0.5890234375000004,0.15903906249999997
31400,1.5790906249999999,0.2524375000000001,0.5886445312499999,0.15891796875000005
31500,1.5793285156250005,0.2516835937499999,0.5869374999999999,0.16137890625
31600,1.578572656249999,0.2515820312500001,0.5882148437500001,0.16020312500000003
31700,1.5808628906250004,0.25202734375,0.5848046875,0.16316796875
31800,1.582525,0.25264453124999997,0.5842734375,0.16308203124999995
31900,1.5852003906250003,0.25316015625000005,0.5824609375000003,0.16437890625000012
32000,1.587649609375,0.2550390624999999,0.5798515625000003,0.16510937500000006
32100,1.5917785156250006,0.25650390625,0.5777656250000002,0.16573046875
32200,1.592385156250001,0.25705468749999993,0.5760859375,0.16685937499999998
32300,1.5934269531250005,0.2580273437500001,0.5760820312500001,0.16589062499999982
32400,1.5933734375000004,0.25791406249999993,0.5767382812500002,0.1653476562499999
32500,1.59198046875,0.2580898437500001,0.5792539062499998,0.1626562499999999
32600,1.59099609375,0.25714843749999994,0.5794843750000002,0.1633671875
32700,1.5909503906249998,0.25704296875,0.5806171875000001,0.16233984375
32800,1.5895949218750005,0.25688671875000013,0.5811093749999999,0.16200390624999988
32900,1.5902441406249994,0.25707031250000006,0.5801953124999998,0.1627343750000001
33000,1.5901214843750002,0.2565234375,0.5808281249999998,0.1626484375
33100,1.5898597656249998,0.25689453125,0.5814609375,0.16164453125000008
33200,1.587908203125,0.25640234374999993,0.5823632812499998,0.16123437499999987
33300,1.586657421875,0.25630859375,0.5832773437500002,0.16041406249999995
33400,1.5874230468749997,0.2562148437499999,0.58238671875,0.16139843749999996
33500,1.5886687500000007,0.25655468750000004,0.58205859375,0.16138671875
33600,1.5891691406250004,0.25571874999999994,0.5801406250000002,0.16414062500000007
33700,1.58817734375,0.25530859375000003,0.5811601562499997,0.16353125000000002
33800,1.5850609375000004,0.2536875,0.5832187500000001,0.16309375000000012
33900,1.5837777343750001,0.2535039062499999,0.5850546875000001,0.16144140625000003
34000,1.5818054687499994,0.25349609375,0.5867773437500002,0.15972656250000009
34100,1.581860937500001,0.2536953125000001,0.5874101562499999,0.15889453124999994
34200,1.5812265624999995,0.25301171875000006,0.5874726562499999,0.15951562500000005
34300,1.5801042968749996,0.25272265625,0.5878203125000002,0.15945703125000002
34400,1.5777687500000002,0.25220703125000005,0.5896992187500001,0.15809374999999995
34500,1.5773265625,0.2515742187499999,0.59006640625,0.15835937500000002
34600,1.5778847656249988,0.25137500000000007,0.5886210937500003,0.16000390625000002
34700,1.5791402343750003,0.2523984375,0.5884062500000002,0.1591953125
34800,1.5791457031250007,0.25144921875000004,0.586859375,0.16169140625000003
34900,1.5777140625000006,0.2505546875,0.58716796875,0.16227734375
35000,1.5758855468749997,0.24951171875000008,0.5885976562499998,0.161890625
35100,1.5740687500000003,0.24845703124999996,0.5890624999999998,0.16248046874999994
35200,1.573063671875,0.24855078125000002,0.5897382812499997,0.1617109375
35300,1.5717488281250005,0.24788671874999996,0.5902031249999998,0.16191015625
35400,1.5710250000000008,0.24641406249999998,0.5899296875,0.16365624999999998
35500,1.5711968749999996,0.24667187500000004,0.5903671875,0.16296093749999993
35600,1.57053828125,0.2465859375,0.5905976562499999,0.16281640624999996
35700,1.5701312499999995,0.24628515624999994,0.5915781249999997,0.16213671875000005
35800,1.5670640625,0.24603124999999992,0.5947226562500002,0.15924609374999996
35900,1.5660039062500006,0.2457265625,0.5953476562499999,0.15892578125000004
36000,1.5661367187499995,0.24597265624999995,0.5953515624999997,0.15867578124999998
36100,1.5664390624999995,0.24598046874999988,0.5950703124999998,0.15894921874999998
36200,1.567196093750001,0.24545703124999999,0.5932460937500001,0.161296875
36300,1.5675960937499998,0.24541406249999992,0.5921914062500002,0.16239453124999992
36400,1.5690777343750002,0.24590624999999985,0.5905117187500002,0.16358203124999998
36500,1.5681554687499994,0.24598437500000003,0.5913124999999999,0.16270312499999998
36600,1.5666250000000002,0.24508203125000003,0.5932929687499999,0.16162500000000002
36700,1.5634011718749992,0.24372265624999997,0.59522265625,0.16105468750000007
36800,1.56405,0.24391796875000005,0.5938593749999999,0.16222265625000007
36900,1.5655855468749997,0.2442109375,0.5939335937500004,0.16185546874999995
37000,1.5665644531250003,0.24491796875000013,0.5930937500000002,0.16198828125
37100,1.5666890624999994,0.24495703125000007,0.5940898437500002,0.16095312499999995
37200,1.565059375,0.24547656249999997,0.5953046874999999,0.15921875000000005
37300,1.5658871093749995,0.24528124999999998,0.5949492187500002,0.15976953124999996
37400,1.5670230468750002,0.24492968750000005,0.5933632812499998,0.16170703125000005
37500,1.5675878906250005,0.24523828124999994,0.5925078124999996,0.16225390625
37600,1.5685140625000003,0.24552734374999996,0.5923203124999997,0.16215234375
37700,1.5695785156250002,0.24632421875000002,0.5921679687500001,0.1615078125
37800,1.569174609375,0.24726171874999997,0.592625,0.16011328124999996
37900,1.569930859375,0.24741406249999992,0.59349609375,0.15908984375
38000,1.57256796875,0.2478125,0.5902851562500003,0.16190234374999998
38100,1.5721679687499999,0.24835156250000004,0.5918124999999999,0.1598359374999999
38200,1.5734476562499993,0.24908593749999997,0.590515625,0.16039843749999996
38300,1.5748515625000008,0.24916015624999993,0.5885820312500001,0.16225781249999996
38400,1.5758796875000003,0.24964843749999993,0.58693359375,0.16341796874999998
38500,1.5741820312499992,0.2487421875,0.5876132812499998,0.1636445312499999
38600,1.5726933593750005,0.24839062500000006,0.5888203125000002,0.16278906249999994
38700,1.572298828125,0.2475429687499999,0.5889179687499998,0.16353906250000003
38800,1.5731246093749995,0.24862890625,0.5897382812499998,0.16163281250000008
38900,1.5757464843749998,0.2495742187499999,0.5870585937500002,0.16336718749999998
39000,1.5759054687499998,0.2499609374999999,0.588296875,0.1617421875
39100,1.5774207031249996,0.2501757812499999,0.5858359375000001,0.16398828125
39200,1.5778253906250004,0.25005468750000004,0.58644921875,0.1634960937499999
39300,1.5773906249999998,0.25047656249999994,0.586375,0.1631484375
39400,1.5776312499999994,0.24988671875000004,0.58654296875,0.16357031250000006
39500,1.5773808593750005,0.249984375,0.5861484375000001,0.16386718750000004
39600,1.5780554687500001,0.2504335937499999,0.58695703125,0.16260937499999997
39700,1.5772820312499995,0.250421875,0.5882578125,0.16132031249999995
39800,1.5773765625000002,0.25094921875,0.5876875,0.1613632812499999
39900,1.5784734374999998,0.25184765625,0.5871679687499998,0.16098437499999996
40000,1.5792507812499998,0.25154687500000006,0.5860742187500001,0.16237890624999995
40100,1.5786499999999997,0.2507109375,0.5856171874999998,0.163671875
40200,1.5803851562500004,0.25159765624999986,0.5850195312500002,0.16338281250000009
40300,1.5808296874999992,0.251765625,0.5846406249999999,0.1635937499999999
40400,1.5802500000000008,0.25141796875,0.58549609375,0.16308593749999994
40500,1.5788421874999998,0.25145312499999994,0.5870312499999996,0.16151562500000005
40600,1.5766160156250006,0.25011328125,0.5887109375000001,0.16117578125000007
40700,1.5761316406250003,0.24983593750000016,0.58944921875,0.16071484374999992
40800,1.5768558593750008,0.25018359375000004,0.5886757812500002,0.16114062499999995
40900,1.5762109375,0.25019531250000004,0.5890000000000002,0.16080468750000004
41000,1.5760109374999998,0.24967578124999998,0.5887578125,0.16156640625000013
41100,1.57454921875,0.24887890625,0.5890781249999999,0.16204296875000002
41200,1.5735289062499995,0.24834374999999992,0.58914453125,0.16251171875
41300,1.5728304687499997,0.24782812499999995,0.5886210937499999,0.16355078125000005
41400,1.5732378906249995,0.24830468750000018,0.5877734375000001,0.163921875
41500,1.5759222656250003,0.24887109375,0.58647265625,0.16465624999999998
41600,1.5775710937499998,0.24983984374999998,0.5852890625,0.16487109375000003
41700,1.5777507812500011,0.24999609375,0.5865429687499999,0.16346093749999996
41800,1.5790367187499998,0.25058984375,0.5858320312499998,0.163578125
41900,1.5796554687499997,0.25086328124999996,0.5859492187499998,0.16318749999999999
42000,1.5792742187499997,0.2513710937500001,0.5852617187500004,0.16336718750000004
42100,1.5794078125,0.2511562500000002,0.5849765625000002,0.16386718749999993
42200,1.5781039062499986,0.25041796875,0.5861015625,0.16348046875
42300,1.5746875000000005,0.24922656250000005,0.5886328125,0.162140625
42400,1.5734035156249997,0.24873828125000008,0.5892929687500003,0.16196875000000008
42500,1.573878125,0.2491601562500001,0.5891914062500001,0.16164843750000002
42600,1.5734246093749993,0.248921875,0.5891679687499997,0.16191015625000005
42700,1.5724851562499997,0.24862890624999998,0.59078515625,0.16058593749999986
42800,1.57045546875,0.24821093750000006,0.592359375,0.15942968749999997
42900,1.5694152343750003,0.24780859375,0.5920664062499997,0.16012499999999996
43000,1.5708531249999993,0.24793750000000012,0.5907265625000003,0.1613359374999999
43100,1.5724812499999996,0.24855859375000006,0.5898945312499998,0.16154687500000003
43200,1.5743500000000006,0.24930859375,0.5895390625000002,0.16115234375000004
43300,1.5736300781249994,0.24951562500000007,0.5904765625000001,0.16000781249999993
43400,1.5736921874999998,0.24964843750000001,0.5912226562499999,0.15912890624999998
43500,1.5751226562499991,0.25028515625,0.5893593749999999,0.16035546874999998
43600,1.575657031250001,0.25156640624999993,0.5894218750000001,0.15901171874999998
43700,1.5775148437499997,0.25156249999999986,0.5884492187499999,0.15998828125000006
43800,1.5783304687500008,0.252359375,0.5878476562499998,0.15979296875
43900,1.5772324218750002,0.25108203125,0.58832421875,0.1605937499999999
44000,1.5780171875,0.25131640625,0.5878828124999999,0.16080078125
44100,1.5775601562500003,0.25094921875000004,0.5873203125000004,0.16173046874999997
44200,1.5777707031250006,0.25109765624999997,0.5866289062500004,0.16227343749999995
44300,1.5789730468749994,0.2512578124999999,0.58533203125,0.16341015625000008
44400,1.5806730468749994,0.2520156249999999,0.5848124999999998,0.16317187500000002
44500,1.5806101562499992,0.25270312500000003,0.58564453125,0.16165234374999995
44600,1.5818074218750002,0.2539453125,0.5844687499999999,0.16158593749999997
44700,1.5843937499999998,0.25517578125000007,0.5836054687499999,0.16121874999999997
44800,1.5872808593749992,0.25653906249999997,0.5823984375000002,0.16106250000000005
44900,1.5900015625000008,0.25758593750000003,0.5800390624999999,0.16237500000000007
45000,1.5929335937499998,0.25839843749999997,0.5788085937499999,0.16279296875000007
45100,1.5939222656249994,0.2584375,0.5769648437499998,0.16459765625000003
45200,1.5957812499999995,0.2599023437500001,0.5761601562500002,0.16393749999999996
45300,1.5980949218750005,0.26060937500000003,0.5743984375,0.16499218750000003
45400,1.5982093749999997,0.26109765625,0.5753789062499999,0.16352343750000006
45500,1.599253125,0.2610703124999999,0.57421875,0.16471093750000004
45600,1.599312890625,0.26123437499999996,0.5737695312500001,0.16499609374999996
45700,1.6000378906250003,0.26180468749999997,0.5730039062499999,0.16519140624999995
45800,1.6009691406249995,0.26204687500000007,0.5731484375000002,0.16480468749999994
45900,1.6020687499999997,0.26283203124999993,0.5741015625,0.16306640625000005
46000,1.6015003906250007,0.26302734375000003,0.5741445312499999,0.16282812500000002
46100,1.6018656249999996,0.2627265625,0.5734375000000002,0.1638359374999999
46200,1.601310156249999,0.26212890624999996,0.5739960937500002,0.163875
46300,1.601001953125,0.26206250000000003,0.5741210937500003,0.16381640625000002
46400,1.6024960937499992,0.26255859374999996,0.5733867187500004,0.1640546875
46500,1.6000765624999993,0.2620664062500001,0.5757929687500001,0.16214062499999998
46600,1.5997632812500007,0.261296875,0.5742226562500001,0.1644804687499999
46700,1.6005484374999999,0.26165625000000003,0.5736874999999999,0.16465625000000003
46800,1.601812109374999,0.26192968750000006,0.573046875,0.16502343749999998
46900,1.6034917968749998,0.26308203125000007,0.5715742187499999,0.16534375000000004
47000,1.6046535156250004,0.263734375,0.5701875000000002,0.16607812500000002
47100,1.6057390624999996,0.2636914062499999,0.5700429687500002,0.16626562499999997
47200,1.6056093749999993,0.26364062500000013,0.5707851562500004,0.16557421875000009
47300,1.6063187499999998,0.26451953125000016,0.5705195312500001,0.16496093749999993
47400,1.60580546875,0.2641171874999999,0.5706875000000001,0.16519531250000002
47500,1.6068851562500002,0.26430078125000006,0.5697890624999999,0.16591015624999994
47600,1.6055074218750005,0.26407421874999987,0.5720468749999998,0.16387890624999998
47700,1.6046628906250002,0.2637265625,0.57237109375,0.16390234374999998
47800,1.6044324218750001,0.2635625,0.5724960937500001,0.16394140625000003
47900,1.6051898437499996,0.26373046874999984,0.5712656250000001,0.16500390625000005
48000,1.6029796875,0.26228515625,0.5719023437500002,0.16581250000000003
48100,1.6047644531250003,0.2636718749999999,0.569953125,0.16637500000000005
48200,1.6082449218750003,0.26458984375,0.5673593749999998,0.16805078124999995
48300,1.6097800781250002,0.2646171875000001,0.5661328124999998,0.1692499999999999
48400,1.6103675781250004,0.2647460937500002,0.5648007812499999,0.17045312499999998
48500,1.6070999999999998,0.26301171875000007,0.5677617187499996,0.16922656250000004
48600,1.6046890624999999,0.2622656250000001,0.5698789062500003,0.16785546874999993
48700,1.6016078124999993,0.2606093749999999,0.5717343750000001,0.16765625
48800,1.5999148437499995,0.2603710937499999,0.5727382812499999,0.16689062499999993
48900,1.5978449218749993,0.26014843749999994,0.5738476562499998,0.16600390625000003
49000,1.5956726562499997,0.2585429687499999,0.5755781249999997,0.16587890625
49100,1.5935253906250002,0.2578554687500001,0.57683203125,0.16531249999999992
49200,1.590999999999999,0.2569414062500001,0.5790937499999997,0.16396484374999998
49300,1.5884320312499998,0.25558984375,0.5812578124999997,0.16315234375000007
49400,1.587590625,0.255796875,0.5820234375000002,0.16217968750000003
49500,1.5891152343749992,0.25641406250000004,0.5803164062500001,0.16326953124999996
49600,1.5912929687500001,0.25673046875000005,0.57884375,0.16442578125
49700,1.5920242187499998,0.25710546875,0.5777539062500001,0.16514062500000004
49800,1.5931726562500004,0.25778515625000004,0.5786679687499998,0.1635468750000001
49900,1.5938953124999993,0.25890624999999995,0.5786718750000001,0.16242187500000002
50000,1.5926265625,0.25848046874999997,0.5789257812499998,0.16259375000000004
50100,1.5925742187500005,0.25859375000000007,0.5795507812499998,0.16185546875000015
50200,1.5905507812500008,0.257234375,0.5799492187499999,0.16281640625000002
50300,1.5890843749999999,0.25651562499999997,0.5806210937499998,0.16286328124999994
50400,1.5879781249999994,0.25673437499999996,0.5821796874999999,0.1610859375
50500,1.5877406249999992,0.2560234375,0.58188671875,0.16208984375000005
50600,1.586664453125,0.25526953125,0.5836484375000002,0.16108203125000004
50700,1.5857058593749997,0.25430468749999996,0.58353515625,0.16216015625000002
50800,1.5856109375,0.25448046874999997,0.5829921875,0.16252734375
50900,1.5852433593749995,0.25428124999999996,0.5833671875000002,0.1623515625
51000,1.5849894531249997,0.2538203124999999,0.582640625,0.16353906250000014
51100,1.5837015625,0.2530312500000001,0.5828359375000002,0.16413281250000006
51200,1.5831839843749993,0.2534648437500001,0.5839296874999998,0.16260546875
