step,mean_aspect_ratio,fraction_elongated,fraction_round,fraction_binary
100,1.0,0.0,1.0,0.0
200,1.1532859375,0.011132812499999993,0.6233906250000001,0.3654765624999999
300,1.1699007812500009,0.022394531250000006,0.6196640625000001,0.3579414062500002
400,1.1839125000000004,0.03202734375,0.6209804687499997,0.3469921875000001
500,1.1994203124999996,0.04210546875000003,0.6274492187499999,0.3304453125
600,1.215246484375,0.05208203125000002,0.63658203125,0.31133593749999994
700,1.2332671875000003,0.06264453125,0.64644140625,0.29091406249999985
800,1.250706640625001,0.07287890625000004,0.65546484375,0.27165624999999993
900,1.2677750000000003,0.08356640624999999,0.6635937499999998,0.25283984375
1000,1.286712109375,0.09518359374999995,0.6699218749999997,0.23489453125
1100,1.3053003906250005,0.10621093749999998,0.6720039062500001,0.22178515625000006
1200,1.3232546874999997,0.1163984375,0.6716015624999997,0.21200000000000008
1300,1.3418402343749998,0.12665625,0.6692187500000001,0.20412500000000003
1400,1.3584933593750006,0.13581640624999988,0.6676796875000004,0.19650390625000014
1500,1.3742066406250002,0.14482031249999996,0.6655078125,0.189671875
1600,1.39069609375,0.15376953124999992,0.66009765625,0.1861328125
1700,1.40540078125,0.1619609375,0.6550937500000004,0.18294531249999998
1800,1.4197234375,0.1695117187499999,0.6501953125000001,0.18029296875000006
1900,1.435144921875,0.1771171874999999,0.6428515624999999,0.18003125000000003
2000,1.4488710937499998,0.18486718749999997,0.6376289062500001,0.17750390625
2100,1.4633355468750004,0.1927656249999999,0.6325468750000004,0.1746875
2200,1.477188281250001,0.19954296875000005,0.6257539062499999,0.17470312500000015
2300,1.4917128906249997,0.206296875,0.6172968749999999,0.17640625000000013
2400,1.5035957031249996,0.21230859374999997,0.6111874999999999,0.17650390624999995
2500,1.5145531250000002,0.21753906250000007,0.6054882812499999,0.1769726562499999
2600,1.5259339843750008,0.22337109375000005,0.5995703124999995,0.17705859375
2700,1.5347367187499998,0.22869140625000006,0.5952812500000003,0.17602734375
2800,1.542814453125,0.23230859375,0.5911406249999996,0.17655078124999996
2900,1.55121953125,0.23676171874999985,0.5868242187500002,0.1764140625
3000,1.5599476562499994,0.24146875,0.58316015625,0.17537109375000007
3100,1.5670953124999993,0.2448359374999999,0.58002734375,0.17513671875
3200,1.5749894531250004,0.24893750000000003,0.5742382812499999,0.17682421874999987
3300,1.5835132812499995,0.25329296875000007,0.5691484375000001,0.17755859375000008
3400,1.593644531250001,0.2576679687500001,0.5628398437500003,0.1794921875
3500,1.6020347656249998,0.2611054687499999,0.5576445312500001,0.18125
3600,1.6097359375000004,0.26561328124999994,0.5542382812500001,0.1801484375
3700,1.6174343750000002,0.2690703124999999,0.5504257812500001,0.18050390624999998
3800,1.6208953124999996,0.27193749999999994,0.5514101562499999,0.1766523437499999
3900,1.6244109374999989,0.2739296874999999,0.5502031250000002,0.17586718750000005
4000,1.62640234375,0.27578125000000003,0.5495937499999999,0.17462499999999997
4100,1.6302207031249996,0.2773476562499998,0.5484023437500003,0.17425000000000007
4200,1.6316335937500006,0.2784453124999998,0.54968359375,0.17187109375
4300,1.636930078125001,0.28101953124999984,0.5441914062500001,0.17478906249999995
4400,1.6398699218750006,0.2825234375000001,0.5424882812500001,0.17498828124999993
4500,1.6448222656249991,0.2840234375,0.5382890625000001,0.1776874999999999
4600,1.6489953124999999,0.2867499999999998,0.5372382812499998,0.17601171874999988
4700,1.6523488281249998,0.28839453125,0.5349921874999999,0.17661328124999998
4800,1.6579249999999999,0.29048828125000015,0.5316328125,0.17787890625
4900,1.6603249999999996,0.29175000000000006,0.5301406250000001,0.17810937500000001
5000,1.664840624999999,0.2932968750000001,0.52783984375,0.17886328125000003
5100,1.6677425781250006,0.2942148437499999,0.5258906249999997,0.17989453125000007
5200,1.6688683593749993,0.2951367187499999,0.5251484375000002,0.17971484375000005
5300,1.6714105468749998,0.2964765625000001,0.5246601562500001,0.17886328125000012
5400,1.6725871093750009,0.2970624999999999,0.5231796875,0.17975781250000003
5500,1.6738734375,0.29753125,0.5218164062499998,0.18065234375000003
5600,1.67748359375,0.29953125,0.5195273437499999,0.18094140625
5700,1.6782007812499995,0.3000507812499999,0.51909765625,0.18085156249999998
5800,1.6791015625000003,0.3000429687500001,0.5199687499999998,0.17998828125
5900,1.679339062499999,0.30133984375000006,0.52169921875,0.17696093749999997
6000,1.680254687499999,0.30123828124999985,0.5202460937499999,0.17851562499999998
6100,1.6803890624999993,0.3017187500000001,0.5203320312500003,0.17794921874999997
6200,1.6802535156249994,0.30173437499999983,0.522078125,0.17618749999999994
6300,1.680490234375,0.30216015625000003,0.5217734375,0.17606640625000006
6400,1.681237890625,0.30255859374999994,0.5223867187499998,0.17505468749999997
6500,1.6823195312500008,0.3034179687500001,0.5213398437500002,0.17524218750000012
6600,1.6836601562500004,0.30360156250000014,0.5196914062500004,0.17670703125000004
6700,1.6850269531250004,0.3038593750000001,0.5181796875,0.17796093750000003
6800,1.687080859375,0.30507421875,0.5162890624999998,0.17863671875000015
6900,1.688755859375,0.3066835937499999,0.5157890625,0.17752734374999996
7000,1.6914386718749996,0.3078789062500001,0.5143164062499997,0.1778046875
7100,1.6929207031250009,0.30817578124999995,0.5139023437500001,0.17792187500000003
7200,1.694188281249999,0.30907421874999996,0.5136875,0.17723828124999993
7300,1.6956027343750006,0.31011328125000015,0.5129023437500001,0.17698437500000003
7400,1.6975089843750004,0.3109023437499999,0.5119492187500001,0.17714843749999995
7500,1.6993980468750003,0.3113359375000001,0.50972265625,0.17894140625000005
7600,1.7007796875,0.3113085937500001,0.5093046875000001,0.1793867187500001
7700,1.7009187499999996,0.3114843749999998,0.5094062499999998,0.179109375
7800,1.7015433593749998,0.31210546875000006,0.5075156249999998,0.18037890624999997
7900,1.7029531250000007,0.3129023437499999,0.50656640625,0.18053124999999995
8000,1.7038800781249996,0.3129648437499999,0.5056328124999998,0.18140234375
8100,1.7065812499999997,0.31450390624999985,0.5042148437500001,0.18128124999999995
8200,1.7072890625000006,0.3142578125000002,0.50372265625,0.18201953125000003
8300,1.7093296874999995,0.31639062500000015,0.5038789062500001,0.17973046874999998
8400,1.7117683593750004,0.3178125000000003,0.5033554687500001,0.17883203124999997
8500,1.7141453125,0.31952734375,0.5029765624999999,0.17749609375000003
8600,1.716574218750001,0.31991796875,0.5003828125,0.17969921874999994
8700,1.7176347656250002,0.3208007812500001,0.50033203125,0.17886718749999997
8800,1.7209601562500003,0.32250390624999986,0.49897265625000004,0.17852343750000005
8900,1.7220121093749998,0.3226328125000001,0.49782421875,0.17954296875
9000,1.7244695312499991,0.32389062500000004,0.49592578124999964,0.18018359374999998
9100,1.7259066406249994,0.3244882812500002,0.49422265625,0.18128906249999996
9200,1.7274898437500004,0.3247734375000002,0.4946953125,0.1805312499999999
9300,1.7288292968750005,0.3266757812500002,0.4954453125,0.17787890625000005
9400,1.7289566406250003,0.3270625000000001,0.4961757812500001,0.17676171875000007
9500,1.7276128906249995,0.32641796874999984,0.49609765625,0.17748437499999997
9600,1.7262234374999998,0.32638671874999997,0.49804687500000017,0.17556640625000006
9700,1.7245964843749995,0.3256445312500001,0.49916015625,0.17519531249999995
9800,1.7258308593750005,0.32582421875000017,0.4978203124999999,0.17635546875000002
9900,1.7263363281250002,0.32632421875000006,0.49792578124999987,0.17575000000000005
10000,1.7230074218749996,0.324578125,0.50013671875,0.17528515625000005
10100,1.72182265625,0.3241718749999997,0.5012578124999999,0.17457031250000005
10200,1.7202457031250005,0.32326953125,0.5017070312499999,0.1750234375000001
10300,1.7213195312499994,0.32277343750000004,0.49885156249999996,0.17837499999999998
10400,1.7241671874999998,0.3236132812499999,0.49751953124999987,0.17886718749999989
10500,1.7256031249999995,0.32463671875000005,0.49592968750000005,0.17943359375000004
10600,1.7278953125000005,0.32551562499999986,0.4935429687499999,0.18094140624999994
10700,1.7280546875000002,0.32502343750000007,0.49202343750000005,0.18295312500000002
10800,1.7299417968750006,0.32591406250000016,0.4913828124999999,0.18270312500000002
10900,1.7317765624999997,0.32716406250000013,0.49040234375000014,0.18243359374999998
11000,1.7339042968750003,0.3279179687499999,0.48913671874999987,0.1829453125000001
11100,1.7347218750000004,0.3287460937499999,0.4892929687500001,0.1819609374999999
11200,1.734358593749999,0.3289765625,0.4896054687500002,0.18141796874999994
11300,1.7342566406249993,0.32948437500000016,0.4911562500000002,0.17935937500000002
11400,1.7358902343749996,0.33023828125,0.49034375,0.17941796875000005
11500,1.7351785156249997,0.3295156250000001,0.49082421875,0.17966015625000006
11600,1.7332683593750002,0.3276132812499999,0.49236718749999997,0.18001953125000006
11700,1.7333957031250002,0.32782812500000025,0.49305859374999994,0.17911328124999995
11800,1.7345203124999997,0.329625,0.4936992187499999,0.17667578124999994
11900,1.7331304687499993,0.3293671874999999,0.49425781249999995,0.17637500000000003
12000,1.7333183593749997,0.32935156250000003,0.49392578125000025,0.17672265625000005
12100,1.7324789062500008,0.328625,0.49351562500000024,0.1778593750000001
12200,1.7317609375,0.32835546875000005,0.49434375000000025,0.17730078125000012
12300,1.7314460937500007,0.3274179687499999,0.49325390625,0.17932812500000006
12400,1.7320429687499999,0.32815234374999996,0.4930234375,0.17882421875000007
12500,1.7333917968750008,0.3279921875,0.4918554687499999,0.18015234375000003
12600,1.7363214843750001,0.32924218750000006,0.49006640625000025,0.18069140625
12700,1.737723828125,0.32975390625,0.4891210937500001,0.18112499999999992
12800,1.7389179687500005,0.33105468749999994,0.489140625,0.17980468749999998
12900,1.7405214843749992,0.33280078124999996,0.4888515624999998,0.17834765625000001
13000,1.74165234375,0.33308984374999995,0.48759375000000016,0.1793164062500001
13100,1.7403562499999996,0.33246484374999996,0.4896757812499999,0.17785937500000001
13200,1.73785390625,0.33183203124999994,0.4911289062500001,0.17703906249999987
13300,1.7366320312500003,0.33136718749999994,0.4921484375000002,0.176484375
13400,1.7359980468749994,0.33078125000000014,0.49279687499999986,0.1764218749999999
13500,1.7373980468750012,0.33126562500000006,0.4912890625,0.17744531250000006
13600,1.7379265624999989,0.33158593750000004,0.49094140625000027,0.17747265625000003
13700,1.7375578125,0.33148828125,0.4914140624999999,0.1770976562500001
13800,1.7365503906250002,0.33187890625,0.49276562500000004,0.17535546875
13900,1.735234375,0.3310078125,0.4926523437499998,0.17633984374999997
14000,1.7367035156249997,0.33119921875000014,0.49178515625000013,0.17701562499999995
14100,1.7387917968750006,0.3325585937500001,0.48956249999999996,0.17787890625000002
14200,1.7395726562499998,0.33294921874999994,0.4897890625,0.17726171874999994
14300,1.7410054687499996,0.33378906249999996,0.48850390625,0.17770703124999998
14400,1.740991796875,0.3333671874999997,0.48939843749999984,0.17723437500000008
14500,1.7420605468749997,0.33398046875000004,0.4882148437500001,0.17780468749999995
14600,1.7435304687499995,0.3348632812500001,0.48718359374999987,0.17795312500000007
14700,1.7443230468749997,0.33541796875000013,0.48674609374999983,0.17783593749999999
14800,1.74577890625,0.3347812499999999,0.48445312499999993,0.18076562500000012
14900,1.7470878906249991,0.3345507812500001,0.4834648437499998,0.18198437500000003
15000,1.7487953125000002,0.33727734375000007,0.4829453125000001,0.17977734375000007
15100,1.7486816406250005,0.33755078124999993,0.48399999999999993,0.17844921874999997
15200,1.7476703125000008,0.3362734374999998,0.48431250000000015,0.1794140625
15300,1.7465851562499997,0.33598437499999995,0.4853125000000001,0.17870312500000013
15400,1.7452859375000003,0.33528124999999975,0.4860195312499998,0.17869921875
15500,1.7445124999999992,0.3348281249999997,0.48554296875,0.17962890625
15600,1.7468960937499998,0.3359765625000001,0.48504296874999997,0.17898046874999987
15700,1.7460355468750008,0.33574218749999996,0.4856523437500001,0.17860546875
15800,1.7476421875000006,0.33724999999999994,0.4853984374999998,0.17735156250000006
15900,1.7494335937500007,0.33833984375,0.48417187500000003,0.17748828125000002
16000,1.751413671874999,0.33946875,0.4839570312499998,0.17657421875
16100,1.7515296874999993,0.3395820312499998,0.48451953125,0.17589843750000012
16200,1.7505972656249997,0.3392578124999999,0.4847539062499998,0.17598828125000002
16300,1.752207031249999,0.3404335937500001,0.48376562500000003,0.1758007812500001
16400,1.7526812500000004,0.34005468750000006,0.48163281250000006,0.17831249999999993
16500,1.7532160156250012,0.3397109375,0.48200390624999995,0.17828515625000002
16600,1.7512468749999996,0.33841406250000006,0.4829023437499999,0.1786835937499999
16700,1.747595312499999,0.33674609374999986,0.4857656250000001,0.17748828124999994
16800,1.7467929687500003,0.33591015625,0.4869296875,0.17716015624999992
16900,1.7465136718749998,0.33608203124999997,0.48602734375000034,0.17789062500000002
17000,1.7470914062499998,0.3361171875000001,0.48527343749999974,0.178609375
17100,1.7457085937500005,0.3351679687500001,0.48629296875,0.17853906249999993
17200,1.7428437500000002,0.33389062500000016,0.48712890624999994,0.17898046874999995
17300,1.7418632812500001,0.33334765624999996,0.48804687499999994,0.17860546874999994
17400,1.7392117187500007,0.3332890625000001,0.49076953125000006,0.17594140624999993
17500,1.7404550781249999,0.3331132812500001,0.48984765625000015,0.1770390625000001
17600,1.7402542968750006,0.3332812499999999,0.48938281250000015,0.17733593749999998
17700,1.7418546875000016,0.33482421875000007,0.48848046875000006,0.17669531250000012
17800,1.7445128906249994,0.33619921875000003,0.4862734375,0.17752734374999996
17900,1.7464308593750004,0.33645703124999987,0.48442968750000004,0.17911328125
18000,1.7493851562500007,0.33756249999999993,0.48144921875000013,0.18098828125000005
18100,1.7511812500000006,0.3382109375,0.47897265625000013,0.18281640624999995
18200,1.7550246093750002,0.33878515624999994,0.4767617187499999,0.1844531250000001
18300,1.757680078125,0.3406992187500001,0.4755703125,0.18373046875
18400,1.7590867187499997,0.34114843749999996,0.47556250000000005,0.18328906250000004
18500,1.760558593750001,0.3418984374999999,0.47608203125000004,0.18201953124999998
18600,1.7599078124999987,0.34183984375,0.47689062499999996,0.18126953125
18700,1.7604691406250004,0.34272656250000005,0.47738671875,0.17988671874999998
18800,1.7582746093749997,0.3421523437499998,0.48031250000000003,0.17753515625
18900,1.7569804687500006,0.3418749999999999,0.48035156249999994,0.17777343750000002
19000,1.7560050781249998,0.34190234375000006,0.4810703125000001,0.17702734374999998
19100,1.7559109375000013,0.34152734375000005,0.4810156250000001,0.17745703124999998
19200,1.7579464843750012,0.3417343750000002,0.47910546875000004,0.1791601562499999
19300,1.7588976562499998,0.34170312500000016,0.47809765624999984,0.18019921875
19400,1.7606140625000006,0.3424765625000002,0.4765234375000001,0.18100000000000002
19500,1.7600402343750008,0.3429804687499999,0.47659765624999983,0.18042187499999987
19600,1.7618261718749997,0.34311328124999996,0.47518359375,0.18170312499999997
19700,1.762219140625001,0.34246484374999997,0.47420703125,0.18332812499999998
19800,1.7621562499999999,0.3428828125000001,0.47538671874999994,0.18173046875000018
19900,1.761214453125,0.34263281250000005,0.4758593750000001,0.1815078125
20000,1.759832421875001,0.34245703124999993,0.47745703124999983,0.1800859374999999
20100,1.7591179687499994,0.34229296875,0.478,0.17970703125
20200,1.7593074218749993,0.34226953125000015,0.4767265624999998,0.18100390624999996
20300,1.7598800781250004,0.3424062499999999,0.47668359375,0.18091015625000004
20400,1.7602800781249996,0.3420546874999998,0.47640624999999975,0.18153906249999988
20500,1.7599703124999992,0.34173828125,0.4764296875000001,0.18183203125000008
20600,1.7589445312500012,0.34210156250000007,0.4787734375000001,0.17912500000000003
20700,1.7580597656249999,0.3415468749999999,0.4784453125000001,0.18000781249999998
20800,1.7572265625000005,0.34119140625,0.47967968750000006,0.17912890625000003
20900,1.7561078125000003,0.3404062500000001,0.47899609374999985,0.18059765625000002
21000,1.7531496093750008,0.33954687499999997,0.48260546875000015,0.17784765624999987
21100,1.7526781249999985,0.3386601562500001,0.48150390624999984,0.1798359375
21200,1.7519437499999995,0.3389062499999998,0.4826015624999999,0.1784921875
21300,1.75490546875,0.33989843749999993,0.47887109375000003,0.18123046875
21400,1.756478125,0.34024609375,0.4770312499999998,0.18272265624999995
21500,1.7589078125000004,0.34187890625000006,0.4761054687499999,0.18201562500000007
21600,1.760593749999999,0.34290625,0.47600390625000016,0.18108984375
21700,1.759918749999999,0.34293750000000023,0.4773749999999999,0.1796875
21800,1.756112890625,0.3415820312499999,0.48149999999999993,0.17691796875000007
21900,1.7544453124999992,0.34053125,0.4823632812500001,0.17710546874999997
22000,1.7524761718749993,0.33973828125,0.4836445312500001,0.17661718750000002
22100,1.7496746093749997,0.33833593749999996,0.4847890625,0.17687500000000003
22200,1.7469093750000009,0.33664062499999975,0.48457421875,0.17878515625000005
22300,1.7472230468750007,0.33578125000000003,0.48391796875000015,0.18030078124999993
22400,1.7464414062499998,0.3361484375000002,0.485328125,0.17852343750000008
22500,1.7471710937500005,0.33653906249999993,0.4854726562499999,0.17798828124999994
22600,1.7470535156249998,0.33630078125,0.48507421874999995,0.17862500000000006
22700,1.7450562500000002,0.33636328125,0.48774218749999976,0.17589453124999999
22800,1.7454546875,0.33700781249999995,0.48830078124999987,0.17469140625
22900,1.7474339843749993,0.33778906250000007,0.4874101562499999,0.17480078124999993
23000,1.7500835937499999,0.3393984375,0.48454296874999997,0.17605859374999988
23100,1.752187109375001,0.34052343750000025,0.48228515625000007,0.17719140625000002
23200,1.7540996093749996,0.34118750000000003,0.48038671874999994,0.17842578124999997
23300,1.7556476562499996,0.3417500000000001,0.4811523437500001,0.17709765625
23400,1.7547878906249994,0.3403750000000002,0.48096874999999983,0.17865624999999993
23500,1.7549624999999993,0.3403906250000002,0.4800468749999998,0.1795625
23600,1.7553914062499996,0.3396796874999998,0.47930468750000016,0.18101562500000012
23700,1.7564679687500007,0.3404960937500002,0.47900390624999994,0.18049999999999997
23800,1.7572558593749996,0.34100000000000025,0.4782148437500001,0.1807851562499999
23900,1.7590378906250006,0.34153906250000016,0.47734375000000007,0.18111718750000005
24000,1.7609652343750002,0.34264843749999996,0.47616406250000026,0.18118750000000006
24100,1.7611273437500008,0.34323437500000015,0.4770468749999999,0.17971874999999993
24200,1.7612804687499994,0.3435664062500003,0.4769414062499998,0.17949218750000007
24300,1.7610433593749988,0.34377734375000013,0.4781054687500001,0.17811718750000005
24400,1.7592960937500006,0.3437421875000001,0.4796289062499997,0.1766289062500001
24500,1.7577796874999994,0.34319921875000003,0.4810820312499999,0.17571875000000003
24600,1.757084765625,0.3429882812499999,0.48236328125,0.17464843749999998
24700,1.7578484374999999,0.343515625,0.4818554687500002,0.17462890625
24800,1.7588160156250001,0.34396874999999993,0.4805898437499999,0.17544140625
24900,1.76011015625,0.34510546875,0.4811250000000001,0.17376953125000008
25000,1.7595968749999997,0.3454843749999999,0.4820546874999997,0.17246093749999994
25100,1.7578683593749995,0.34443750000000006,0.482015625,0.173546875
25200,1.756881640625,0.3434843749999999,0.4814804687500002,0.17503515625000007
25300,1.7571644531249997,0.34308984375,0.4811875,0.17572265624999991
25400,1.7580835937500006,0.3429296875000001,0.4794218750000003,0.1776484375
25500,1.75814609375,0.3420898437499997,0.4784218749999998,0.17948828124999996
25600,1.75886171875,0.3421328125000001,0.477890625,0.1799765624999999
25700,1.7592167968749992,0.34246875,0.477921875,0.17960937499999993
25800,1.7589902343749997,0.34193750000000006,0.47649609374999996,0.18156640624999998
25900,1.7579210937500005,0.34125000000000016,0.47811328125000013,0.18063671875
26000,1.7572273437500001,0.34087109374999996,0.4788593750000001,0.18026953125000003
26100,1.7578273437499998,0.3418515625000001,0.4785703125,0.179578125
26200,1.7573910156249992,0.3411445312500002,0.48013671874999997,0.1787187500000001
26300,1.756348046875,0.34067578125000003,0.47977343749999984,0.17955078125
26400,1.7564144531249999,0.34054296875000006,0.4806210937499999,0.17883593750000001
26500,1.7549058593749995,0.3393671874999999,0.4812148437500001,0.17941796875000005
26600,1.754360156250001,0.3397070312499998,0.48042968749999987,0.17986328124999998
26700,1.7534972656250005,0.33832421874999996,0.48048046875,0.18119531250000007
26800,1.7520367187500003,0.33697656249999997,0.48116796874999995,0.18185546874999994
26900,1.749597265625,0.33569140625000005,0.48322656250000007,0.18108203124999997
27000,1.7456566406250005,0.33346875,0.48549218750000006,0.18103906249999996
27100,1.74244140625,0.3328203125000002,0.48818359375000014,0.17899609374999997
27200,1.7422960937499994,0.3323125000000002,0.48708203124999994,0.18060546874999997
27300,1.7420660156249996,0.33237109374999985,0.48545703125,0.18217187499999996
27400,1.7420011718750004,0.3327187499999999,0.48509765624999995,0.18218359375000004
27500,1.7424499999999996,0.3329414062499999,0.4861835937500002,0.18087500000000006
27600,1.7443878906250003,0.33370703125,0.4843515624999998,0.18194140625000005
27700,1.7475148437500005,0.33503515624999997,0.4819062499999999,0.18305859375
27800,1.7472992187500003,0.3354375,0.4825468750000002,0.18201562499999996
27900,1.7475527343749997,0.33496875000000015,0.48252343749999976,0.18250781249999995
28000,1.7469972656249995,0.33523828124999994,0.4842226562499999,0.1805390625
28100,1.7458214843749997,0.3352968750000001,0.48583984374999983,0.17886328125000014
28200,1.74382421875,0.33473828125000005,0.48739453125000004,0.17786718749999997
28300,1.7419214843750002,0.33382812500000003,0.4894960937499998,0.17667578125000002
28400,1.7397664062499998,0.3326132812500001,0.49118359375,0.17620312499999996
28500,1.73846328125,0.3315,0.4898476562500001,0.17865234375000014
28600,1.74016171875,0.33237890625000016,0.487546875,0.18007421875
28700,1.7431542968749991,0.33411718750000013,0.48522656249999985,0.1806562500000001
28800,1.7439796874999998,0.3344375000000002,0.48573828125,0.1798242187500001
28900,1.7444187500000001,0.33498046875000004,0.4853593750000001,0.17966015624999998
29000,1.747862890624999,0.33594140624999985,0.4828710937499998,0.1811875
29100,1.7504984375000001,0.33712890624999997,0.4814062499999998,0.18146484375000002
29200,1.7505445312499999,0.33675390625000007,0.48196093749999996,0.18128515625
29300,1.7489601562500001,0.33578515625,0.4830742187500001,0.18114062500000008
29400,1.7473746093750007,0.33526171875,0.4829140625000001,0.18182421874999996
29500,1.7474378906249997,0.3358867187499999,0.4836562500000001,0.18045703124999998
29600,1.7488339843749998,0.3365585937500001,0.48110156249999986,0.18233984374999998
29700,1.7498261718749994,0.3365703125000001,0.4803828125,0.183046875
29800,1.7515789062499998,0.33771093750000014,0.48082031249999985,0.18146874999999998
29900,1.7509773437500002,0.33773828125,0.48110937499999995,0.18115234374999992
30000,1.752037109375,0.3383984374999999,0.4812656249999997,0.18033593750000002
30100,1.7515316406249997,0.33771484375000005,0.48257421875000006,0.17971093750000006
30200,1.7497253906250005,0.337578125,0.48369140624999996,0.17873046874999998
30300,1.750776953125,0.33853906250000004,0.48274218750000003,0.17871874999999998
30400,1.75193828125,0.3388789062500001,0.48300781249999997,0.17811328124999995
30500,1.7514089843749998,0.33889453125,0.48251171874999976,0.1785937500000001
30600,1.7493738281250006,0.3376484375,0.4844648437499999,0.17788671875000006
30700,1.7482316406250005,0.33722265625000003,0.48475781249999994,0.17801953124999997
30800,1.7476945312500007,0.33717968749999994,0.48546875000000034,0.17735156250000006
30900,1.7480738281250008,0.33697656249999997,0.4841953125,0.17882812500000006
31000,1.74827890625,0.33755078124999993,0.484734375,0.17771484375
31100,1.7479308593749996,0.33706250000000015,0.48560937499999973,0.17732812500000006
31200,1.7469640624999998,0.3373125000000001,0.48655859375000016,0.17612890624999997
31300,1.7453058593749997,0.33619921875000003,0.4866875,0.17711328124999998
31400,1.74689140625,0.33566015625,0.4846249999999999,0.1797148437500001
31500,1.7482785156249996,0.33644140624999996,0.48485937500000037,0.17869921875000017
31600,1.7488867187500001,0.33662109375,0.4837929687500001,0.17958593750000007
31700,1.7512496093750003,0.33800781249999995,0.48348046874999995,0.17851171875000005
31800,1.7516886718750002,0.33847656249999997,0.48241015624999983,0.17911328124999987
31900,1.7513749999999997,0.3382734375000001,0.4828828124999998,0.17884375000000005
32000,1.7507828125000007,0.33780078125000007,0.48337109375000004,0.17882812499999998
32100,1.75046875,0.33659375,0.4825585937499997,0.18084765625000002
32200,1.7519753906249995,0.3374062499999998,0.4817578124999998,0.18083593750000002
32300,1.7509070312500008,0.3367539062499998,0.48236328125000016,0.1808828125
32400,1.7491191406250004,0.33652734375000004,0.4836484374999998,0.17982421875000007
32500,1.7467285156249994,0.33569531249999995,0.48471484375,0.17958984375000003
32600,1.7469249999999994,0.3359140624999998,0.4848046874999998,0.17928124999999995
32700,1.7466093749999994,0.3352499999999998,0.4842500000000003,0.1805
32800,1.745577343750001,0.3346171875,0.4849609375,0.18042187500000004
32900,1.7450550781250007,0.3349140625,0.48569921874999994,0.17938671874999995
33000,1.743326171875,0.33444921875,0.48774609374999994,0.17780468749999995
33100,1.7426246093749993,0.33364062500000014,0.4876875,0.17867187500000006
33200,1.7413839843750005,0.3330546874999998,0.4884414062500001,0.17850390624999998
33300,1.7397785156250014,0.33313671874999984,0.48983984374999995,0.17702343750000002
33400,1.739306640625,0.33267578125,0.48937109375,0.177953125
33500,1.7407554687500002,0.3326640624999999,0.48920703125,0.17812890625000002
33600,1.7418507812500008,0.33240234374999994,0.48821093749999994,0.17938671875000012
33700,1.7414621093750002,0.33230859375000005,0.4878515625000002,0.17983984375000006
33800,1.73863515625,0.3306953124999999,0.48945703125,0.17984765625000007
33900,1.7388757812500004,0.33134374999999994,0.4898164062500001,0.17883984375000006
34000,1.7368613281249996,0.33077343749999993,0.49073046875000026,0.17849609374999995
34100,1.7354179687500007,0.33053125,0.4913476562500001,0.17812109375000001
34200,1.7359339843750001,0.3299765625,0.49085937499999993,0.1791640625
34300,1.73709296875,0.33031640624999997,0.48964453125000024,0.18003906249999993
34400,1.7395234375000013,0.33146093749999994,0.48740234374999986,0.18113671874999998
34500,1.7424328124999995,0.33315234374999986,0.48599218749999984,0.18085546875
34600,1.7470207031250011,0.3351328125000001,0.48355468749999997,0.1813125
34700,1.7486949218749996,0.33679687500000016,0.4837304687500001,0.17947265625000006
34800,1.7486261718750007,0.3379453125000002,0.4845468750000001,0.17750781250000003
34900,1.7481605468750003,0.33815234375,0.4857109375,0.17613671875000003
35000,1.750950781250001,0.33912109375000005,0.4835039062499997,0.17737500000000003
35100,1.7537539062499996,0.34020703125,0.48116406250000016,0.17862890625
35200,1.7536261718749997,0.34043359375000004,0.4815859374999999,0.17798046874999995
35300,1.7522089843750002,0.34005859374999997,0.4838007812499999,0.17614062500000002
35400,1.7526449218750004,0.3409960937500002,0.4841445312499999,0.17485937499999996
35500,1.7514785156250003,0.34061328125000007,0.48478906250000015,0.17459765625
35600,1.7511093750000002,0.34066796874999994,0.4837109375000001,0.17562109375000007
35700,1.7514046874999993,0.3404101562499999,0.48239062499999985,0.17719921875000003
35800,1.7525398437499995,0.3410429687500002,0.481453125,0.17750390624999998
35900,1.7550519531249988,0.34192578125,0.48103124999999997,0.17704296875000006
36000,1.756502734375001,0.34316406250000003,0.48104296874999997,0.17579296875
36100,1.7590921875,0.34383984375000004,0.4778046875,0.17835546875000002
36200,1.7598523437499998,0.34344140625,0.47661328124999996,0.17994531249999993
36300,1.7610585937499996,0.34348437499999984,0.4754648437500001,0.18105078124999993
36400,1.7629300781249995,0.34416796875,0.47481640624999993,0.18101562499999987
36500,1.7665171874999999,0.34579687499999995,0.47239843750000016,0.18180468750000006
36600,1.7693957031250014,0.3477304687500001,0.47085546875,0.1814140625000001
36700,1.7720320312500006,0.3493554687499998,0.46998046874999977,0.18066406250000006
36800,1.7734191406249993,0.3505234374999999,0.46873437500000015,0.18074218749999998
36900,1.7730398437500001,0.35016015625,0.4694882812499998,0.18035156250000006
37000,1.775162109375,0.3507812500000002,0.46852343749999986,0.18069531249999993
37100,1.7752999999999994,0.3512070312499998,0.4684960937500002,0.18029687499999997
37200,1.7763015624999994,0.3510195312500002,0.46625390625000007,0.18272656250000008
37300,1.7762312499999997,0.35041796875000003,0.4667304687499999,0.1828515625
37400,1.7751046875000003,0.3503828125000002,0.46886718749999984,0.18075000000000002
37500,1.7727902343750008,0.3495546874999999,0.47095703125000005,0.17948828125000005
37600,1.7699316406249994,0.34746875,0.4725390624999999,0.1799921875
37700,1.7642828124999996,0.3443945312500001,0.47622265625000004,0.17938281250000002
37800,1.7606566406250002,0.34327734375000013,0.47794140625000014,0.17878124999999995
37900,1.75804765625,0.34212499999999996,0.47966406250000004,0.17821093749999994
38000,1.7572015625000004,0.34124609375,0.4795195312500001,0.179234375
38100,1.7564515625000001,0.3408476562499998,0.48077343750000007,0.17837890625
38200,1.7548152343749994,0.33996484375,0.4814375000000001,0.17859765625000001
38300,1.7549722656250004,0.3401015625,0.4802734374999998,0.179625
38400,1.7543257812499997,0.34026562500000007,0.48074218749999986,0.17899218749999996
38500,1.7578660156250003,0.34174609375,0.47829687499999995,0.17995703124999995
38600,1.7610656249999996,0.3433164062499999,0.4764882812499999,0.1801953125
38700,1.7626226562499998,0.3445273437500001,0.47612109375,0.1793515625000001
38800,1.7640640625000001,0.34516406250000004,0.47476171875000006,0.18007421875000004
38900,1.7644914062500001,0.3454882812499999,0.4746484375000001,0.17986328124999998
39000,1.7649359374999998,0.3448749999999998,0.4740703125000001,0.18105468750000006
39100,1.76509296875,0.3444335937499999,0.47322265625000004,0.18234374999999997
39200,1.7632281249999997,0.34300781249999984,0.47510546875000015,0.1818867187500001
39300,1.76167109375,0.34242578124999984,0.47651171874999987,0.18106250000000004
39400,1.759094140625,0.3415585937499999,0.47743749999999974,0.1810039062500001
39500,1.7571082031249998,0.3403671874999999,0.47908593749999984,0.180546875
39600,1.7592609374999997,0.34132031249999994,0.47734374999999984,0.1813359375
39700,1.7599136718750004,0.34144921875,0.4769453125,0.18160546874999997
39800,1.7606359374999994,0.34182031249999983,0.4777226562500001,0.18045703125000004
39900,1.7601710937499997,0.34229296875000004,0.4780898437500001,0.17961718749999997
40000,1.7584624999999994,0.3408437500000002,0.4788515625,0.1803046875
40100,1.7561839843749993,0.34086328124999987,0.48089843749999994,0.17823828125
40200,1.753892578125,0.3401406249999999,0.48271484374999996,0.17714453125
40300,1.7539703125000001,0.34086718749999995,0.4825039062500001,0.17662890624999994
40400,1.7524937499999997,0.33990234374999995,0.4824531249999999,0.17764453124999996
40500,1.7518453125000002,0.3399648437500001,0.48285546874999996,0.17717968750000002
40600,1.7538500000000004,0.3404843749999999,0.48044531249999994,0.17907031249999994
40700,1.7549902343750003,0.34071484374999994,0.47978906249999986,0.17949609375000009
40800,1.7558238281249994,0.34107812500000007,0.48026953125000005,0.17865234375000003
40900,1.7565992187499997,0.34149999999999997,0.4796328124999998,0.17886718750000002
41000,1.7541921875000002,0.3404570312500001,0.4827539062499997,0.1767890625
41100,1.7520015624999996,0.34029296875000004,0.48542187499999984,0.17428515625
41200,1.751287109375,0.340375,0.4853984374999999,0.1742265625
41300,1.7500664062499995,0.3392890625000002,0.4852187500000001,0.17549218750000006
41400,1.7495308593749999,0.3391406250000001,0.4855976562499999,0.17526171874999993
41500,1.7481941406250003,0.3388125,0.4873906249999998,0.1737968749999999
41600,1.7488660156249993,0.3389765625000001,0.4868164062499999,0.17420703124999992
41700,1.74860859375,0.33864453124999994,0.48552343750000004,0.17583203125000008
41800,1.7469488281249996,0.33774218749999996,0.4856953124999999,0.1765625
41900,1.7473195312500003,0.3377929687500001,0.48563671875,0.17657031250000002
42000,1.7466363281249995,0.3373515624999999,0.4855742187499999,0.17707421875000004
42100,1.7486984375,0.33802734375000015,0.4841601562499999,0.1778125000000001
42200,1.7511156250000002,0.33843359375000004,0.4823828125,0.17918359375000004
42300,1.7518132812499996,0.3389765625000002,0.48231250000000003,0.1787109375
42400,1.7529531249999997,0.33936328125,0.48111328124999986,0.1795234374999999
42500,1.7528296874999996,0.33964453125000005,0.48250390625,0.17785156250000012
42600,1.7550902343749997,0.3405976562500003,0.48101953125,0.17838281250000002
42700,1.7547246093750004,0.3403007812499999,0.4814023437499998,0.17829687499999997
42800,1.7559425781249998,0.3403320312499999,0.4810156250000001,0.17865234374999997
42900,1.7564343750000007,0.34076171874999983,0.4794882812500002,0.17975
43000,1.7567136718749994,0.3402421874999999,0.47957031249999993,0.18018749999999994
43100,1.7542628906249995,0.3388789062499999,0.4811171875000001,0.18000390625000007
43200,1.7522941406249999,0.33756640624999984,0.4819023437500001,0.18053125000000003
43300,1.7508089843749997,0.3370390624999998,0.48253515624999993,0.18042578125000003
43400,1.7496656249999996,0.33576171874999994,0.4814140625000002,0.18282421875000002
43500,1.750676953125,0.33647265625,0.48101953124999985,0.1825078125
43600,1.7532175781250003,0.3367421875,0.4791718750000001,0.18408593750000007
43700,1.7551492187500006,0.3387031250000001,0.47936718750000007,0.1819296874999999
43800,1.7557027343749994,0.33876953125000003,0.4788671875000002,0.1823632812499999
43900,1.755895703125,0.3387226562499999,0.47905468750000013,0.18222265624999998
44000,1.7546765624999996,0.3385390625,0.47992578125,0.18153515624999994
44100,1.7546765625,0.338546875,0.4806523437500001,0.18080078124999996
44200,1.7543703124999994,0.33860156249999995,0.48061718750000004,0.18078125
44300,1.7533480468750007,0.3385898437499999,0.48087890624999996,0.18053125
44400,1.7536621093749998,0.3388164062500002,0.4809140625000001,0.18026953124999995
44500,1.7537058593750003,0.3387265625000001,0.48132812500000005,0.17994531250000004
44600,1.754261328125,0.3399101562500002,0.4814414062500002,0.1786484375
44700,1.754692578125,0.33991015625,0.48236328125000016,0.17772656250000005
44800,1.753753125,0.34005859374999997,0.4817304687499999,0.17821093749999997
44900,1.7516941406249995,0.3388398437499999,0.482796875,0.17836328124999992
45000,1.7514210937500008,0.33833203125000016,0.48285546875,0.17881249999999996
45100,1.7492031250000006,0.33792968750000013,0.48554296874999986,0.1765273437499999
45200,1.748333203125,0.3374570312500002,0.4857226562500001,0.17682031250000002
45300,1.7494667968749993,0.33817968750000005,0.48515624999999973,0.17666406249999997
45400,1.749579296875,0.33762109375000005,0.4839843749999998,0.1783945312499999
45500,1.7483320312500001,0.33727343750000005,0.4844648437499998,0.17826171875000002
45600,1.7476750000000005,0.33680078125,0.48494531249999984,0.17825390625000012
45700,1.7472367187499998,0.3365820312499999,0.4856328125000001,0.17778515625000002
45800,1.7459238281250005,0.33646093749999995,0.48790234375,0.17563671874999995
45900,1.7435863281250001,0.33548046875,0.4895898437500001,0.17492968750000007
46000,1.741934765624999,0.33535156250000014,0.49090625,0.17374218749999998
46100,1.7411800781249998,0.33638671875000015,0.49191796874999977,0.17169531250000003
46200,1.7417878906249995,0.3362460937500001,0.49087890624999997,0.17287499999999997
46300,1.744434374999999,0.3368085937499997,0.48838281250000004,0.17480859375
46400,1.7456093750000004,0.33721484375,0.48773046875,0.1750546875000001
46500,1.7465570312500014,0.33743359374999987,0.48665624999999973,0.17591015624999992
46600,1.7484460937500004,0.33791796875000013,0.48506249999999984,0.1770195312500002
46700,1.7494050781250001,0.33902343750000014,0.4843203125000002,0.17665625000000001
46800,1.7496585937500009,0.33874218749999996,0.4844843750000001,0.17677343750000005
46900,1.7509777343749997,0.3383593750000001,0.4839023437500001,0.17773828125
47000,1.7530199218749993,0.3397968749999999,0.48342187499999995,0.17678124999999995
47100,1.753353125,0.33999218749999993,0.48259765624999995,0.17741015624999998
47200,1.7536828125000001,0.33980859375000017,0.48305078124999995,0.1771406249999999
47300,1.7527792968749996,0.3400468750000001,0.48428125000000005,0.17567187499999995
47400,1.7567214843749996,0.3413515625000001,0.48223437499999994,0.17641406250000005
47500,1.7584136718750007,0.34227343750000006,0.4808046875,0.17692187499999995
47600,1.7607277343749996,0.3437851562499999,0.47921093749999993,0.17700390624999998
47700,1.7623007812499991,0.34560937499999983,0.47909765625,0.17529296874999994
47800,1.7660679687499996,0.3472421875000002,0.47516015624999974,0.17759765624999999
47900,1.76832109375,0.34807421874999983,0.47307031250000015,0.17885546875000002
48000,1.767395703125,0.3475000000000001,0.47420703124999997,0.17829296875
48100,1.766462890625,0.34682031250000006,0.47469140624999995,0.17848828125000005
48200,1.7674312500000002,0.3471953124999999,0.4737382812500001,0.17906640624999984
48300,1.7678324218749997,0.34709375000000003,0.4742656250000001,0.17864062499999994
48400,1.767756640625,0.3482226562500001,0.47648437500000007,0.17529296875
48500,1.7685218749999998,0.34814453125,0.47553906250000005,0.17631640625
48600,1.7693574218749992,0.34930859375000006,0.4753046875000001,0.17538671875
48700,1.7710578125,0.3498046875000001,0.47435156249999977,0.17584375000000008
48800,1.7716410156249998,0.35044921874999996,0.47383203125000006,0.17571875000000003
48900,1.7714894531249992,0.3500273437499999,0.47393749999999985,0.17603515625
49000,1.7714992187500012,0.34962109374999967,0.4723320312500001,0.178046875
49100,1.7728429687499998,0.34895703124999994,0.4697656249999997,0.18127734375000001
49200,1.7752355468750005,0.3497343749999999,0.468171875,0.18209375000000005
49300,1.7772671875,0.3507382812499999,0.46772656249999983,0.18153515624999997
49400,1.775465234375,0.3502500000000002,0.4684375000000002,0.18131250000000002
49500,1.77394453125,0.34939453125000003,0.4698671874999999,0.18073828124999994
49600,1.773342578125,0.34895703124999994,0.4713281250000001,0.1797148437499999
49700,1.7716726562500003,0.3475,0.47256250000000016,0.17993749999999992
49800,1.7684339843749994,0.3465781250000001,0.4739453125000002,0.1794765625
49900,1.7667964843749995,0.3455859375000002,0.47505078125000005,0.17936328125000003
50000,1.7643902343750009,0.34367578125000003,0.47444531250000016,0.18187890625000006
50100,1.7641613281249997,0.3431015625000001,0.47422265624999993,0.18267578124999995
50200,1.7621335937499991,0.34281640624999987,0.4767070312500001,0.1804765625
50300,1.7605187500000008,0.34215234375,0.47835937500000025,0.17948828125000002
50400,1.756744531250001,0.33983593750000013,0.48033203125,0.17983203124999994
50500,1.7544132812499993,0.3382695312500002,0.4820976562500001,0.17963281249999996
