step,mean_aspect_ratio,fraction_elongated,fraction_round,fraction_binary
100,1.0,0.0,1.0,0.0
200,1.2640179687500002,0.023988281249999993,0.4330234374999998,0.5429882812500002
300,1.3216867187499999,0.055910156249999995,0.4370156250000001,0.5070742187499999
400,1.3650746093750004,0.08474218750000004,0.46023046874999984,0.45502734374999987
500,1.39904765625,0.11103906250000004,0.4906484374999998,0.3983125
600,1.4294406249999998,0.13555468750000005,0.5172890625,0.34715625
700,1.4553156250000006,0.15634375,0.5379375,0.30571874999999993
800,1.4810031249999995,0.17538671874999998,0.5471328125000001,0.27748046875000004
900,1.5025499999999994,0.19108593750000002,0.5531679687499997,0.2557460937499999
1000,1.5234992187500003,0.20691406250000005,0.5546093749999998,0.23847656250000002
1100,1.5405796875,0.2194374999999999,0.556484375,0.22407812500000004
1200,1.558945703125,0.23057421874999998,0.5521835937500001,0.21724218750000013
1300,1.5744773437499995,0.2401992187499999,0.5485273437499998,0.2112734375000001
1400,1.588484375,0.24948437500000015,0.5457148437499997,0.20480078124999992
1500,1.5993601562499997,0.25635156250000013,0.542609375,0.20103906250000003
1600,1.6119874999999997,0.26366015625,0.5386328124999996,0.19770703125000003
1700,1.6255617187500004,0.2707890624999998,0.5322304687500001,0.19698046874999997
1800,1.6369996093750008,0.2769140624999999,0.52656640625,0.19651953125000002
1900,1.6473886718750002,0.28233203125000006,0.5227578125,0.19491015624999994
2000,1.6607664062499998,0.2893789062500001,0.5154140625000002,0.1952070312499999
2100,1.67056171875,0.29547656250000004,0.5110039062499999,0.19351953125000002
2200,1.677959375,0.2994257812500001,0.50714453125,0.19342968749999997
2300,1.6857160156249995,0.3038125,0.5038671875000001,0.19232031249999992
2400,1.6933910156250003,0.3075390625,0.5011289062500001,0.19133203124999995
2500,1.70067578125,0.3110234375,0.4961015625000001,0.19287499999999996
2600,1.7049558593749994,0.3144570312500002,0.49605078124999996,0.18949218749999988
2700,1.7093679687499994,0.31677343750000014,0.494078125,0.18914843749999993
2800,1.71496171875,0.3199375000000001,0.4917929687499999,0.18826953125000004
2900,1.72000234375,0.323234375,0.4893242187500001,0.18744140625000005
3000,1.723912890625,0.324390625,0.48513671875000003,0.19047265625000012
3100,1.7291476562500006,0.3267929687499999,0.4836328125,0.18957421875000002
3200,1.7331269531250006,0.32916015625,0.48034375000000007,0.19049609375000004
3300,1.7356167968750003,0.32981640625,0.4802578124999998,0.1899257812500001
3400,1.739798828125,0.33237109375,0.4801679687500001,0.1874609375
3500,1.7415281250000003,0.33475781250000003,0.48024609375000005,0.18499609374999992
3600,1.7454144531249993,0.3372343750000001,0.4784960937499998,0.18426953125
3700,1.748351953124999,0.34000390625,0.476890625,0.18310546875000006
3800,1.75342890625,0.34267968750000005,0.47495703125000005,0.18236328124999998
3900,1.7586027343750008,0.34501953125000007,0.4720429687500001,0.18293749999999998
4000,1.7640300781250002,0.34726953125000004,0.46810546874999975,0.18462500000000004
4100,1.769285546875,0.3502968749999999,0.4649414062500001,0.18476171875000008
4200,1.7722734375,0.35107812499999996,0.46316406249999975,0.18575781249999998
4300,1.7761960937499996,0.3535156249999999,0.4612148437500002,0.18526953125000004
4400,1.7827566406250004,0.35606250000000017,0.4570703125000002,0.1868671875000001
4500,1.788302734375,0.35879296875000005,0.4534765625,0.18773046874999993
4600,1.7927621093749997,0.36096093749999997,0.45155078124999987,0.18748828124999994
4700,1.7960496093750002,0.3629960937500001,0.4505429687499998,0.18646093750000003
4800,1.798361328124999,0.36457812500000014,0.45092968749999973,0.18449218749999993
4900,1.7995316406250006,0.3655625,0.45091406249999993,0.18352343750000003
5000,1.8005558593749993,0.36613671875000003,0.45025390625000017,0.18360937500000005
5100,1.80307890625,0.36793750000000003,0.44917578125000013,0.18288671874999998
5200,1.8058222656249998,0.37023437500000006,0.4474414062500001,0.18232421875000013
5300,1.8057644531249992,0.37007421875,0.4476093749999999,0.18231640625000003
5400,1.8087371093749984,0.3718007812500002,0.44730468750000013,0.18089453124999996
5500,1.8090531249999997,0.37196875,0.44716015624999994,0.18087109374999993
5600,1.80754140625,0.37115234375000017,0.44708203125000023,0.18176562499999996
5700,1.8088539062499998,0.3710078124999998,0.4462226562500002,0.18276953125000006
5800,1.8118015625000008,0.37233593749999994,0.44387500000000013,0.18378906250000002
5900,1.8130593750000004,0.37285937499999994,0.44291796875000017,0.18422265624999992
6000,1.8154617187500006,0.37392578124999976,0.44129296874999996,0.18478125000000004
6100,1.8196121093749997,0.37605859375000006,0.43925000000000003,0.1846914062499999
6200,1.8248910156250004,0.3785312500000001,0.43485937499999994,0.18660937499999997
6300,1.8304960937500006,0.3808320312500001,0.43167187500000004,0.18749609374999993
6400,1.8338640625000002,0.3824531250000002,0.42966015625,0.18788671875000001
6500,1.835855859375,0.38376171875,0.42817968749999985,0.18805859375000006
6600,1.8394156250000004,0.38544531249999986,0.4274062500000001,0.18714843750000007
6700,1.8417554687500013,0.3865195312500001,0.4265703124999999,0.1869101562500001
6800,1.8434804687499997,0.38723828124999987,0.4251406249999998,0.18762109374999997
6900,1.8430687499999987,0.38742968749999995,0.42537890624999997,0.18719140625
7000,1.843166015625,0.38762500000000005,0.42613281250000007,0.18624218749999996
7100,1.84405390625,0.38883593750000006,0.4271445312500001,0.1840195312500001
7200,1.844378906249999,0.38899609375000005,0.42771875,0.18328515625000008
7300,1.8436468749999997,0.3887343750000001,0.4277187500000001,0.18354687500000003
7400,1.8437160156249994,0.3891523437500001,0.42608593749999996,0.18476171874999991
7500,1.84506875,0.38971484375000004,0.42560937499999996,0.18467578124999998
7600,1.8475988281250002,0.3915468750000001,0.4248984374999998,0.18355468749999995
7700,1.8511343749999989,0.39282421875000006,0.42249218749999984,0.18468359374999993
7800,1.8544484374999999,0.3952539062500001,0.41995703124999995,0.18478906249999996
7900,1.858134765625001,0.39620703125,0.41734765625000003,0.18644531250000002
8000,1.860857812499999,0.3973203124999999,0.4158749999999999,0.18680468750000012
8100,1.8636042968749997,0.39853124999999995,0.4142148437499998,0.1872539062499999
8200,1.864498828125,0.39846875,0.41335546875,0.18817578124999998
8300,1.8659374999999994,0.39942968749999996,0.41341015625000005,0.18716015624999996
8400,1.8656382812499988,0.39962890624999986,0.41324609375000015,0.18712499999999999
8500,1.8661343750000003,0.3992421874999999,0.41156640625,0.18919140625000003
8600,1.867075781249999,0.3998437499999997,0.4119218749999999,0.18823437500000004
8700,1.869825000000001,0.4008125000000001,0.4103320312499998,0.18885546874999995
8800,1.8687097656250002,0.4000546875,0.4119999999999997,0.18794531250000007
8900,1.8694121093750005,0.40079296875000003,0.41227343749999995,0.1869335937499999
9000,1.8692367187499987,0.40241406249999984,0.4152148437500001,0.18237109375000002
9100,1.8712277343750001,0.40424218749999996,0.4144726562500001,0.18128515625000005
9200,1.8734328125,0.4050859375,0.4130898437500001,0.18182421875000007
9300,1.8731656249999993,0.4053046874999999,0.4139218750000001,0.18077343750000008
9400,1.8734535156250005,0.4059453125,0.41327343749999973,0.18078125
9500,1.8712468750000004,0.40487890625000006,0.41529296874999994,0.17982812500000003
9600,1.8706207031249995,0.4043789062500001,0.41648828125000004,0.17913281250000018
9700,1.8675234374999992,0.4031601562499999,0.41841406250000013,0.17842578124999994
9800,1.8677179687499994,0.4036601562499999,0.4178398437500001,0.17850000000000005
9900,1.866362890625,0.4013437500000001,0.4182343749999999,0.180421875
10000,1.866454296874999,0.40107031250000014,0.41750390624999995,0.18142578124999995
10100,1.8662941406250002,0.400671875,0.41525390624999986,0.18407421875000007
10200,1.8666480468749995,0.4000859375000001,0.4157343749999997,0.1841796874999999
10300,1.8686023437500003,0.40190234374999995,0.41469921875000004,0.18339843750000007
10400,1.871675,0.40343750000000006,0.41228125000000004,0.18428124999999998
10500,1.8765242187499998,0.40546093750000006,0.40924609375,0.18529296874999995
10600,1.8812410156249997,0.40727343750000006,0.4055859374999999,0.18714062500000014
10700,1.8841960937500002,0.4091835937500001,0.4043789062499996,0.18643750000000003
10800,1.8840941406249998,0.40916796875000017,0.4050859375000001,0.1857460937499999
10900,1.88414140625,0.4089609375000003,0.4055468750000001,0.1854921875
11000,1.8832917968749996,0.4088281249999999,0.40623437500000004,0.18493750000000006
11100,1.88106484375,0.4077968750000001,0.40856640625000024,0.18363671874999998
11200,1.8792078125000002,0.4071875,0.4094296875,0.18338281250000008
11300,1.8792125000000002,0.407203125,0.4092929687499999,0.18350390625000007
11400,1.8782050781250001,0.4065820312500001,0.4096171874999998,0.1838007812499999
11500,1.877344921875001,0.40609765624999994,0.40996484374999975,0.18393750000000003
11600,1.8782437499999998,0.40765234374999987,0.4099492187499998,0.18239843750000004
11700,1.8788562499999995,0.40766015625,0.4091328125,0.18320703124999993
11800,1.88155625,0.40888671875000004,0.408453125,0.18266015625000004
11900,1.8828164062499995,0.40989453124999997,0.4090703125000001,0.18103515625
12000,1.8835781250000003,0.4110820312500002,0.40880078125,0.18011718750000003
12100,1.885616796875,0.41243359374999994,0.40831640624999993,0.17925000000000002
12200,1.888170703125,0.4139570312499997,0.40694531249999993,0.17909765625000004
12300,1.8867554687500003,0.41357031250000004,0.4088007812499999,0.17762890625000005
12400,1.8843570312500002,0.4122656250000001,0.4097382812500001,0.17799609374999997
12500,1.8826820312500003,0.41130078124999997,0.4095078124999999,0.17919140625
12600,1.882855078125,0.4117343750000001,0.4107148437499999,0.17755078124999996
12700,1.8821535156249993,0.41097656250000003,0.4103945312499999,0.17862890624999994
12800,1.8820984374999998,0.41033203124999995,0.4090859375000002,0.18058203125000008
12900,1.8833820312500007,0.41011328124999985,0.40782812499999976,0.18205859375
13000,1.8838917968749989,0.4101367187499999,0.4060898437500003,0.1837734375
13100,1.8855105468749997,0.41007421875000005,0.40456640624999984,0.185359375
13200,1.8882609375000006,0.41160546875,0.40258984375000006,0.18580468750000007
13300,1.8910843750000004,0.4129296875000001,0.4023476562500001,0.18472265625000003
13400,1.8937796874999997,0.4143281250000001,0.3999374999999999,0.18573437499999998
13500,1.8921531249999999,0.41392578124999996,0.40135156250000004,0.18472265624999998
13600,1.8920234374999996,0.4139921875000001,0.40160156250000006,0.18440625000000005
13700,1.8925832031249987,0.41407812499999985,0.4002734375000001,0.18564843750000012
13800,1.8941886718750012,0.4145507812499997,0.39974609374999975,0.18570312500000008
13900,1.895985546875001,0.41594531250000005,0.39947265625000017,0.18458203125000008
14000,1.893785546875001,0.41568750000000004,0.4018515625000003,0.1824609374999999
14100,1.8915191406250003,0.41440234375,0.4042343750000001,0.18136328124999995
14200,1.890162890625001,0.4135234375000001,0.40551953125000006,0.18095703124999996
14300,1.8884124999999996,0.41326171875000006,0.40762109375,0.17911718749999994
14400,1.8874617187499998,0.41270703124999986,0.4076640625000001,0.1796289062499999
14500,1.8870671874999998,0.41250390624999994,0.40712109374999983,0.18037499999999992
14600,1.8862097656249999,0.4122734375000001,0.40662890625,0.18109765625000007
14700,1.887172265625,0.41268359375000013,0.40641015625,0.18090625000000005
14800,1.8893054687499993,0.4137109375,0.40605078125,0.18023828124999997
14900,1.8900707031249997,0.4141289062500001,0.40431640625,0.18155468750000006
15000,1.8913804687499993,0.41557812499999985,0.4039453124999999,0.18047656249999994
15100,1.8929929687499998,0.41570703125,0.40152734375000015,0.1827656250000001
15200,1.8939624999999993,0.41571484375,0.4017890624999999,0.18249609374999995
15300,1.8935781250000006,0.4156132812500001,0.40176953125000003,0.1826171875
15400,1.8946585937500002,0.41548046875000005,0.3999414062499999,0.1845781249999999
15500,1.8949191406249994,0.4148281249999999,0.39968750000000014,0.185484375
15600,1.8936695312499987,0.41423828124999995,0.39993359375,0.18582812500000004
15700,1.8954429687499994,0.4148632812500001,0.39946484375,0.18567187500000007
15800,1.8966777343749996,0.41583593750000014,0.399375,0.1847890625
15900,1.8989878906249997,0.41708984374999997,0.39879687499999994,0.18411328125000004
16000,1.899815625,0.41816796874999995,0.3984570312500001,0.18337499999999982
16100,1.9009125000000004,0.41866796874999984,0.39849609375,0.18283593750000002
16200,1.901948046874999,0.41911328125,0.39776953125000003,0.18311718750000003
16300,1.8999285156249999,0.41771484375,0.39913671875000006,0.18314843750000007
16400,1.8978132812499993,0.41768749999999993,0.40173437500000003,0.18057812500000012
16500,1.8952089843749989,0.41667968749999984,0.40421875,0.1791015625
16600,1.8932457031249992,0.4170507812499998,0.40639062500000017,0.17655859375000005
16700,1.8891648437500015,0.4155156250000002,0.40875000000000006,0.17573437500000003
16800,1.8869921875,0.414359375,0.41038671875,0.1752539062500001
16900,1.8852707031249998,0.41389062500000007,0.4115859374999997,0.17452343750000007
17000,1.8865499999999995,0.4142382812499999,0.40933203125000006,0.17642968750000013
17100,1.887626562499999,0.4148007812499998,0.4078789062499999,0.17732031250000002
17200,1.889749609375,0.4154648437499999,0.40595703125000004,0.1785781249999999
17300,1.8938609375000002,0.41752343749999987,0.40148046874999993,0.18099609374999995
17400,1.8997476562499995,0.4200664062499999,0.3972734375,0.1826601562500001
17500,1.9050257812499993,0.42227734375000026,0.39343750000000016,0.18428515625000005
17600,1.9095749999999996,0.42456249999999995,0.39181640625,0.18362109375000002
17700,1.9115832031250002,0.426140625,0.39222656250000004,0.18163281249999993
17800,1.9130453125000009,0.4271484374999999,0.3915234375000004,0.18132812499999992
17900,1.913141015625,0.4268281249999999,0.39160546874999996,0.18156640624999995
18000,1.9144558593750003,0.42780078124999993,0.3908437500000001,0.18135546875000003
18100,1.9159812499999997,0.42791015625000006,0.39051562500000003,0.18157421875000002
18200,1.916580078125,0.42828906250000015,0.39064062499999985,0.18107031249999997
18300,1.917667578125001,0.4278515625,0.3890585937499998,0.18308984375000004
18400,1.9184421875000006,0.4275703125,0.38804296874999994,0.18438671874999993
18500,1.9187480468749996,0.4281210937499999,0.38837499999999997,0.18350390625000002
18600,1.9189433593749998,0.4289453125000002,0.38881250000000006,0.18224218749999999
18700,1.918451953125001,0.4290507812500001,0.3895195312500001,0.1814296875
18800,1.9173828125,0.42746875,0.38962890625000013,0.18290234375000008
18900,1.9148562500000001,0.42591015624999984,0.39116015625,0.18292968750000002
19000,1.9129824218749993,0.424953125,0.39214453124999976,0.18290234375000003
19100,1.9117238281249993,0.4245234375,0.3933125000000002,0.18216406249999997
19200,1.9115710937500006,0.42421093749999994,0.39232421875000023,0.18346484375000005
19300,1.9111667968749995,0.4238359375,0.39383203125,0.18233203125000005
19400,1.9103570312500007,0.4233007812499998,0.39357031249999996,0.18312890624999986
19500,1.9094574218750002,0.4232499999999999,0.3934765624999999,0.18327343750000002
19600,1.9108851562500004,0.42364062500000016,0.39252734375000026,0.18383203124999994
19700,1.9123109375000007,0.42395703125000006,0.39117578125,0.18486718750000003
19800,1.9126367187500009,0.4241445312500001,0.3900468749999999,0.18580859375
19900,1.9121765625,0.42402734375000006,0.39031640624999986,0.18565625000000005
20000,1.9102121093750002,0.42294140625000004,0.39216015624999984,0.1848984375
20100,1.9090683593750009,0.4223671874999999,0.3932929687500001,0.18433984374999993
20200,1.9092277343750004,0.42233203125000024,0.39283984374999986,0.18482812499999995
20300,1.9084214843749996,0.4227656250000001,0.3947812500000001,0.18245312500000016
20400,1.9084925781250004,0.42233984374999983,0.3945351562500001,0.183125
20500,1.910909375000001,0.4232265625,0.3925273437500001,0.18424609374999995
20600,1.9137105468750002,0.42479687499999963,0.3902773437500002,0.1849257812500001
20700,1.9152296875000008,0.42486328125,0.3892890624999999,0.18584765625000002
20800,1.915138671875,0.42480859375,0.3889257812499999,0.18626562500000007
20900,1.9150734374999991,0.4254179687500002,0.38909765625000015,0.18548437500000006
21000,1.9148195312499998,0.42503515624999993,0.3886796875,0.18628515625000008
21100,1.9153992187500002,0.42602734375,0.39080078124999984,0.18317187499999996
21200,1.9141347656250007,0.4261835937499999,0.3918125000000001,0.18200390624999993
21300,1.9123273437500004,0.42571874999999965,0.39344140625000007,0.18083984374999995
21400,1.9125152343749992,0.4263867187499999,0.3939921875,0.17962109374999996
21500,1.9130386718750008,0.42705859375000005,0.3948906249999999,0.17805078125
21600,1.9122472656250007,0.42674609374999994,0.3943671875000001,0.17888671874999998
21700,1.913055468749999,0.42723046874999987,0.3937148437500001,0.1790546875
21800,1.9131605468749997,0.4277929687500001,0.39338281249999996,0.17882421875
21900,1.9137250000000008,0.42720312500000013,0.39172656249999993,0.18107031250000002
22000,1.9140507812500005,0.4272421875000001,0.39199609374999983,0.18076171875
22100,1.9162027343749997,0.4276093750000001,0.3902890625,0.1821015625
22200,1.9177367187500005,0.42828515624999997,0.3896601562499998,0.18205468749999998
22300,1.92098046875,0.4295898437499999,0.386765625,0.18364453125
22400,1.9252601562499994,0.4321328124999999,0.38440234375000015,0.18346484375000005
22500,1.930212500000001,0.43417187499999993,0.38089453125,0.18493359374999996
22600,1.9329597656249995,0.43514843750000026,0.37944140625,0.18541015624999993
22700,1.9368453124999996,0.43723828125000014,0.3773984375000001,0.18536328124999996
22800,1.9380445312499999,0.43766796875000025,0.3770625,0.18526953125
22900,1.9359222656249997,0.4363007812499998,0.3790468750000001,0.1846523437500001
23000,1.9350480468750004,0.43592578125,0.37917578125,0.18489843749999998
23100,1.934779296875,0.43610156250000004,0.38032421875,0.18357421875000005
23200,1.9339152343750001,0.4362734374999998,0.3804648437499999,0.1832617187499999
23300,1.9322386718750006,0.43566015624999993,0.38259765624999986,0.1817421875
23400,1.929865625,0.43459765625000013,0.38415234375,0.18125000000000002
23500,1.9284171874999994,0.43385546875000025,0.38626562499999995,0.17987890625000005
23600,1.9254753906250006,0.43248828125000005,0.3868554687500001,0.18065625
23700,1.9261816406249999,0.43199609375000025,0.38496874999999997,0.18303515624999997
23800,1.927212499999999,0.4329687500000001,0.3848984374999999,0.18213281249999996
23900,1.9271316406250003,0.43292187500000007,0.38491406250000004,0.18216406250000003
24000,1.9268121093749988,0.43240234375,0.38492578124999993,0.18267187499999998
24100,1.9283292968749999,0.43312109374999996,0.3836015625,0.18327734374999996
24200,1.92846640625,0.43301171875,0.38431640624999996,0.18267187499999998
24300,1.9281406250000004,0.4328906250000002,0.3840429687500001,0.18306640625000004
24400,1.9282023437500002,0.4327109375,0.38339843750000013,0.18389062499999997
24500,1.9298378906250009,0.43308203124999994,0.38212109375000014,0.18479687500000014
24600,1.9301898437499987,0.4337421874999999,0.38198828125,0.18426953125
24700,1.932203125,0.43467187500000004,0.3808203124999999,0.18450781249999992
24800,1.9348410156250009,0.43600390624999985,0.37961328124999993,0.1843828125000001
24900,1.9376468750000004,0.43699218749999996,0.3786679687499999,0.18433984374999998
25000,1.9387566406250005,0.43817187500000004,0.3782929687499999,0.18353515625000003
25100,1.9383953124999989,0.4381875000000002,0.3782734375000001,0.18353906249999988
25200,1.9407910156250001,0.4395039062500002,0.37658984375,0.18390624999999997
25300,1.9422648437499996,0.4402656250000002,0.37599218750000013,0.18374218750000001
25400,1.9403949218749998,0.44037109375000005,0.3765703125000002,0.18305859375000003
25500,1.9406160156250003,0.43981250000000005,0.37715625,0.18303124999999998
25600,1.9391722656249997,0.4382343750000002,0.37749609375000015,0.18426953125000003
25700,1.9374710937499997,0.4373164062499999,0.3787851562500002,0.18389843749999998
25800,1.9359378906250004,0.43634765625000005,0.37958593749999997,0.18406640624999995
25900,1.9341476562500004,0.43523437500000006,0.37962109375000014,0.18514453124999994
26000,1.9317175781250002,0.4331484375000001,0.3806210937500001,0.18623046875000007
26100,1.9316859374999997,0.43338671875,0.38069531249999977,0.18591796875000008
26200,1.929436328125001,0.43207421875,0.381859375,0.1860664062500001
26300,1.927229296875,0.4311132812500002,0.38291796875000006,0.18596875
26400,1.9277882812499998,0.43205078124999996,0.3828125000000001,0.18513671874999987
26500,1.9291828124999997,0.4327226562500001,0.38135546875,0.18592187499999996
26600,1.9297621093749997,0.43317968750000013,0.38189062500000004,0.18492968750000005
26700,1.9306640625000013,0.43434375,0.38182421874999994,0.18383203124999994
26800,1.9323203125,0.4350742187499999,0.37906640624999993,0.18585937499999997
26900,1.9331300781250007,0.4358320312500003,0.3795234375,0.18464453124999994
27000,1.9340195312500001,0.4366953125000001,0.37994140625,0.18336328125000004
27100,1.9347031250000004,0.43634375,0.3799960937500001,0.18366015625
27200,1.9354828125,0.43665234375,0.3802148437500001,0.18313281249999996
27300,1.9369281249999994,0.43709765624999986,0.3790859374999999,0.18381640625000004
27400,1.9362593750000003,0.43771484374999997,0.38072265625,0.18156250000000007
27500,1.9346234375,0.4368085937500001,0.3808593749999998,0.18233203124999997
27600,1.93177265625,0.4357695312499999,0.3815625,0.18266796874999996
27700,1.9327777343749997,0.4357031249999999,0.38171874999999994,0.18257812500000004
27800,1.9318332031250003,0.43526562500000027,0.3821093750000001,0.18262499999999998
27900,1.9314019531249995,0.4353164062500001,0.38299609374999993,0.18168749999999995
28000,1.9295550781249997,0.4341679687500001,0.3842382812500001,0.18159375000000003
28100,1.93024375,0.43526953124999995,0.38475781249999996,0.17997265625000008
28200,1.9303480468749996,0.4353242187500002,0.38482031249999993,0.17985546874999994
28300,1.9312527343750008,0.43627734375,0.38322265625000007,0.18050000000000008
28400,1.9291023437499997,0.43555859375000006,0.3846445312500002,0.179796875
28500,1.9289140624999996,0.4352499999999999,0.38442968749999995,0.18032031249999994
28600,1.9285316406250006,0.4344960937499999,0.3852109375,0.18029296874999995
28700,1.9273863281250003,0.43497265624999976,0.38525000000000004,0.17977734375000004
28800,1.9282367187499998,0.43455078124999996,0.3843359374999999,0.18111328124999998
28900,1.9311062499999996,0.4354921875,0.38232812500000013,0.18217968749999996
29000,1.9331195312499998,0.43593359374999985,0.38048828125000006,0.18357812499999993
29100,1.9348093749999995,0.4373867187500001,0.3802812499999998,0.18233203125000003
29200,1.9344296875000004,0.437125,0.380296875,0.1825781249999999
29300,1.9334886718750004,0.43591796874999983,0.3808085937499999,0.1832734375
29400,1.932537500000001,0.4360703125,0.3815664062500001,0.18236328125000004
29500,1.9316359375000005,0.43509765625000013,0.3821992187500001,0.18270312499999994
29600,1.93226015625,0.43454296875000015,0.38089453125,0.1845624999999999
29700,1.9337820312500003,0.43497656250000005,0.3796562500000002,0.1853671875
29800,1.9341363281250001,0.4353710937500002,0.3796093749999999,0.18501953125000006
29900,1.9343894531249992,0.43512109374999997,0.3774687500000001,0.1874101562499999
30000,1.9365746093750003,0.43573046875000004,0.37660937499999997,0.18766015624999993
30100,1.935733203124999,0.43573046874999993,0.3780742187499998,0.18619531250000004
30200,1.9366660156249997,0.43651171875000006,0.3774882812500001,0.18599999999999994
30300,1.9345875000000003,0.43531250000000005,0.37944140624999956,0.18524609374999998
30400,1.9356480468750006,0.43609375000000006,0.37885937499999994,0.18504687500000003
30500,1.9342945312499997,0.4349335937499998,0.37929687499999976,0.18576953124999995
30600,1.93491796875,0.43504687500000006,0.37878906250000005,0.18616406249999998
30700,1.934693359375,0.43459765624999996,0.3781328125000002,0.18726953125000007
30800,1.9367371093750003,0.43567968749999997,0.3760859374999998,0.18823437500000004
30900,1.9384519531250004,0.4366640624999999,0.37549609375000004,0.18783984374999999
31000,1.9398843749999997,0.4375273437500001,0.37495703125,0.18751562500000005
31100,1.9396890625000007,0.4381484375000001,0.3765468750000001,0.1853046875
31200,1.9383761718750003,0.43776562499999994,0.37763671874999977,0.18459765625000005
31300,1.937277343749999,0.43664453125,0.37853125000000004,0.18482421874999994
31400,1.9362425781250006,0.43600390624999996,0.3788398437500001,0.18515624999999994
31500,1.9351292968750002,0.4354609375000001,0.378671875,0.18586718750000003
31600,1.9357472656249992,0.4356757812500001,0.3776171875,0.18670703125000002
31700,1.937272656250001,0.4362031249999998,0.3766796874999997,0.18711718749999984
31800,1.937399609375,0.4366796875000001,0.3770742187499999,0.18624609374999995
31900,1.9367183593750006,0.4363828125000002,0.37757031249999995,0.18604687499999997
32000,1.9354921875,0.43548828125,0.37821484375000003,0.18629687500000006
32100,1.9351859374999998,0.43554687499999983,0.3786093749999998,0.18584374999999995
32200,1.9351621093750002,0.43631640625000007,0.3801718749999999,0.18351171875000008
32300,1.9345917968750002,0.43652734374999985,0.38103125000000015,0.18244140624999985
32400,1.9327269531249998,0.43541796874999994,0.3834062500000002,0.18117578124999997
32500,1.9300773437500005,0.4342734375,0.3846875000000002,0.18103906250000001
32600,1.9289105468749996,0.4336914062499999,0.3851484375000001,0.18116015624999993
32700,1.9252625000000005,0.43202734375000007,0.3878984374999999,0.18007421875000001
32800,1.9210492187499992,0.43019921874999995,0.38996484375,0.1798359375
32900,1.9205000000000008,0.42961328125000003,0.38946875000000014,0.18091796875000013
33000,1.919845703125001,0.43012890625000016,0.39030468750000014,0.17956640625000003
33100,1.920575,0.43011718750000016,0.38735546875000004,0.1825273437499999
33200,1.9219457031250007,0.4304492187500002,0.38693750000000005,0.18261328124999995
33300,1.9213394531250005,0.4305859375000001,0.3883828125,0.18103125
33400,1.9214800781249988,0.42956250000000007,0.3872773437499999,0.18316015625000004
33500,1.919698046875,0.42877343749999985,0.38792968749999995,0.18329687500000003
33600,1.9180386718749998,0.42801953124999986,0.38936718749999993,0.18261328125
33700,1.919573437499999,0.42860156250000003,0.38757812500000005,0.1838203125
33800,1.9214992187499988,0.4299882812500002,0.3865976562499999,0.18341406249999995
33900,1.9226023437499993,0.4296367187500001,0.38573437499999985,0.1846289062499999
34000,1.9234925781250007,0.43046875,0.3862851562499999,0.18324609374999998
34100,1.9266628906249994,0.4319453125000003,0.3831093749999999,0.1849453125
34200,1.9298582031249998,0.43313671875000004,0.38160546874999984,0.18525781249999992
34300,1.9314109375,0.4337929687500002,0.38032421874999983,0.1858828125
34400,1.931750390624999,0.43410546874999995,0.38084765624999994,0.18504687499999997
34500,1.9289988281250003,0.4336015625000002,0.3828203125,0.18357812500000004
34600,1.9291117187499995,0.43278125,0.38292968750000006,0.1842890625
34700,1.9284679687499986,0.4325664062499999,0.38393359374999997,0.1835
34800,1.9274250000000002,0.43177343749999997,0.38514843749999994,0.18307812500000004
34900,1.9253628906250009,0.4319531249999999,0.3864492187499999,0.18159765624999996
35000,1.9252031249999995,0.4314414062500001,0.387765625,0.18079296874999998
35100,1.9245019531249998,0.43178124999999984,0.3883046875,0.17991406250000008
35200,1.9240742187500004,0.4317578125,0.38901171874999996,0.17923046874999998
35300,1.9230164062500004,0.4314531249999996,0.3893515625,0.17919531249999995
35400,1.9223257812500008,0.43121093749999995,0.38896875,0.17982031249999997
35500,1.9212292968750007,0.43045703125000007,0.39014062499999996,0.17940234375000003
35600,1.921274609375,0.43085156249999984,0.39030468749999986,0.17884374999999994
35700,1.9201203125000001,0.43084765625000004,0.39121874999999995,0.17793359374999992
35800,1.920525,0.4297656249999998,0.38974218750000017,0.1804921874999999
35900,1.9189058593749995,0.4281601562499999,0.3911679687499998,0.180671875
36000,1.9156910156249995,0.42684375,0.39385546874999994,0.17930078124999987
36100,1.9131378906249998,0.4251054687500001,0.39458203125,0.1803125000000001
36200,1.9141367187499994,0.4248515625000001,0.3922890625,0.182859375
36300,1.914916796875,0.42459374999999994,0.3911679687500001,0.18423828125
36400,1.9147566406250005,0.42452343749999993,0.3909218749999999,0.1845546875
36500,1.9139539062500004,0.423578125,0.3905781249999999,0.18584374999999997
36600,1.9135007812500011,0.42384765625,0.3908046875,0.18534765625000005
36700,1.914455078125,0.4238710937500001,0.3900820312499998,0.186046875
36800,1.9153570312500006,0.42479687499999985,0.3892382812500002,0.18596484375000003
36900,1.9145046874999998,0.4243398437499999,0.39055859375,0.1851015625
37000,1.9114644531250007,0.4227226562500001,0.39185546875000005,0.1854218750000001
37100,1.90993203125,0.42216796875000023,0.39347265625,0.184359375
37200,1.9080429687499998,0.42184765625,0.3944375000000001,0.18371484375000008
37300,1.905237109375,0.4203828125000001,0.3950624999999999,0.1845546875
37400,1.9042781249999998,0.4196679687500001,0.3954335937500002,0.18489843749999998
37500,1.904697265625001,0.42015625000000006,0.3942070312500002,0.1856367187500001
37600,1.907598046875,0.42088671875,0.3916640625000001,0.18744921874999998
37700,1.910692578124999,0.4219882812500001,0.3898281249999999,0.18818359375000007
37800,1.9138226562500003,0.4237343750000001,0.38809375000000007,0.188171875
37900,1.9169566406250005,0.4243671874999999,0.38694921875000005,0.18868359375000002
38000,1.9191617187499999,0.42608593749999985,0.38627734375000006,0.18763671875000001
38100,1.9192878906249997,0.4269140624999999,0.3862734374999999,0.1868125
38200,1.9222097656250003,0.4282460937499998,0.38367968750000003,0.18807421875000008
38300,1.9231187499999998,0.4283828124999999,0.3837187499999999,0.1878984375
38400,1.9234312499999988,0.4280820312499998,0.38353125000000005,0.18838671874999996
38500,1.9226582031250004,0.42879687500000013,0.38474609374999985,0.1864570312499999
38600,1.9185460937499996,0.4269335937499999,0.38789062500000016,0.18517578124999998
38700,1.9166410156249991,0.42580078125,0.38957421875,0.184625
38800,1.9149136718750015,0.42502734374999995,0.3909765624999999,0.18399609374999998
38900,1.9147679687499997,0.4246562500000001,0.38993749999999977,0.18540625000000002
39000,1.9141929687499997,0.42402343749999993,0.39081250000000006,0.18516406249999995
39100,1.9133816406250004,0.4238671875000001,0.39123046874999984,0.18490234375
39200,1.9136292968749997,0.42406640625,0.39042968750000007,0.18550390624999996
39300,1.9147570312500004,0.42480859374999985,0.38990625,0.18528515625
39400,1.913201953125,0.42478124999999994,0.3922265625,0.1829921875
39500,1.912012109375,0.42449218750000006,0.3933007812500001,0.1822070312499999
39600,1.9092281249999992,0.42348828125000004,0.39589843749999987,0.1806132812499999
39700,1.9082417968750003,0.4230585937499998,0.3970507812500001,0.1798906249999999
39800,1.907510546875,0.4228203124999999,0.3968164062499998,0.18036328125
39900,1.9091652343749994,0.42403125,0.39591406249999994,0.1800546875
40000,1.9077800781250007,0.42286328125000033,0.39638281249999974,0.18075390625000004
40100,1.9081183593749993,0.42345703125,0.3953164062500002,0.18122656250000005
40200,1.9097050781249991,0.42368359375000014,0.39292578124999983,0.18339062499999997
40300,1.91212109375,0.42530468750000017,0.39256640625,0.18212890625000008
40400,1.9121554687499998,0.4255820312500001,0.3929023437500001,0.18151562500000012
40500,1.9117261718749996,0.42592578124999997,0.39364453125000004,0.18042968750000007
40600,1.910541015625,0.42514062499999994,0.3940078125000001,0.18085156249999998
40700,1.9099500000000003,0.4248320312499999,0.39421484375,0.180953125
40800,1.9093519531250012,0.42441406250000013,0.3951015625000001,0.18048437500000006
40900,1.908168359375,0.4239687499999999,0.3950351562499999,0.18099609374999992
41000,1.9048800781249993,0.42279687499999985,0.39806250000000015,0.17914062499999994
41100,1.9037019531249997,0.42179687499999996,0.3982343749999997,0.1799687500000001
41200,1.9051640625,0.42198046875000006,0.39623437499999986,0.18178515625000008
41300,1.9052261718750003,0.42174218750000003,0.3960468749999999,0.18221093749999995
41400,1.9047757812500015,0.42157421875000006,0.39612109374999993,0.18230468749999998
41500,1.9068839843749996,0.42223828125,0.39427343750000016,0.18348828125000013
41600,1.9074480468749995,0.42178906250000026,0.3930312500000003,0.18517968750000005
41700,1.907538671875,0.4219140624999999,0.3932109375000001,0.1848749999999999
41800,1.9090550781250004,0.42254687500000015,0.39203125000000005,0.18542187499999996
41900,1.9088945312500003,0.4224257812499999,0.39273828125000015,0.18483593750000002
42000,1.9098914062500003,0.4237109375,0.3922031250000001,0.18408593750000016
42100,1.9116945312499996,0.42478906250000015,0.3914218750000001,0.1837890624999999
42200,1.9129269531250008,0.4246718749999999,0.3897187499999999,0.18560937500000005
42300,1.9136199218749994,0.42542968750000004,0.38899609374999994,0.1855742187500001
42400,1.913348046875001,0.42471875000000003,0.3888593749999999,0.18642187500000013
42500,1.911364062499999,0.42438281250000004,0.39018359374999995,0.18543359375000001
42600,1.910394921875,0.42323828124999996,0.390390625,0.18637109374999997
42700,1.90986015625,0.42232812500000005,0.39054687500000007,0.187125
42800,1.908983203125,0.42196875,0.3909296875,0.18710156250000004
42900,1.9108328125000005,0.42340625000000015,0.39044140624999996,0.18615234374999995
43000,1.9103628906250003,0.42333984375000017,0.39196484374999996,0.1846953125000001
43100,1.9094984375000008,0.4238984375,0.39218749999999997,0.1839140625
43200,1.9099691406250006,0.4241093749999999,0.3925742187499999,0.18331640625
43300,1.9112195312500004,0.42461328125000003,0.3913749999999999,0.18401171875000005
43400,1.9124246093750008,0.42422656249999974,0.39032421874999984,0.18544921875000006
43500,1.9124890625000004,0.4246601562499999,0.39078515624999993,0.18455468750000004
43600,1.9107417968750005,0.42367578125000005,0.39252343749999996,0.18380078125
43700,1.9081960937500004,0.42160156249999975,0.39399609375,0.1844023437500001
43800,1.9082597656249998,0.42183984374999994,0.39355078125,0.18460937500000002
43900,1.9063605468749996,0.42215234375000005,0.3953398437499997,0.1825078125
44000,1.9066820312500008,0.42214453125000007,0.3946796875000001,0.18317578125
44100,1.9095078124999996,0.4245117187500001,0.3937695312500002,0.1817187499999999
44200,1.9108054687500002,0.4251132812499998,0.39325,0.18163671875000004
44300,1.914035937500001,0.42685546875,0.3904140624999997,0.18273046875000004
44400,1.9169261718750001,0.4281601562500001,0.3891249999999999,0.18271484375000002
44500,1.9168832031250003,0.42797265625000014,0.38977343750000004,0.1822539062500001
44600,1.9165625,0.42835546875,0.39042968749999996,0.18121484374999994
44700,1.9158679687500002,0.42801562500000007,0.3910312500000003,0.18095312499999983
44800,1.9154683593750008,0.428640625,0.3920898437499999,0.17926953124999995
44900,1.9159878906249999,0.42841406249999986,0.39166796874999993,0.17991796874999996
45000,1.9190421874999999,0.4296093750000002,0.3897890625,0.18060156250000006
45100,1.9202992187499983,0.43068749999999995,0.38970703125000006,0.17960546875
45200,1.9214820312499992,0.4315234375000002,0.3885234374999999,0.179953125
45300,1.9222800781249998,0.43201953125000003,0.38879296874999986,0.17918750000000003
45400,1.9236484375,0.4333320312500001,0.38834375000000004,0.17832421875
45500,1.9244578125000003,0.43394531250000007,0.38729296874999986,0.17876171875
45600,1.9271855468749999,0.43457421874999985,0.38501953125000005,0.18040625000000007
45700,1.9284589843750002,0.4349257812500002,0.38447265625000004,0.18060156250000003
45800,1.9300374999999992,0.4350195312499999,0.3828828125,0.18209765624999996
45900,1.930955859375,0.43567187499999993,0.383046875,0.18128125000000003
46000,1.9297539062500002,0.4348632812500001,0.3837773437500001,0.18135937499999996
46100,1.9278316406249993,0.4343828125000001,0.38571093749999996,0.17990625000000005
46200,1.9252078124999994,0.43256640625000015,0.3868671875,0.18056640625
46300,1.9245292968749992,0.43310156250000004,0.3867851562499998,0.18011328124999998
46400,1.9239851562499992,0.4329335937499999,0.3863320312499998,0.18073437500000003
46500,1.92385859375,0.43255859374999994,0.3865273437500001,0.18091406250000006
46600,1.9245359375000006,0.43282812500000006,0.3864843749999999,0.18068749999999992
46700,1.9275667968749999,0.43354296875000015,0.38424218750000005,0.18221484375000002
46800,1.9291539062499996,0.43481640625000006,0.38289843749999997,0.1822851562499999
46900,1.9320183593749995,0.43613281249999986,0.38143359375,0.18243359375000004
47000,1.934669140625,0.4373867187500001,0.38029296875000007,0.1823203125
47100,1.9360503906249995,0.4383554687499999,0.37982812499999996,0.18181640624999998
47200,1.9375390625000004,0.43912109374999997,0.3793164062500001,0.18156249999999996
47300,1.935906640625,0.4373476562500001,0.38023046875000005,0.18242187499999993
47400,1.9365347656249998,0.43744140624999994,0.37978124999999985,0.1827773437500001
47500,1.9359710937499996,0.43764062499999995,0.3799375,0.18242187500000007
47600,1.9350964843749994,0.43760546874999995,0.38257031249999984,0.17982421874999996
47700,1.9340777343750006,0.43706640625,0.3826328125000001,0.18030078125000004
47800,1.9330898437500001,0.4366718749999999,0.38232031250000015,0.18100781250000003
47900,1.9345601562499994,0.4376171874999999,0.38144921875,0.18093359374999998
48000,1.9341933593749998,0.43748828125000033,0.3802304687499999,0.18228124999999995
48100,1.9376058593749999,0.43859765624999997,0.3777187500000001,0.18368359375000004
48200,1.9392800781250004,0.43959765624999986,0.3768867187500003,0.1835156250000001
48300,1.9402097656250004,0.4401484375,0.37635156249999996,0.18350000000000002
48400,1.9404183593750006,0.4406210937499999,0.37725781249999985,0.18212109374999993
48500,1.9411617187500014,0.4404023437499997,0.3759804687500001,0.18361718750000008
48600,1.9421617187500002,0.4414453124999999,0.37671484375000003,0.18183984374999992
48700,1.9415035156250002,0.44165234374999995,0.37792578125000026,0.18042187499999993
48800,1.9381249999999997,0.43940625,0.3794609375000001,0.18113281250000005
48900,1.9360132812499997,0.43885937500000005,0.3818749999999999,0.179265625
49000,1.9335550781249997,0.43795703125,0.3838359375,0.17820703125000006
49100,1.9316265624999995,0.43787890625000003,0.3851484375,0.17697265625000005
49200,1.932185937500001,0.437734375,0.3841054687499999,0.17816015624999987
49300,1.9313101562500006,0.4369492187499999,0.3832578124999999,0.17979296874999984
49400,1.9345148437499997,0.43705859375,0.3803867187499999,0.1825546875
49500,1.9364921874999992,0.4377968749999999,0.37901171875000006,0.18319140625
49600,1.9399003906250005,0.43883984374999996,0.37541406250000003,0.18574609374999998
49700,1.9427785156249993,0.4396679687500003,0.37423046875,0.18610156250000007
49800,1.9427164062500002,0.4400156249999999,0.374828125,0.18515625000000002
49900,1.9436914062500001,0.4400585937500001,0.37464062500000034,0.18530078125
50000,1.9411085937499997,0.43966406249999984,0.3760078124999998,0.18432812499999993
50100,1.939934374999999,0.43945703125000024,0.37730859375,0.1832343749999998
50200,1.9401019531250001,0.43978124999999996,0.3770546874999999,0.1831640625
50300,1.939000390625,0.4388359375,0.37812109375,0.18304296875
50400,1.9363562499999998,0.43777343749999986,0.37982812499999996,0.18239843750000007
