step,mean_aspect_ratio,fraction_elongated,fraction_round,fraction_binary
100,1.0,0.0,1.0,0.0
200,1.0609218749999993,0.0032382812500000024,0.8296835937500001,0.167078125
300,1.0534171874999998,0.004886718749999999,0.8498945312500001,0.14521875000000004
400,1.050186328125,0.005699218749999996,0.85684375,0.13745703125000006
500,1.0495398437499996,0.0062812499999999934,0.8578203125000001,0.13589843750000005
600,1.0505335937499998,0.007078124999999996,0.8576328125000003,0.13528906250000003
700,1.0508289062499996,0.007679687499999993,0.85859375,0.13372656249999995
800,1.0528246093750002,0.00854296874999999,0.8561406250000003,0.13531640624999994
900,1.0547394531250003,0.009296874999999993,0.8542187500000004,0.13648437500000002
1000,1.0567195312500002,0.01036328124999999,0.8528710937500003,0.13676562499999995
1100,1.0591699218750004,0.011289062499999987,0.85090625,0.13780468749999997
1200,1.0621972656250005,0.012589843749999986,0.8485156249999996,0.13889453125
1300,1.064681640625,0.014074218749999989,0.8495859375,0.13633984375
1400,1.0687953125000003,0.015394531249999987,0.8479140625,0.13669140624999998
1500,1.0727976562499997,0.017164062499999997,0.8456171875000005,0.13721875000000003
1600,1.0762855468749999,0.01911718749999999,0.8458398437500001,0.13504296875000008
1700,1.0810875,0.021109374999999996,0.8440312499999998,0.134859375
1800,1.0861156249999997,0.023375000000000003,0.8423007812499995,0.13432421874999997
1900,1.0921828125000002,0.025808593749999994,0.8387304687499998,0.13546093750000002
2000,1.0981054687500003,0.028265624999999992,0.8366835937500003,0.13505078124999992
2100,1.1044015624999997,0.03074609374999998,0.8334296874999999,0.13582421875000006
2200,1.1105964843749994,0.03390234374999999,0.8318710937499997,0.13422656250000004
2300,1.1171023437499994,0.03696093749999999,0.8302812500000001,0.1327578125
2400,1.12288671875,0.03960156249999997,0.8286718750000002,0.1317265625
2500,1.129308984375,0.04256250000000002,0.8281289062499999,0.12930859374999998
2600,1.1364378906250001,0.04529296875,0.8253085937500003,0.12939843750000002
2700,1.143747265625,0.048464843749999986,0.8220937500000001,0.12944140625
2800,1.1504867187500003,0.05168750000000003,0.8197226562500002,0.12858984375000007
2900,1.1580066406249998,0.054992187500000005,0.8170976562499999,0.12791015625000002
3000,1.1658699218750004,0.058621093750000006,0.8142578125,0.12712109375
3100,1.1731624999999994,0.062230468750000004,0.81165625,0.12611328125
3200,1.1799167968750004,0.06503906250000001,0.8073398437500001,0.12762109374999997
3300,1.1882164062499991,0.06823828124999998,0.8027031250000004,0.12905859375
3400,1.1960480468749994,0.07157812500000003,0.7987734375000002,0.12964843749999996
3500,1.2034496093749996,0.07532421875000005,0.7945624999999997,0.13011328125000002
3600,1.2105667968750002,0.07841796875000002,0.7913164062499998,0.130265625
3700,1.2185140624999997,0.08174609374999997,0.7878476562500001,0.13040625000000003
3800,1.2260613281250001,0.08540234375000001,0.7847343749999999,0.12986328125000002
3900,1.2336082031250002,0.08832031250000003,0.7809648437499994,0.13071484375000003
4000,1.2406746093749998,0.0919375,0.7777539062499997,0.13030859374999995
4100,1.2486351562500002,0.09558203125000003,0.7737500000000004,0.13066796874999997
4200,1.25596953125,0.09929296875000003,0.7700859375000001,0.13062109375000003
4300,1.2632250000000005,0.1025,0.7669101562500003,0.13058984375
4400,1.2695183593750001,0.10493359375000001,0.7628867187499997,0.13217968749999992
4500,1.2767347656249999,0.10828515625,0.7601132812499999,0.1316015625
4600,1.2837015625,0.11127343750000004,0.7556054687499997,0.13312109375000009
4700,1.2898464843749997,0.11472265625000003,0.7529843749999996,0.13229296874999996
4800,1.296399218749999,0.11779687499999997,0.7498749999999998,0.13232812500000002
4900,1.3011500000000003,0.12019531249999997,0.7460703125,0.13373437500000002
5000,1.3066281249999996,0.1231328125,0.7440390625000004,0.13282812500000002
5100,1.3111992187499997,0.125140625,0.7424101562500002,0.13244921874999996
5200,1.3180855468750001,0.12822265625000004,0.7389882812499999,0.13278906250000003
5300,1.3253929687499995,0.13121875000000002,0.7332226562500003,0.13555859374999998
5400,1.3311750000000002,0.13385937499999997,0.7309375000000002,0.135203125
5500,1.3361878906250007,0.1355078125,0.7268476562499996,0.13764453124999998
5600,1.3418183593750004,0.13757031249999999,0.7234648437499993,0.13896484375
5700,1.3477644531250002,0.14019921874999994,0.7186914062500003,0.14110937499999998
5800,1.3534003906249998,0.14315624999999998,0.7163867187500002,0.14045703125000006
5900,1.3586847656250007,0.14519140625,0.7128789062499999,0.14192968749999996
6000,1.36271015625,0.14771484374999996,0.7120742187500002,0.1402109375
6100,1.3686640625,0.14985156250000006,0.7076249999999997,0.14252343749999996
6200,1.3729882812499994,0.152734375,0.7063203125,0.1409453125
6300,1.3766933593750001,0.15432812499999993,0.7042031249999999,0.14146874999999998
6400,1.3824746093750004,0.15698828124999997,0.7009882812500003,0.1420234374999999
6500,1.387709375,0.15884375000000006,0.6983085937500002,0.14284765625000004
6600,1.392580078125,0.16155078125000005,0.6954921875000004,0.14295703125000003
6700,1.39648984375,0.16340625000000006,0.6928398437500002,0.14375390624999998
6800,1.4005484375000001,0.16550781250000002,0.6903554687500001,0.14413671875000003
6900,1.4047523437500002,0.1679765624999999,0.6888632812499997,0.14316015624999998
7000,1.4096874999999995,0.170265625,0.6861914062499997,0.14354296874999994
7100,1.4140964843749997,0.17255468749999997,0.683421875,0.1440234375
7200,1.4183898437500004,0.1744492187499999,0.6815546874999998,0.14399609375000003
7300,1.4221265624999997,0.17603515625000002,0.6780351562499999,0.1459296875
7400,1.426487109375,0.17688671874999998,0.6745781250000001,0.14853515625000002
7500,1.42918515625,0.17819531250000004,0.6719570312499997,0.1498476562499999
7600,1.43143515625,0.17908984374999995,0.6716484375,0.14926171875000002
7700,1.4337402343749996,0.18045312499999996,0.6714296875000004,0.14811718749999989
7800,1.4376917968749996,0.18172656249999994,0.6688242187499996,0.14944921875
7900,1.4399109375000005,0.18377734374999996,0.66797265625,0.14825000000000008
8000,1.4419878906249997,0.1844296875,0.6672187500000002,0.1483515625
8100,1.4417281250000005,0.18522265625000017,0.6676679687499996,0.147109375
8200,1.44309609375,0.18657031249999995,0.6667578124999998,0.14667187500000003
8300,1.4465773437499994,0.18724999999999997,0.6641289062500001,0.14862109375000002
8400,1.4494593750000004,0.18846875000000005,0.6628125000000002,0.14871874999999996
8500,1.4542792968750007,0.1907734375,0.6601640625,0.1490625
8600,1.4561695312499991,0.19107812500000002,0.6585664062499998,0.15035546875000008
8700,1.4577031249999994,0.19269921875000012,0.65804296875,0.14925781249999992
8800,1.4596394531249999,0.19343750000000012,0.6565273437499995,0.15003515625000002
8900,1.4628816406249994,0.19497656249999998,0.6552070312499997,0.14981640625000003
9000,1.4659320312499995,0.19623828125000006,0.65369140625,0.1500703125
9100,1.4681085937500007,0.19751171874999987,0.6521679687499999,0.15032031250000003
9200,1.46979140625,0.19817968750000012,0.6508476562499999,0.15097265624999998
9300,1.470295703124999,0.19878906249999997,0.6514218750000002,0.14978906249999996
9400,1.4718457031249998,0.1987890625,0.6503867187500003,0.15082421875000007
9500,1.4736402343749995,0.19936328125,0.6496132812499998,0.1510234374999999
9600,1.475709375,0.20090625,0.6479609375000001,0.15113281249999988
9700,1.4787660156250004,0.20262890624999993,0.6461914062499998,0.15117968750000002
9800,1.4813917968749999,0.20360156249999997,0.6439648437500002,0.15243359375
9900,1.4826710937500005,0.20396875000000014,0.6428320312500002,0.15319921874999995
10000,1.4849746093750005,0.20507421874999998,0.6411484375000001,0.15377734374999996
10100,1.4875839843749998,0.2058359374999999,0.6392656249999997,0.15489843749999993
10200,1.4897507812500004,0.20692187500000006,0.6380859374999999,0.15499218750000002
10300,1.4905167968749995,0.20694531249999995,0.6382890625000002,0.15476562500000007
10400,1.490335546875,0.20761718749999994,0.6392773437500002,0.15310546875000003
10500,1.492233984375,0.20901171875000002,0.6399453124999999,0.15104296874999995
10600,1.4923675781249996,0.20939843749999987,0.6400585937499997,0.15054296874999995
10700,1.4933671874999999,0.20971093750000003,0.6378828125000001,0.15240625
10800,1.4945738281249996,0.21058984375000003,0.6378828125000001,0.15152734375
10900,1.4945496093750001,0.21069531249999993,0.6377070312500001,0.1515976562499999
11000,1.4950003906250002,0.21074999999999994,0.6376367187499999,0.15161328125000006
11100,1.4931296875000004,0.21013671874999998,0.6388281250000001,0.15103515624999997
11200,1.4926476562499995,0.21066406250000003,0.6401367187500002,0.14919921875
11300,1.4935273437500005,0.2107499999999999,0.6389414062499996,0.15030859374999997
11400,1.4952257812500005,0.21176953125000003,0.6387070312499998,0.1495234375
11500,1.4985363281250001,0.21250390625,0.6347851562499999,0.15271093749999992
11600,1.5019582031249998,0.21355078125000004,0.6323867187500004,0.15406250000000002
11700,1.5045140625000002,0.21475,0.6317421875000003,0.1535078125
11800,1.5060843750000006,0.21513671874999998,0.6307968749999998,0.15406640624999998
11900,1.5071886718749998,0.21592187499999999,0.6292343750000001,0.15484375
12000,1.5069667968750002,0.21611328125000007,0.6297695312499999,0.1541171875
12100,1.5073589843750006,0.21618359374999999,0.6299140624999998,0.15390234374999998
12200,1.506734765625,0.2159140625,0.63025390625,0.15383203125000003
12300,1.5061015625,0.21579296875,0.6307890624999998,0.15341796874999997
12400,1.5054542968750007,0.21623046875000002,0.6315976562500001,0.15217187499999998
12500,1.5054320312499994,0.21595703125000007,0.6316953125000003,0.15234765625000007
12600,1.5065582031250002,0.2163671875,0.6311601562500002,0.15247265625000003
12700,1.5078925781250003,0.21703906250000016,0.63069140625,0.15226953125000006
12800,1.509367578125,0.21774609375000004,0.6293710937499999,0.15288281250000005
12900,1.5094664062500007,0.2177421875,0.630203125,0.1520546875
13000,1.51015859375,0.21765625000000008,0.6290859374999997,0.15325781250000006
13100,1.5089171874999994,0.21770703125,0.6313125000000002,0.15098046875000007
13200,1.5087042968750004,0.21793359374999985,0.6309765625,0.15108984375000006
13300,1.5082804687500004,0.21768750000000006,0.6313476562500001,0.15096484374999997
13400,1.5075437499999995,0.21721875000000018,0.6302421875,0.15253906249999996
13500,1.5082113281249996,0.2172656250000001,0.6308007812499998,0.15193359374999993
13600,1.5109964843750008,0.21841015624999996,0.6276875000000003,0.15390234375000003
13700,1.5127910156249988,0.2193398437499999,0.6278203125000004,0.15283984375
13800,1.5114605468749993,0.21882031249999992,0.628765625,0.15241406250000003
13900,1.510765625,0.21886718750000006,0.6294453125000001,0.1516875
14000,1.5106582031250002,0.21861328124999999,0.6292968750000003,0.15208984375000006
14100,1.5095187499999998,0.21839062500000003,0.6298320312500002,0.15177734375000002
14200,1.51014140625,0.21782421874999985,0.6285312499999999,0.15364453124999997
14300,1.509257421875,0.2175546875000001,0.6290624999999997,0.1533828125
14400,1.50988125,0.21774218750000013,0.6295234375000001,0.152734375
14500,1.5091246093750001,0.21737890624999998,0.6305703125000001,0.15205078125000002
14600,1.5070671875,0.21724609374999992,0.6329570312500004,0.14979687499999997
14700,1.506492578125,0.21726171874999997,0.6326914062500002,0.15004687499999994
14800,1.5062703124999992,0.21663281249999994,0.6333515625,0.15001562500000004
14900,1.5061933593749999,0.21684765625,0.6323828125,0.15076953124999998
15000,1.5085929687499997,0.21733203124999995,0.63091796875,0.15175000000000002
15100,1.5101535156249999,0.2178437499999999,0.6297773437500003,0.15237890625000003
15200,1.5110296875000002,0.21765625000000008,0.62811328125,0.15423046875000002
15300,1.5131683593750005,0.217796875,0.6259101562500002,0.15629296874999993
15400,1.5139410156250002,0.21854687499999995,0.6251992187500003,0.15625390625000002
15500,1.5137675781250004,0.21846093749999998,0.6248476562499999,0.15669140624999997
15600,1.514329296875,0.21833984375,0.6244804687499999,0.1571796875
15700,1.5122976562499997,0.21794921875000006,0.6258046874999998,0.15624609375
15800,1.51081640625,0.21687500000000004,0.6268984374999996,0.1562265625
15900,1.5099976562499995,0.21638281250000002,0.6275937500000001,0.1560234375
16000,1.5100949218750004,0.21627734374999988,0.6276679687500003,0.1560546875
16100,1.512038671875,0.2170859375,0.6255781250000001,0.15733593749999997
16200,1.5152750000000004,0.218921875,0.6235039062500001,0.15757421875
16300,1.5147265625000002,0.21825000000000014,0.6245976562500002,0.15715234374999998
16400,1.5139878906249993,0.2182578125000001,0.6257812499999997,0.1559609375
16500,1.5157785156250003,0.21951562499999988,0.6250546874999999,0.1554296875
16600,1.5151781250000005,0.21936718750000003,0.6255859375000004,0.15504687499999992
16700,1.5156999999999992,0.21927734375000002,0.6258046875000001,0.15491796875000002
16800,1.5145386718749994,0.21933984375,0.62619921875,0.15446093749999995
16900,1.514819921875,0.2199921875,0.6270078125,0.15299999999999997
17000,1.5138960937500001,0.21914062500000003,0.6275546874999998,0.15330468749999995
17100,1.5133964843749994,0.21931249999999997,0.6282226562500002,0.15246484374999997
17200,1.5118429687500006,0.21896093749999995,0.6297343750000003,0.15130468750000012
17300,1.510857031250001,0.21878125,0.6293789062499997,0.15183984375000006
17400,1.5103562500000003,0.21831250000000005,0.6300898437500002,0.15159765625
17500,1.5099203125000007,0.21750781250000012,0.62844140625,0.15405078125
17600,1.5106519531250004,0.21791796874999997,0.6283046875,0.15377734374999996
17700,1.5105796875000004,0.21795703124999996,0.6278867187499999,0.15415625000000002
17800,1.5115511718750005,0.21856640625,0.6267812499999997,0.15465234374999998
17900,1.5127832031249995,0.21905078124999997,0.6274218749999998,0.1535273437500001
18000,1.510978125,0.21787109375,0.6280742187499999,0.1540546875
18100,1.5088605468750003,0.21692578125000006,0.6300898437499998,0.15298437499999992
18200,1.5069097656250008,0.21589453125000008,0.6308242187499998,0.15328124999999998
18300,1.5052972656249997,0.21458984375000015,0.6313945312499998,0.15401562500000004
18400,1.5040378906249992,0.21476953125000003,0.6325976562499999,0.15263281250000008
18500,1.5051484375000004,0.21488281250000005,0.63067578125,0.15444140625
18600,1.5055714843750003,0.21468359374999996,0.6307148437499996,0.15460156250000004
18700,1.5045492187499991,0.2148359374999999,0.6318789062500001,0.1532851562499999
18800,1.5046578124999999,0.214609375,0.6318476562499998,0.15354296874999987
18900,1.5037511718749998,0.2146640625,0.6323085937499999,0.15302734375000007
19000,1.5030265625,0.21441796874999997,0.6326171875000003,0.15296484374999994
19100,1.5023218750000003,0.21389453125000013,0.6334726562499999,0.15263281250000008
19200,1.5053847656250001,0.21523437499999998,0.6300664062499999,0.1546992187499999
19300,1.509306640625,0.21659375000000003,0.6282460937499998,0.15516015625000004
19400,1.5100304687499997,0.21762109375,0.6283476562499999,0.15403125
19500,1.5118484374999999,0.21814843749999988,0.6278984374999995,0.15395312500000005
19600,1.5129300781249997,0.21912890624999978,0.6278906250000001,0.15298046875000001
19700,1.5122089843750004,0.22003906250000002,0.6291640624999998,0.150796875
19800,1.512218749999999,0.220609375,0.6300156249999999,0.14937499999999992
19900,1.5131492187500002,0.22123437500000007,0.6296562499999999,0.149109375
20000,1.5150476562500004,0.22142578125000006,0.6289179687499997,0.14965624999999994
20100,1.5172761718750003,0.22237890625000004,0.6261914062499999,0.15142968750000008
20200,1.5206730468750003,0.22353124999999996,0.62384375,0.15262499999999993
20300,1.5238832031249998,0.22470703124999997,0.6218164062499996,0.1534765624999999
20400,1.5262304687500006,0.22562109375000008,0.6194101562500001,0.1549687499999999
20500,1.5264574218749998,0.22547265625000013,0.6191171875000003,0.15541015625
20600,1.5256265624999996,0.22541015625000005,0.6201250000000001,0.15446484374999997
20700,1.5259949218749997,0.22570703125000005,0.6200859375,0.15420703125
20800,1.5245628906250002,0.22507421875000005,0.6209257812500001,0.1540000000000001
20900,1.523459765625,0.2250625,0.6229335937499999,0.15200390625000004
21000,1.5233914062500002,0.22489843749999996,0.6217382812500002,0.15336328125000007
21100,1.5250445312500003,0.22544531250000005,0.6216601562499999,0.15289453125000005
21200,1.5246246093750002,0.225578125,0.6215039062499998,0.15291796874999997
21300,1.523303125,0.22473437500000004,0.6229414062499994,0.15232421875
21400,1.5231640624999998,0.22451171874999995,0.6224296875,0.15305859375
21500,1.5215367187500002,0.22381250000000003,0.6231523437499998,0.15303515624999997
21600,1.5195187500000003,0.2232617187500001,0.6239921875,0.15274609375000003
21700,1.5186488281250003,0.22302343750000014,0.6252460937500001,0.15173046874999993
21800,1.5192324218749995,0.22351953124999996,0.6247851562500002,0.15169531249999996
21900,1.5205417968750004,0.2229492187500001,0.6232187499999996,0.15383203124999997
22000,1.5202222656250002,0.2219570312500001,0.62214453125,0.15589843750000007
22100,1.5189929687500001,0.22172265624999998,0.6244257812500001,0.1538515625
22200,1.517195703125,0.22121875000000002,0.6242070312499999,0.15457421874999996
22300,1.5161734374999993,0.22062500000000004,0.6269609375,0.15241406250000003
22400,1.5150835937500005,0.21971093750000006,0.6266796874999996,0.15360937499999996
22500,1.5148374999999996,0.2202773437500001,0.6277617187499999,0.15196093749999998
22600,1.5127964843750001,0.21946874999999996,0.6292070312500003,0.15132421875
22700,1.5119195312500004,0.21930468750000007,0.6304296874999998,0.15026562500000004
22800,1.5103949218750001,0.21862890625000006,0.6316484375000002,0.14972265625
22900,1.510651171875,0.21867968749999991,0.6301796875000001,0.15114062500000006
23000,1.5098925781250003,0.21768750000000006,0.6300117187499996,0.15230078125000002
23100,1.5096164062499995,0.21702343749999992,0.6290703125000001,0.15390625
23200,1.5085058593750007,0.21672656250000003,0.63024609375,0.15302734374999993
23300,1.508049609375,0.21607031249999994,0.6306249999999995,0.15330468750000006
23400,1.5074558593750003,0.21605468749999993,0.6303085937499996,0.1536367187500001
23500,1.5082863281249992,0.2160546875,0.6305742187500002,0.15337109375000008
23600,1.5086875,0.216625,0.6295,0.15387500000000004
23700,1.5078785156250003,0.21702734375000005,0.6306992187499996,0.1522734374999999
23800,1.505740625,0.21593359375000012,0.6335976562499999,0.15046874999999998
23900,1.5040738281249995,0.21524609374999984,0.6333281249999998,0.15142578125000003
24000,1.5022125000000002,0.21382421875000002,0.6338749999999999,0.15230078125000007
24100,1.5012796875,0.2126914062499999,0.6332226562499998,0.15408593750000002
24200,1.4995249999999998,0.21246874999999993,0.6361445312500001,0.15138671875000007
24300,1.499468359375,0.21225390624999996,0.6367773437499995,0.1509687500000001
24400,1.4994453125000002,0.2130703125000001,0.6377617187500001,0.14916796874999996
24500,1.5003230468750002,0.21408984375000004,0.6376406250000003,0.14826953125000003
24600,1.5000515624999997,0.21453515625000003,0.6390703125000001,0.14639453125000004
24700,1.5002656250000002,0.214703125,0.637984375,0.14731249999999999
24800,1.501318359375,0.21506250000000002,0.63631640625,0.14862109375
24900,1.5013765624999995,0.21541015624999998,0.6354101562499997,0.14917968750000002
25000,1.5032292968750003,0.21566406250000003,0.6346796875,0.1496562499999999
25100,1.5046078125,0.21516015625000007,0.6316601562499999,0.15317968750000005
25200,1.50449765625,0.21502343749999991,0.6329921874999999,0.151984375
25300,1.5058902343750002,0.21535156249999993,0.6308789062500006,0.15376953124999998
25400,1.5071574218750006,0.21639843749999996,0.6303125000000002,0.15328906250000002
25500,1.50729296875,0.21631640625000004,0.63159375,0.15208984375000004
25600,1.5070050781249993,0.21604296875000006,0.6317187500000001,0.15223828124999997
25700,1.5080445312499995,0.21644921875,0.6296445312499999,0.15390625
25800,1.5083351562500003,0.21654687500000008,0.6288710937499998,0.15458203124999995
25900,1.5068960937500004,0.21552734374999996,0.6296523437499999,0.15482031250000006
26000,1.503552734375,0.21432421874999996,0.6320546875,0.15362109375
26100,1.5031558593749998,0.21421484375,0.6321992187499996,0.15358593750000005
26200,1.5018796875000004,0.21408203125000005,0.6333046875000001,0.15261328125
26300,1.5014062500000003,0.21452734374999988,0.6336601562499998,0.1518125
26400,1.5014871093750006,0.21439843749999998,0.63398828125,0.15161328125000004
26500,1.5018347656249997,0.21477343749999997,0.6342968750000002,0.1509296875
26600,1.5001867187499993,0.21433984374999993,0.6359570312500004,0.14970312500000002
26700,1.5000949218749997,0.2142500000000001,0.63632421875,0.14942578125000003
26800,1.498482421875,0.21234375000000005,0.636328125,0.15132812499999992
26900,1.4972402343749995,0.21184765625000002,0.6361523437500001,0.152
27000,1.4976195312500002,0.2115312499999999,0.6356328125,0.15283593750000005
27100,1.4974148437499994,0.21131249999999996,0.6352773437499999,0.15341015625000015
27200,1.497113281249999,0.2106875,0.63513671875,0.15417578124999995
27300,1.4948695312500002,0.20957812499999998,0.6372539062499996,0.15316796875000005
27400,1.492994531250001,0.20828906249999996,0.6377695312500004,0.15394140624999997
27500,1.4920324218749994,0.20774218749999998,0.63819921875,0.15405859375000003
27600,1.4921382812500006,0.20774218750000006,0.63718359375,0.15507421875
27700,1.4921769531249998,0.20825390625000004,0.6377656250000004,0.15398046875
27800,1.4933960937500004,0.20817578124999994,0.6365976562500002,0.15522656250000005
27900,1.4938019531249997,0.2088593749999999,0.6363593750000001,0.15478124999999995
28000,1.4941624999999994,0.2092578125,0.6373398437500001,0.15340234375000006
28100,1.495744921875,0.20977343750000002,0.6357304687500003,0.15449609374999998
28200,1.4963574218749998,0.21029687499999994,0.6360429687500002,0.15366015624999999
28300,1.4972859374999994,0.21086328124999998,0.6347617187499999,0.154375
28400,1.4965816406249992,0.21045703124999987,0.6342499999999999,0.15529296874999998
28500,1.4945742187499997,0.20981249999999996,0.6362929687499999,0.15389453124999994
28600,1.494223828125,0.20973437500000003,0.6367304687499998,0.15353515625000003
28700,1.49380703125,0.20992968750000007,0.6370390625000001,0.15303124999999998
28800,1.4940503906250002,0.2105585937499999,0.6380820312500001,0.151359375
28900,1.4939507812499995,0.2102421875,0.63754296875,0.15221484374999994
29000,1.4924929687500001,0.21033593750000004,0.6392187500000001,0.15044531249999996
29100,1.4897285156249995,0.20940234375000003,0.6415039062500003,0.14909375000000002
29200,1.4896371093749996,0.20909765624999993,0.6417500000000002,0.14915234375000008
29300,1.4891843750000004,0.20884375000000002,0.64061328125,0.15054296875
29400,1.49107734375,0.2091523437499999,0.6393437499999999,0.15150390625000007
29500,1.4922136718749999,0.20919921875,0.6378124999999999,0.15298828125
29600,1.4925417968750003,0.20963281250000013,0.6388164062499998,0.15155078125000013
29700,1.492717578125,0.209953125,0.6370390625,0.15300781249999995
29800,1.492873046875,0.2096054687499999,0.6365625000000001,0.15383203125000003
29900,1.494538281250001,0.21033593750000007,0.6362499999999999,0.1534140625000001
30000,1.4956613281250004,0.21092187499999998,0.63597265625,0.15310546874999997
30100,1.4964874999999997,0.21068750000000003,0.6348046875000003,0.1545078125
30200,1.497440234375,0.2102499999999999,0.6339882812500004,0.15576171875000006
30300,1.4987289062500002,0.21119140624999996,0.6334687499999999,0.15533984375000004
30400,1.4997742187499994,0.21184765625000004,0.63253515625,0.15561718750000006
30500,1.5018468749999996,0.21249218749999993,0.6312695312499998,0.15623828125000003
30600,1.5020875,0.21271874999999998,0.6322499999999999,0.15503124999999993
30700,1.5012433593750003,0.2124218750000001,0.63265234375,0.15492578124999995
30800,1.5015015624999999,0.21251953125000003,0.6321992187500003,0.15528125
30900,1.5022917968749998,0.212703125,0.6320976562499999,0.15519921875000003
31000,1.5021582031250003,0.21326953125000006,0.6326171875,0.15411328125
31100,1.5025136718749994,0.21330078124999996,0.6320039062499997,0.15469531250000004
31200,1.5018601562500005,0.21368749999999997,0.632765625,0.15354687500000003
31300,1.5020550781250002,0.21430078125000007,0.6332734375000001,0.15242578125000003
31400,1.5022644531250007,0.2144687499999999,0.63459375,0.15093749999999997
31500,1.50153828125,0.21473437499999992,0.6353437500000002,0.149921875
31600,1.5001468750000004,0.21462500000000015,0.6360195312500001,0.14935546875
31700,1.5004847656250007,0.21425000000000005,0.6349999999999997,0.15075000000000002
31800,1.4990296875000009,0.21379296874999992,0.6361367187499999,0.15007031249999997
31900,1.4997617187500003,0.21323046874999999,0.6348710937500002,0.15189843750000004
32000,1.4998773437500001,0.2136601562499999,0.6345937500000001,0.15174609375
32100,1.501014453125,0.21433984375,0.6335,0.1521601562500001
32200,1.50224296875,0.21433984374999993,0.63320703125,0.15245312499999994
32300,1.501722265625,0.21414843750000004,0.63355078125,0.15230078125
32400,1.5014039062499998,0.21455468750000004,0.6339023437499999,0.15154296875000003
32500,1.5016886718749993,0.21398828124999997,0.63340234375,0.15260937499999994
32600,1.5016242187499997,0.21272656250000005,0.6324570312499999,0.15481640625000004
32700,1.5010800781250004,0.21277734374999993,0.6332265625000003,0.15399609375000006
32800,1.4997523437500004,0.21149609375000006,0.6337304687499999,0.15477343749999997
32900,1.4992726562499996,0.2105390625,0.6320351562500003,0.15742578125
33000,1.49817578125,0.21084374999999997,0.6330078125,0.15614843749999996
33100,1.499656640625,0.21171484375000005,0.6327460937500001,0.15553906250000005
33200,1.501738671875,0.21299218750000004,0.6322304687500002,0.15477734374999996
33300,1.5028632812499996,0.21344140625000008,0.6316601562500002,0.1548984375
33400,1.5035242187499998,0.21475781250000006,0.6335156249999998,0.1517265625
33500,1.5036019531249998,0.21498046875000001,0.6331875000000001,0.15183203125000003
33600,1.50523984375,0.21643359375000004,0.63273828125,0.15082812499999995
33700,1.507222265625,0.21740234375,0.6319765625000001,0.15062109375000002
33800,1.509924999999999,0.219,0.6316718750000003,0.14932812500000006
33900,1.511186328125,0.22005859374999995,0.6302734375000001,0.1496679687499999
34000,1.511841796875,0.22029296874999993,0.6299023437500001,0.14980468750000003
34100,1.510875390625,0.22045703125,0.6309960937500001,0.148546875
34200,1.5110492187500002,0.22093359374999996,0.6313398437500001,0.14772656249999996
34300,1.5128003906249996,0.22132421875000008,0.6293789062499997,0.14929687500000005
34400,1.5140917968749996,0.2222578125000001,0.62876953125,0.14897265624999995
34500,1.5149683593749996,0.22277734374999988,0.6277929687499997,0.14942968750000005
34600,1.5167515625,0.2225664062500001,0.6265234375000003,0.15091015624999998
34700,1.5185937500000002,0.2232382812499999,0.6246953125,0.15206640625000006
34800,1.5199003906249995,0.22392578124999993,0.62430859375,0.151765625
34900,1.5211644531250006,0.22469140624999995,0.6231367187500002,0.15217187500000007
35000,1.5213874999999994,0.22419140624999997,0.6236875000000002,0.1521210937499999
35100,1.519171875,0.2235000000000001,0.6273085937500001,0.14919140624999996
35200,1.517190625000001,0.22254687499999995,0.627359375,0.15009375000000003
35300,1.5153382812499991,0.22228515625000006,0.6290234375,0.14869140624999996
35400,1.5168339843750007,0.22309375,0.6272656249999997,0.14964062500000003
35500,1.5178996093749995,0.22399609374999985,0.6277343750000002,0.14826953125000003
35600,1.5184566406249995,0.22428124999999993,0.6269531249999997,0.148765625
35700,1.519623046875,0.22468750000000007,0.6257421875000002,0.1495703124999999
35800,1.52055859375,0.22472265624999999,0.62502734375,0.15024999999999994
35900,1.5226460937500004,0.22508593749999983,0.6236210937499999,0.15129296874999992
36000,1.523230859375,0.2259765625,0.6241835937500001,0.14983984375000012
36100,1.5235554687500008,0.2257382812499999,0.6243710937499999,0.149890625
36200,1.5247628906249997,0.22616015625000005,0.6226835937499999,0.15115625000000008
36300,1.524696875,0.22555468750000002,0.6218710937500003,0.15257421875000005
36400,1.5259402343749993,0.22571093749999996,0.6206601562499999,0.15362890624999995
36500,1.526177343749999,0.2257304687499999,0.61945703125,0.1548125
36600,1.52508984375,0.22558593750000003,0.6207460937500001,0.15366796875000008
36700,1.524345703125,0.22571093750000001,0.6212148437500004,0.15307421874999994
36800,1.5231480468749998,0.2250234375000001,0.621421875,0.15355468749999998
36900,1.5223261718749994,0.2250546875000001,0.6234453125000002,0.15149999999999997
37000,1.5242039062499995,0.22579296875000004,0.6213203125000004,0.15288671874999998
37100,1.5250535156249996,0.22621484375000003,0.62009765625,0.1536875
37200,1.5257054687499996,0.2263203124999999,0.6182578124999998,0.15542187500000001
37300,1.528255859375,0.22762500000000005,0.6169570312500001,0.15541796874999997
37400,1.5304277343750006,0.22790234375000004,0.616234375,0.15586328125
37500,1.5308656250000006,0.22805468750000008,0.6170937500000001,0.15485156250000007
37600,1.5311890624999993,0.22894921875000007,0.6173281250000001,0.15372265625000003
37700,1.5318914062500002,0.22946093750000007,0.6175351562500001,0.15300390625000007
37800,1.5320871093749995,0.2297695312499999,0.61723828125,0.1529921875
37900,1.5308046874999997,0.2290859375,0.6192890624999998,0.15162499999999995
38000,1.5288468749999995,0.22863281250000012,0.6206054687499999,0.15076171874999997
38100,1.5289019531249999,0.22896875000000003,0.6209375000000001,0.15009374999999997
38200,1.5281527343750008,0.2289765625,0.62110546875,0.14991796875000002
38300,1.5269019531249999,0.2277382812499999,0.6218046875,0.15045703125000012
38400,1.5260996093749994,0.22710156250000005,0.6219687500000001,0.1509296875
38500,1.5263449218749996,0.22699999999999998,0.6220507812500001,0.15094921875000003
38600,1.5260687500000008,0.22704296875,0.6220820312500001,0.150875
38700,1.5244507812500006,0.22585546875000004,0.6226796875000001,0.15146484374999997
38800,1.5248863281250002,0.22592578125,0.6211601562500001,0.15291406249999998
38900,1.524178125000001,0.22526562500000002,0.6205390625000001,0.15419531249999996
39000,1.5248355468749994,0.22532421875000017,0.62035546875,0.15432031250000003
39100,1.5248136718750005,0.22516015625,0.6202695312500001,0.1545703125
39200,1.5254613281250002,0.22515234374999998,0.6192812500000003,0.15556640625
39300,1.5272328124999994,0.22546875000000005,0.6178046874999998,0.15672656250000006
39400,1.5272578125000005,0.22453125000000002,0.6179765624999998,0.15749218750000005
39500,1.526761718749999,0.22422265625000007,0.6186914062500003,0.1570859375
39600,1.527008203125,0.22415624999999997,0.6171953124999997,0.15864843749999996
39700,1.525465625,0.22316406249999993,0.6185820312500001,0.15825390624999996
39800,1.5228066406250012,0.22240625000000008,0.6208242187500002,0.15676953124999995
39900,1.5205359375000005,0.2219140625,0.6221757812500001,0.1559101562499999
40000,1.5187343749999997,0.22094531249999996,0.6236523437500001,0.1554023437500001
40100,1.5184085937499991,0.22107421874999997,0.624265625,0.15466015624999996
40200,1.5171003906250007,0.22050390624999996,0.62573828125,0.15375781249999998
40300,1.5138195312499996,0.21932812499999998,0.6280312499999998,0.15264062499999995
40400,1.5123574218750002,0.21827343750000008,0.6281328124999997,0.15359374999999992
40500,1.5101859375000002,0.2176601562499999,0.6295468750000002,0.15279296875000004
40600,1.5094089843750003,0.21706640625000004,0.6301523437500001,0.15278124999999992
40700,1.5078640624999993,0.21621093749999995,0.6315273437500004,0.15226171875000005
40800,1.5073554687499997,0.21611328124999998,0.6315625,0.15232421875000005
40900,1.5063722656249998,0.21651562499999993,0.6311953125,0.15228906249999993
41000,1.506074609375,0.21574218749999996,0.6313750000000001,0.15288281250000008
41100,1.5069316406250002,0.21616796875000005,0.6314453124999999,0.15238671875
41200,1.5071874999999992,0.21595703125000007,0.6300859375000004,0.15395703124999996
41300,1.5083070312499995,0.2162265625,0.629265625,0.15450781250000004
41400,1.5076804687500007,0.21617187499999999,0.6290781249999997,0.15475
41500,1.5078,0.2164921874999999,0.6293398437500003,0.15416796875000002
41600,1.50971328125,0.21735546874999984,0.6285351562500001,0.15410937499999997
41700,1.5109078125000004,0.21774218749999993,0.6271718749999999,0.1550859375
41800,1.5119113281250003,0.21778124999999993,0.625984375,0.15623437500000004
41900,1.5132570312499996,0.21862109375000002,0.6255664062499998,0.1558125
42000,1.51378046875,0.21833984375,0.6242656249999999,0.15739453125000002
42100,1.512705078125,0.21801171874999992,0.6260820312499998,0.15590625000000008
42200,1.5118941406250006,0.21782812499999998,0.6271210937499998,0.15505078125
42300,1.5096210937500005,0.2173671875,0.6294492187499997,0.15318359374999999
42400,1.5082363281250004,0.21649609374999998,0.6295312499999999,0.15397265624999998
42500,1.5079839843749996,0.21682421874999988,0.6310546874999998,0.15212109375
42600,1.5070140625,0.21641406249999998,0.6320078124999998,0.15157812500000004
42700,1.5062351562499996,0.21632812500000007,0.6315820312499998,0.15208984374999998
42800,1.5045855468749998,0.21508593749999994,0.6312187500000003,0.15369531250000007
42900,1.5032675781250002,0.21404296874999995,0.6315859375000001,0.15437109375000005
43000,1.5019453125000009,0.213515625,0.6325664062500003,0.15391796875
43100,1.4998898437499992,0.2128046875,0.6347812499999997,0.15241406249999997
43200,1.496613671875,0.21180078125000007,0.6382226562499999,0.14997656249999997
43300,1.4951289062499997,0.21113281249999985,0.6391640624999998,0.14970312500000008
43400,1.4942800781249996,0.21171484375000005,0.6404648437500003,0.1478203124999999
43500,1.4959562500000003,0.2118164062500001,0.6386523437499999,0.14953124999999995
43600,1.4968921874999999,0.2121874999999999,0.6376093750000001,0.15020312499999994
43700,1.4958445312500002,0.21138281249999996,0.6388710937499998,0.14974609375
43800,1.4936527343749997,0.21041015625,0.6384648437499999,0.15112500000000006
43900,1.49254140625,0.20933203125000008,0.6402148437500002,0.15045312499999997
44000,1.4917101562500004,0.20898437499999997,0.6402421874999998,0.1507734375
44100,1.4910656250000005,0.20920703125000004,0.6402031250000002,0.15058984375
44200,1.4894960937500006,0.2082421875,0.6410507812499997,0.15070703124999998
44300,1.4900894531249997,0.20818359374999998,0.6403007812500002,0.15151562500000007
44400,1.4886933593749998,0.20775390624999995,0.6408515624999997,0.15139453125000005
44500,1.4895183593750005,0.20832031250000005,0.6413359375000001,0.15034375000000003
44600,1.4899808593750001,0.20774218749999995,0.6413710937500001,0.15088671874999998
44700,1.48928359375,0.20771093750000003,0.6420585937500001,0.15023046874999996
44800,1.4898929687500002,0.2080078125,0.6422382812500002,0.14975390624999996
44900,1.4903269531249996,0.2084492187500001,0.6427617187500002,0.1487890625
45000,1.490893359375,0.20926171874999988,0.6433125000000001,0.14742578125000003
45100,1.4906761718749997,0.20855078125,0.6423671874999999,0.14908203125
45200,1.4905660156249991,0.20871875000000006,0.6438828124999999,0.14739843749999995
45300,1.4899843749999997,0.20844921875,0.6440039062499998,0.14754687500000008
45400,1.48778359375,0.20751953124999994,0.6451093750000001,0.14737109374999996
45500,1.4855589843749994,0.20664843749999995,0.6448828125,0.14846875
45600,1.4863984375,0.20671875000000003,0.6434648437499999,0.14981640624999995
45700,1.486555859375,0.2068281250000001,0.6434140625000002,0.1497578125
45800,1.4850429687500004,0.20619531249999995,0.6446601562500002,0.14914453124999993
45900,1.4844343750000006,0.20607031250000002,0.6447109375000001,0.14921875000000004
46000,1.484840625,0.20626953124999997,0.6444687499999999,0.14926171875000002
46100,1.4863460937500002,0.2071484375,0.6422187500000003,0.1506328124999999
46200,1.4890917968749993,0.20812890625000002,0.6403593749999998,0.15151171874999997
46300,1.4900546874999996,0.20793359375000012,0.6396914062499999,0.15237499999999995
46400,1.49055625,0.20817578124999994,0.6391914062499997,0.1526328125
46500,1.490705859375,0.20714843749999998,0.6380859374999998,0.1547656249999999
46600,1.4920589843749998,0.20756250000000004,0.6377148437499999,0.1547226562499999
46700,1.4924625000000002,0.2078554687500001,0.63719921875,0.1549453125000001
46800,1.4923117187499995,0.20840234375000002,0.6373828125000001,0.15421484375
46900,1.4924593749999993,0.2081679687500001,0.6367343750000003,0.15509765625000005
47000,1.4920777343750005,0.20864843750000006,0.6383476562500002,0.15300390625
47100,1.4915507812500008,0.20871093749999997,0.6391562499999999,0.15213281249999996
47200,1.4916097656249996,0.2083984374999999,0.6390703125000002,0.15253125000000003
47300,1.4909261718750004,0.20838281250000004,0.6390273437500003,0.15258984374999993
47400,1.4920289062499996,0.20873437499999992,0.6383203124999998,0.15294531249999999
47500,1.4913515624999998,0.20807812499999995,0.6390546875000002,0.15286718750000008
47600,1.4898812500000005,0.20723828125000002,0.63920703125,0.1535546875
47700,1.4903605468749996,0.207234375,0.6389492187499998,0.15381640625000004
47800,1.4904667968749996,0.20738671875,0.6387382812500003,0.15387499999999996
47900,1.4905859375000001,0.2068828125,0.6387773437500001,0.15433984374999996
48000,1.4900050781250007,0.2069453124999999,0.6383085937499996,0.15474609375000006
48100,1.4903976562500005,0.20709765625000004,0.6388242187500003,0.15407812499999995
48200,1.490725,0.20691406249999997,0.6388203124999998,0.15426562499999996
48300,1.4907777343750006,0.20685937500000004,0.6392460937499999,0.15389453125
48400,1.4884328125000001,0.206046875,0.6418320312499998,0.15212109374999996
48500,1.485165625,0.20520312499999996,0.6433906250000001,0.15140625000000002
48600,1.4840511718750002,0.20482031250000002,0.6434882812499999,0.15169140625000002
48700,1.4832441406249985,0.20457812499999994,0.6452187499999998,0.150203125
48800,1.4835621093749995,0.20452734375000003,0.64505859375,0.15041406250000003
48900,1.4824410156250005,0.20432421875,0.6458750000000001,0.14980078125000004
49000,1.4828882812499997,0.20458984375000003,0.6453828124999997,0.15002734375000001
49100,1.482238671875,0.20400390625000003,0.64687890625,0.14911718749999997
49200,1.4812609375,0.20369921874999997,0.64732421875,0.1489765625
49300,1.4772703125000006,0.20203515625000007,0.64976953125,0.14819531249999993
49400,1.4760507812499997,0.20153125000000002,0.65101953125,0.14744921874999997
49500,1.477326562499999,0.20194921875,0.6502734374999999,0.14777734375000007
49600,1.4761828124999994,0.20174218750000006,0.6504375,0.14782031250000005
49700,1.4762960937499998,0.20178906249999995,0.6499335937499998,0.14827734374999998
49800,1.4766222656250003,0.20186328125000003,0.6497109374999999,0.14842578125000006
49900,1.4769234374999998,0.20158203125000004,0.6487968750000004,0.14962109375
50000,1.4775269531250006,0.20183984374999994,0.6481914062500002,0.14996875000000007
50100,1.4783308593750004,0.20274999999999993,0.6480742187500004,0.14917578125000003
50200,1.477828125,0.20260937499999992,0.6489335937499998,0.14845703125
50300,1.4756554687500005,0.202828125,0.6521445312499998,0.14502734375000004
50400,1.474831640625,0.20258203124999996,0.65280859375,0.14460937499999998
50500,1.4749363281250003,0.20242578125000013,0.6512226562500001,0.1463515625
50600,1.4745652343750002,0.20177734375000003,0.6501054687500002,0.14811718749999986
50700,1.4759320312499995,0.20197265624999994,0.6499453124999995,0.14808203124999986
50800,1.4758636718749993,0.20168749999999996,0.6492500000000004,0.1490625
