step,msd_global,n_round,n_elongated
0,0.0,2500,0
100,23.079048241957825,2500,0
200,26.534992244037095,2439,61
300,29.48327550760668,2399,101
400,29.709435129024968,2345,155
500,42.20764059549967,2271,229
600,58.70970844625651,2215,285
700,71.45561717295506,2152,348
800,88.69734807668814,2115,385
900,104.55692918599398,2052,448
1000,122.62745070514394,2000,500
1100,142.12178774343977,1965,535
1200,161.11632460250357,1916,584
1300,183.433850378413,1854,646
1400,202.87972720562524,1821,679
1500,228.63392798349926,1772,728
1600,258.003511565689,1747,753
1700,285.24325577926936,1730,770
1800,317.32675895810377,1706,794
1900,345.44022637469226,1701,799
2000,377.20864518414436,1682,818
2100,409.5523413118562,1668,832
2200,440.9012147985779,1653,847
2300,473.4338978700256,1625,875
2400,499.22743926244203,1601,899
2500,534.5006120300474,1587,913
2600,566.8749863614354,1558,942
2700,602.1972740414628,1544,956
2800,643.0199639560476,1548,952
2900,685.9524465902899,1541,959
3000,741.9557655308776,1520,980
3100,802.6263985754034,1503,997
3200,865.5420204628683,1508,992
3300,928.5059813584734,1459,1041
3400,997.1928344266498,1444,1056
3500,1066.3642863368186,1428,1072
3600,1111.9531692765615,1401,1099
3700,1151.4836377528384,1394,1106
3800,1195.0153195092942,1386,1114
3900,1215.688228922144,1382,1118
4000,1254.8483848341086,1354,1146
4100,1284.2873138697717,1332,1168
4200,1323.792541758567,1333,1167
4300,1348.3258586063844,1325,1175
4400,1381.481648473187,1341,1159
4500,1427.5457452507746,1343,1157
4600,1497.6352287648133,1330,1170
4700,1579.278425633822,1294,1206
4800,1684.7804509698144,1294,1206
4900,1795.0434463889226,1309,1191
5000,1888.706691424444,1297,1203
5100,1990.4130586527363,1267,1233
5200,2097.7018702451355,1262,1238
5300,2211.664029777877,1259,1241
5400,2308.2224519727415,1247,1253
5500,2424.6164705261813,1222,1278
5600,2542.5296924496643,1203,1297
5700,2663.322952918499,1178,1322
5800,2779.976387152509,1168,1332
5900,2889.679774375865,1141,1359
6000,2972.251767689545,1141,1359
6100,3038.829472409968,1129,1371
6200,3091.387132058291,1107,1393
6300,3142.071811339353,1092,1408
6400,3221.4217902919545,1067,1433
6500,3316.982787038525,1037,1463
6600,3417.339665348449,1012,1488
6700,3503.862633745277,981,1519
6800,3595.682306323714,954,1546
6900,3691.1918481452517,942,1558
7000,3815.0729036599023,920,1580
7100,3956.199993919605,911,1589
7200,4128.325933972247,920,1580
7300,4297.13526765458,915,1585
7400,4457.50496164875,888,1612
7500,4624.761074021979,871,1629
7600,4813.702389825303,877,1623
7700,5017.685733166336,871,1629
7800,5204.99862944588,882,1618
7900,5399.843371669799,880,1620
8000,5601.045484881254,878,1622
8100,5771.984765411004,896,1604
8200,5919.691594750157,899,1601
8300,6058.0888779741545,913,1587
8400,6143.755368076746,935,1565
8500,6265.618798268819,964,1536
8600,6378.804454395798,987,1513
8700,6521.130795740077,1022,1478
8800,6672.976735270683,1033,1467
8900,6873.63403215432,1033,1467
9000,7048.901553787798,1032,1468
9100,7228.2113009518625,1035,1465
9200,7445.896387074444,1029,1471
9300,7692.189397232714,1023,1477
9400,7942.489555135596,1008,1492
9500,8234.841894273331,981,1519
9600,8555.07030077888,980,1520
9700,8863.985638205317,969,1531
9800,9133.824336352134,962,1538
9900,9410.09095804321,934,1566
10000,9683.712274265785,915,1585
10100,9953.034812495356,898,1602
10200,10241.589014089406,861,1639
10300,10496.23783399971,841,1659
10400,10777.648631554517,811,1689
10500,11024.010389700281,794,1706
10600,11275.170100680069,772,1728
10700,11537.844964931586,771,1729
10800,11813.630147151318,759,1741
10900,12003.196418016389,755,1745
11000,12242.087869287874,745,1755
11100,12574.250792449662,732,1768
11200,12877.61096864706,732,1768
11300,13202.356969025952,736,1764
11400,13587.195523937422,723,1777
11500,14057.37537545765,712,1788
11600,14471.140549052268,701,1799
11700,14914.228545557648,687,1813
11800,15397.833936718453,670,1830
11900,15882.729347385663,653,1847
12000,16373.362689861084,640,1860
12100,16797.25976605144,642,1858
12200,17186.969223384953,632,1868
12300,17698.377471667252,619,1881
12400,18192.46565290978,601,1899
12500,18611.292400789876,585,1915
12600,19043.203863710525,560,1940
12700,19460.52953782563,558,1942
12800,19905.8552728888,541,1959
12900,20301.360452991805,514,1986
13000,20750.167293259834,479,2021
13100,21197.603558875246,447,2053
13200,21646.288937786674,425,2075
13300,22162.60822348543,428,2072
13400,22614.766991974793,422,2078
13500,23190.129624333553,423,2077
13600,23803.677936308217,416,2084
13700,24465.431305388916,408,2092
13800,25149.5404505168,400,2100
13900,25859.899764454014,384,2116
14000,26572.557243152365,372,2128
14100,27320.26342591031,364,2136
14200,27978.8113775777,348,2152
14300,28608.36357137445,347,2153
14400,29333.94301827066,334,2166
14500,29955.54318217189,326,2174
14600,30635.209972576642,317,2183
14700,31327.919573739935,297,2203
14800,31929.378408384393,288,2212
14900,32505.12440743951,281,2219
15000,33127.54465750617,281,2219
15100,33807.476785297695,278,2222
15200,34503.60107606281,280,2220
15300,35175.26554808824,269,2231
15400,35910.73732376061,255,2245
15500,36642.08383362918,246,2254
15600,37425.46966859995,246,2254
15700,38280.8573140608,240,2260
15800,39174.89007072156,244,2256
15900,40073.310461722496,241,2259
16000,40945.764476055636,225,2275
16100,41884.95706284482,219,2281
16200,42887.443819197455,202,2298
16300,43821.11554744379,196,2304
16400,44750.17573411122,196,2304
16500,45686.49684047104,190,2310
16600,46601.22841120759,193,2307
16700,47459.05748201737,191,2309
16800,48334.144440213844,202,2298
16900,49240.154462619255,200,2300
17000,50044.96686177242,196,2304
17100,50916.21589608339,191,2309
17200,51814.536987043335,187,2313
17300,52688.74868046642,187,2313
17400,53702.37495762,184,2316
17500,54694.93896635881,184,2316
17600,55704.874927702775,181,2319
17700,56785.0384306788,179,2321
17800,57886.09549775744,182,2318
17900,59177.71162651298,183,2317
18000,60301.85671933782,187,2313
18100,61435.614134880874,193,2307
18200,62704.30122228509,197,2303
18300,63980.08577829179,192,2308
18400,65187.73330174749,189,2311
18500,66331.62972633017,185,2315
18600,67574.49416439311,182,2318
18700,68745.06751779378,178,2322
18800,69846.39737034118,177,2323
18900,70817.00162255405,177,2323
19000,71939.06772741217,179,2321
19100,73008.92823981392,179,2321
19200,74189.35588911232,177,2323
19300,75363.38036410713,176,2324
19400,76536.63813160927,178,2322
19500,77690.24497229254,179,2321
19600,78975.8883578548,175,2325
19700,80284.42035018663,174,2326
19800,81741.12303820578,174,2326
19900,83219.45304213796,174,2326
20000,84689.06179017952,174,2326
20100,86173.51276734509,174,2326
20200,87700.69858694324,174,2326
20300,89240.80534254479,176,2324
20400,90839.22897820896,176,2324
20500,92310.2760409472,180,2320
20600,93755.34301960748,188,2312
20700,95187.09762693536,195,2305
20800,96567.4131681781,206,2294
20900,97962.82029535751,207,2293
21000,99323.058141631,206,2294
21100,100615.94883904414,199,2301
21200,101924.08664660923,193,2307
21300,103284.21527137553,187,2313
21400,104636.5699471972,182,2318
21500,105952.8687533258,190,2310
21600,107365.00020298972,188,2312
21700,108915.62170065417,192,2308
21800,110464.45464976969,195,2305
21900,112143.2800537179,199,2301
22000,113931.19715968656,202,2298
22100,115628.0417336361,198,2302
22200,117381.32451526065,197,2303
22300,119148.66084828573,198,2302
22400,120952.77752651162,189,2311
22500,122751.61804878215,176,2324
22600,124556.38950771288,179,2321
22700,126280.8439048378,184,2316
22800,127934.42511063792,185,2315
22900,129499.60794126391,184,2316
23000,131167.64553427175,179,2321
23100,132848.8014183679,178,2322
23200,134345.6063186233,175,2325
23300,135934.77443149,177,2323
23400,137419.83973465057,178,2322
23500,139122.12455602115,174,2326
23600,140584.50009932142,173,2327
23700,142155.4787509997,173,2327
23800,143880.94526508957,177,2323
23900,145740.7614507681,180,2320
24000,147746.35222625817,179,2321
24100,149722.0185865685,176,2324
24200,151653.11421305352,176,2324
24300,153662.39983310687,179,2321
24400,155691.94200247023,177,2323
24500,157851.6026720921,174,2326
24600,159892.6127535169,174,2326
24700,161845.64732763663,176,2324
24800,163859.44741213575,177,2323
24900,165921.99640022928,177,2323
25000,167792.57254037666,181,2319
25100,169605.91782061505,179,2321
25200,171641.50269569585,185,2315
25300,173410.40668309535,189,2311
25400,175164.76908605013,191,2309
25500,177078.36796874748,188,2312
25600,178661.38013692287,183,2317
25700,180482.59247967103,181,2319
25800,182325.31425024077,177,2323
25900,184298.6627804224,174,2326
26000,186249.8715595438,174,2326
26100,188435.5774176879,174,2326
26200,190675.16608701044,176,2324
26300,192874.9885625979,174,2326
26400,195189.29196542138,176,2324
26500,197520.82540418176,173,2327
26600,199935.29306776446,173,2327
26700,202177.3393061532,173,2327
26800,204502.55651698905,173,2327
26900,206846.7184556719,173,2327
27000,209040.03935953585,173,2327
27100,211248.22040895576,173,2327
27200,213504.51604424795,173,2327
27300,215572.20389854332,173,2327
27400,217653.71421972837,173,2327
27500,219828.15860053024,173,2327
27600,221854.25655790634,173,2327
27700,223894.5912378807,173,2327
27800,225787.8038130076,173,2327
27900,227893.00265862336,173,2327
28000,230098.3500328733,177,2323
28100,232496.02310172282,176,2324
28200,234825.94358357563,175,2325
28300,237248.25457588444,176,2324
28400,239733.76292713103,175,2325
28500,242408.08052553443,175,2325
28600,245105.55109970408,174,2326
28700,247689.92121729843,173,2327
28800,250255.53238504895,173,2327
28900,252907.35127741293,173,2327
29000,255636.90600952448,173,2327
29100,258124.33739780556,173,2327
29200,260536.3837261261,173,2327
29300,262984.51946245926,173,2327
29400,265558.31021315954,174,2326
29500,267944.5481447663,174,2326
29600,270433.0637803551,173,2327
29700,272678.7673245421,173,2327
29800,274971.96248087037,173,2327
29900,276976.5544291667,173,2327
30000,279402.5488603011,173,2327
30100,281959.0391096849,173,2327
30200,284390.2820979587,173,2327
30300,287093.79722370516,173,2327
30400,289905.99346872326,173,2327
30500,292865.5818167886,173,2327
30600,295789.0428630617,173,2327
30700,298682.95146894106,173,2327
30800,301523.47211668233,173,2327
30900,304487.9834703987,173,2327
31000,307532.74904758215,173,2327
31100,310509.64909492724,173,2327
31200,313222.04607161134,174,2326
31300,316041.817160084,175,2325
31400,318658.373473012,173,2327
31500,321632.5242740833,173,2327
31600,324361.80696845485,175,2325
31700,326827.1421695402,176,2324
31800,329569.1017886673,176,2324
31900,331935.37467720854,177,2323
32000,334468.12927532947,174,2326
32100,336980.80762735003,175,2325
32200,339628.3403723051,175,2325
32300,342473.69654414966,175,2325
32400,345505.2887768287,174,2326
32500,348484.0219562532,174,2326
32600,351526.32307681534,174,2326
32700,354837.3825502412,174,2326
32800,358088.34059490555,173,2327
32900,361396.3095434638,173,2327
33000,364620.6903781179,173,2327
33100,367868.41616303124,173,2327
33200,370898.82508064917,173,2327
33300,374192.5255707087,173,2327
33400,377212.30963948456,173,2327
33500,380377.51758092275,173,2327
33600,383452.02536674024,173,2327
33700,386386.81111167534,173,2327
33800,389172.88785825606,173,2327
33900,392040.68504254025,173,2327
34000,394851.1783061162,173,2327
34100,397517.4782910743,173,2327
34200,400486.3491489886,173,2327
34300,403368.7504955451,173,2327
34400,406369.9791484641,173,2327
34500,409494.1689572497,173,2327
34600,412817.6918500771,173,2327
34700,416296.0075518369,174,2326
34800,419888.38280963246,174,2326
34900,423472.6759341764,173,2327
35000,427156.5737697023,173,2327
35100,430611.9211293785,173,2327
35200,434223.8024848386,173,2327
35300,437582.1195239054,173,2327
35400,440917.45236827375,173,2327
35500,444457.45919802896,175,2325
35600,447908.55845501146,173,2327
35700,451286.44613529375,173,2327
35800,454437.45670030336,173,2327
35900,457552.1157400296,174,2326
36000,460549.68080391083,175,2325
36100,463570.4861118595,176,2324
36200,466697.9177998266,177,2323
36300,469727.34171997826,178,2322
36400,472960.23987641133,176,2324
36500,476318.7463775689,173,2327
36600,479789.18056599033,173,2327
36700,483198.3152533157,173,2327
36800,486949.0072426702,173,2327
36900,490918.85651523154,173,2327
37000,494857.66103736055,173,2327
37100,498817.7582647158,173,2327
37200,502468.9274073847,173,2327
37300,506355.83303110715,173,2327
37400,510070.2842219998,174,2326
37500,513849.1729059718,173,2327
37600,517601.5589864359,173,2327
37700,521096.7070694397,173,2327
37800,525012.6710346758,173,2327
37900,528566.7273579962,173,2327
38000,531957.3249985345,173,2327
38100,535272.2381545983,173,2327
38200,538552.946560044,173,2327
38300,541860.8258202118,173,2327
38400,545248.468791509,173,2327
38500,548656.6705829151,174,2326
38600,552345.4174118945,173,2327
38700,555923.42594794,173,2327
38800,559639.9650555708,173,2327
38900,563773.3248058644,173,2327
39000,568073.4465362531,173,2327
39100,572290.981292941,173,2327
39200,576572.5304835286,173,2327
39300,580697.8958525807,173,2327
39400,584907.1026012205,173,2327
39500,589021.863852927,173,2327
39600,592929.3852634032,173,2327
39700,596949.5137441714,173,2327
39800,600886.9918448838,173,2327
39900,604957.5842474789,173,2327
40000,608683.339265418,173,2327
40100,612513.4309155144,173,2327
40200,616006.3433805677,173,2327
40300,619588.0422438962,173,2327
40400,623194.1275283495,173,2327
40500,626876.1955737141,173,2327
40600,630570.3752313523,173,2327
40700,634193.4128712009,173,2327
40800,638256.5465190265,173,2327
40900,642229.5792121559,174,2326
41000,646535.5905128177,173,2327
41100,651199.7056904358,173,2327
41200,655852.0834054493,173,2327
41300,660370.5683942507,173,2327
41400,664722.4650674644,173,2327
41500,669207.4631599535,173,2327
41600,673636.722245237,173,2327
41700,678105.6809261971,173,2327
41800,682198.1202147754,173,2327
41900,686548.5908340683,173,2327
42000,690738.46616279,173,2327
42100,694966.1964775255,173,2327
42200,699084.1944923155,173,2327
42300,702819.0115531614,173,2327
42400,706818.0585440797,173,2327
42500,710892.9474217262,173,2327
42600,714629.3748634272,173,2327
42700,718310.1493353341,173,2327
42800,722339.7927219765,173,2327
42900,726606.1439528469,173,2327
43000,730879.8872567791,173,2327
43100,735694.4936138911,173,2327
43200,740534.5738898217,173,2327
43300,745211.2602226578,173,2327
43400,750247.8018385519,175,2325
43500,755101.6973004983,176,2324
43600,759760.8739179047,177,2323
43700,764520.124477582,173,2327
43800,768961.8758653138,173,2327
43900,773585.1637866567,173,2327
44000,778087.8727104159,173,2327
44100,782635.5709994492,173,2327
44200,787202.663433536,175,2325
44300,791356.9397662707,173,2327
44400,795690.2909989079,173,2327
44500,800022.2449462527,173,2327
44600,803878.5433992124,173,2327
44700,808213.4561312236,173,2327
44800,812416.1843393168,173,2327
44900,816913.1130306702,173,2327
45000,821144.8498554179,173,2327
45100,825591.3899778812,173,2327
45200,830201.7129509478,173,2327
45300,835512.9840368286,173,2327
45400,840820.9636510591,173,2327
45500,846148.3574620137,173,2327
45600,851326.631539893,173,2327
45700,856227.5044923765,173,2327
45800,861237.9836521668,173,2327
45900,866306.586102246,173,2327
46000,871140.3046744181,173,2327
46100,875938.0861019415,173,2327
46200,880721.2581910755,173,2327
46300,885344.9546215187,173,2327
46400,890114.9885286918,173,2327
46500,894731.134058519,173,2327
46600,899125.9367764211,173,2327
46700,903465.7831891617,173,2327
46800,907784.9615340033,173,2327
46900,912447.502116537,173,2327
47000,917292.8203607717,173,2327
47100,921882.6647138813,173,2327
47200,926128.486035323,173,2327
47300,931363.10153207,173,2327
47400,936913.1679169451,173,2327
47500,942480.6618722233,173,2327
47600,947989.1163312962,173,2327
47700,953548.9796658673,173,2327
47800,958955.3122308267,173,2327
47900,964180.2128672719,173,2327
48000,969465.371447406,173,2327
48100,974720.5058117469,173,2327
48200,979797.243311531,173,2327
48300,984903.3288300094,173,2327
48400,989733.1983687262,173,2327
48500,994792.1741361074,173,2327
48600,999801.9635184197,173,2327
48700,1004370.312612455,174,2326
48800,1009112.2534806788,173,2327
48900,1013905.9186777285,173,2327
49000,1018861.1321658054,173,2327
49100,1023643.6113351511,173,2327
49200,1028330.5358897824,173,2327
49300,1033171.8860667053,174,2326
49400,1038490.0991695774,177,2323
49500,1044138.7472360717,175,2325
49600,1050001.7121822967,174,2326
49700,1055726.0894297636,173,2327
49800,1061482.0160066662,173,2327
49900,1067266.5823430286,173,2327
50000,1072817.9830579753,173,2327
