step,msd_global,n_round,n_elongated
0,0.0,2500,0
100,26.95197234547744,2500,0
200,31.89170107205919,2434,66
300,35.57698750041769,2382,118
400,41.298554342741284,2328,172
500,52.576521857364426,2269,231
600,64.73394620842792,2202,298
700,75.65061026683111,2155,345
800,87.98721184014782,2097,403
900,104.2373705962601,2024,476
1000,121.9889824770018,1982,518
1100,138.91973192427474,1943,557
1200,163.6597894848679,1890,610
1300,189.2313965818971,1838,662
1400,224.80148090860806,1805,695
1500,251.3874074636056,1769,731
1600,277.55314418770735,1737,763
1700,320.4974922644242,1698,802
1800,359.82489603424364,1671,829
1900,404.22618438378856,1649,851
2000,450.4069213263588,1644,856
2100,502.9231026092927,1638,862
2200,545.0991263987349,1638,862
2300,590.9060415632008,1608,892
2400,634.367823795654,1596,904
2500,670.2414739382292,1590,910
2600,701.7230680632364,1594,906
2700,755.3894629664303,1587,913
2800,801.812604671669,1575,925
2900,834.3135491424722,1549,951
3000,860.2091925490055,1528,972
3100,884.6418380888604,1519,981
3200,931.0464209050826,1525,975
3300,979.1292857337115,1530,970
3400,1027.4646032008675,1549,951
3500,1063.2600791231569,1559,941
3600,1086.1827691188344,1543,957
3700,1114.4373496996566,1538,962
3800,1138.5356276081045,1525,975
3900,1166.2965551485083,1523,977
4000,1208.0308269203024,1541,959
4100,1238.0217099470713,1492,1008
4200,1276.1698090951436,1464,1036
4300,1336.8888181088867,1448,1052
4400,1397.5794799985943,1410,1090
4500,1456.6254578459618,1390,1110
4600,1518.9708430000376,1385,1115
4700,1589.4013793920913,1383,1117
4800,1644.1555592233362,1367,1133
4900,1697.477692782592,1375,1125
5000,1734.6481553169958,1373,1127
5100,1789.8514030801716,1393,1107
5200,1850.376613969183,1401,1099
5300,1926.6350437587344,1414,1086
5400,1984.3960176914425,1409,1091
5500,2067.8032947641545,1410,1090
5600,2151.3250173429583,1398,1102
5700,2226.7964936368257,1376,1124
5800,2308.971849800245,1356,1144
5900,2418.2128008338227,1336,1164
6000,2529.2661408735244,1316,1184
6100,2655.923592017597,1272,1228
6200,2779.6988090564564,1271,1229
6300,2902.7090515000923,1251,1249
6400,3030.081017916248,1215,1285
6500,3145.4257727616437,1189,1311
6600,3245.4173529517316,1190,1310
6700,3342.609120064783,1183,1317
6800,3437.1603823210307,1161,1339
6900,3536.6430472182974,1137,1363
7000,3601.0845035630973,1111,1389
7100,3685.519889981684,1085,1415
7200,3768.923792975244,1065,1435
7300,3882.2344878160998,1068,1432
7400,4018.2868658945904,1050,1450
7500,4138.313813235901,1017,1483
7600,4260.533488839901,993,1507
7700,4389.056061300584,958,1542
7800,4500.045911720802,970,1530
7900,4580.01516942779,962,1538
8000,4693.219036008738,944,1556
8100,4756.754315715778,939,1561
8200,4857.358984959011,899,1601
8300,4960.0533277537315,867,1633
8400,5085.52086257358,833,1667
8500,5190.3705853661195,798,1702
8600,5324.057313983877,756,1744
8700,5468.791348242257,736,1764
8800,5622.197756752038,722,1778
8900,5793.2147289884415,702,1798
9000,5966.048350419017,684,1816
9100,6096.296451887847,671,1829
9200,6216.131177281543,675,1825
9300,6384.36259323272,656,1844
9400,6550.013327798454,666,1834
9500,6711.767846619405,678,1822
9600,6901.225624868023,683,1817
9700,7108.257895035872,676,1824
9800,7270.806293733642,670,1830
9900,7429.80639485052,662,1838
10000,7569.4842950693965,652,1848
10100,7712.000849275157,642,1858
10200,7866.679990939641,643,1857
10300,8085.183435031058,632,1868
10400,8324.424731692767,635,1865
10500,8523.06589118868,632,1868
10600,8719.529904896397,633,1867
10700,8981.954032210642,643,1857
10800,9230.581864456726,634,1866
10900,9474.13113231527,625,1875
11000,9776.304096332846,624,1876
11100,10066.56818831095,615,1885
11200,10371.91166380958,599,1901
11300,10693.005841500835,586,1914
11400,10960.494356900903,580,1920
11500,11239.92558585486,576,1924
11600,11485.747078230108,571,1929
11700,11747.214479476464,574,1926
11800,12040.249577741515,562,1938
11900,12336.503796515364,543,1957
12000,12628.41221238684,524,1976
12100,12955.660001624854,510,1990
12200,13346.667849635427,498,2002
12300,13668.545223471094,481,2019
12400,14031.862774025374,467,2033
12500,14405.0241608758,469,2031
12600,14827.477589065456,459,2041
12700,15278.00004796063,441,2059
12800,15675.130946286616,432,2068
12900,16105.358606900805,431,2069
13000,16593.22924626156,440,2060
13100,17075.006312668633,462,2038
13200,17529.93416002594,469,2031
13300,17981.895119517067,469,2031
13400,18468.62492943277,462,2038
13500,18944.126858393523,453,2047
13600,19432.852964314763,464,2036
13700,19904.633044176833,471,2029
13800,20311.01979464389,453,2047
13900,20776.271215433677,454,2046
14000,21243.618990231716,455,2045
14100,21642.795779739885,436,2064
14200,22128.23583911416,430,2070
14300,22583.917367677823,429,2071
14400,23094.424520990204,407,2093
14500,23609.349488048098,392,2108
14600,24141.12673870548,381,2119
14700,24674.653050981837,364,2136
14800,25207.84639015256,354,2146
14900,25842.53267351466,353,2147
15000,26434.913128347147,340,2160
15100,27095.35434259925,317,2183
15200,27730.17552870081,314,2186
15300,28271.940345743395,299,2201
15400,28874.339342661147,271,2229
15500,29519.168812242915,252,2248
15600,30187.63714197353,245,2255
15700,30857.78620681842,230,2270
15800,31569.16320229345,223,2277
15900,32221.68951721548,220,2280
16000,32896.1364299159,216,2284
16100,33738.65851903484,216,2284
16200,34492.614731513284,216,2284
16300,35263.979653907554,224,2276
16400,35985.20481696881,239,2261
16500,36793.00598135691,252,2248
16600,37618.193829757634,257,2243
16700,38362.01732008167,263,2237
16800,39195.731106332925,261,2239
16900,39998.26622464888,260,2240
17000,40817.545750282756,265,2235
17100,41717.84807643891,267,2233
17200,42573.529294526285,267,2233
17300,43529.53874980999,268,2232
17400,44429.30046185943,273,2227
17500,45277.457547444275,272,2228
17600,46153.36859114009,278,2222
17700,47062.62017561945,264,2236
17800,47978.44202912103,249,2251
17900,48954.66613302131,236,2264
18000,49868.60185507706,225,2275
18100,50835.21423663587,218,2282
18200,51868.52053827446,204,2296
18300,52806.339437361676,199,2301
18400,53850.83921417127,195,2305
18500,54914.70502272861,190,2310
18600,55957.37623643098,189,2311
18700,57021.22910368295,189,2311
18800,58046.49759858818,188,2312
18900,59080.598013324496,188,2312
19000,60037.81393261603,193,2307
19100,61205.16154959891,196,2304
19200,62265.6033745404,194,2306
19300,63488.11933714224,186,2314
19400,64683.768685015915,186,2314
19500,65877.2731338296,188,2312
19600,67052.24657360713,185,2315
19700,68259.36777035527,185,2315
19800,69442.57185499245,185,2315
19900,70679.69895721211,188,2312
20000,71805.73788601947,187,2313
20100,73026.28151622761,186,2314
20200,74256.75933685651,185,2315
20300,75534.55273258316,185,2315
20400,76735.59541209754,186,2314
20500,77959.60942189694,189,2311
20600,79259.0184015003,189,2311
20700,80578.18737632327,187,2313
20800,81867.27172955326,185,2315
20900,83176.7411378864,187,2313
21000,84512.12148060749,189,2311
21100,85928.4168955059,191,2309
21200,87268.78790509955,186,2314
21300,88601.5356889681,185,2315
21400,90011.36757388996,186,2314
21500,91394.95870773536,187,2313
21600,92916.674726434,189,2311
21700,94469.44653799583,189,2311
21800,95946.78288086549,193,2307
21900,97433.06493776027,197,2303
22000,98871.66305847772,206,2294
22100,100390.45039715183,207,2293
22200,101803.50651967293,204,2296
22300,103286.12653951741,206,2294
22400,104684.98143176587,200,2300
22500,106101.54498922784,199,2301
22600,107655.37844159022,196,2304
22700,109133.42417288061,189,2311
22800,110691.55224162337,185,2315
22900,112260.78592613211,185,2315
23000,113793.2957977312,185,2315
23100,115385.09576746191,185,2315
23200,116972.25743462922,185,2315
23300,118581.22568681459,184,2316
23400,120264.28555394373,185,2315
23500,121964.05842008,188,2312
23600,123650.15109761247,184,2316
23700,125256.65081180792,184,2316
23800,127116.42679230671,186,2314
23900,128937.22420143962,188,2312
24000,130565.11263676395,188,2312
24100,132395.3999040806,189,2311
24200,134188.67836041073,188,2312
24300,136010.73990165096,183,2317
24400,137764.8175358735,183,2317
24500,139463.9036026281,183,2317
24600,141138.90599767794,183,2317
24700,142907.10467838278,183,2317
24800,144670.82251436976,184,2316
24900,146435.73087881895,183,2317
25000,148229.3560466588,182,2318
25100,150160.23637304574,182,2318
25200,151985.95677982693,182,2318
25300,153985.63048742537,183,2317
25400,155864.69679036405,182,2318
25500,157806.0351596966,182,2318
25600,159743.13512902404,182,2318
25700,161698.0043131748,182,2318
25800,163717.80075280461,183,2317
25900,165702.69464263282,183,2317
26000,167759.8334703841,182,2318
26100,169926.51864266177,182,2318
26200,172035.48374706038,182,2318
26300,174044.64053075935,182,2318
26400,176195.1504818576,182,2318
26500,178113.09352773978,182,2318
26600,180153.19870987133,182,2318
26700,182202.1182876318,182,2318
26800,184154.88916518222,182,2318
26900,186267.49091631203,182,2318
27000,188394.8123437013,182,2318
27100,190406.78903798846,182,2318
27200,192479.61855943163,182,2318
27300,194671.24200232347,182,2318
27400,196772.16647647406,182,2318
27500,199017.22993141023,182,2318
27600,201216.05988642102,185,2315
27700,203510.0531667523,185,2315
27800,205842.92122269399,182,2318
27900,208113.36347584802,182,2318
28000,210414.60001455178,182,2318
28100,212692.22878505324,182,2318
28200,215059.92023416105,185,2315
28300,217449.21796848226,188,2312
28400,219849.60009591703,187,2313
28500,222245.29963100265,186,2314
28600,224595.23818618464,182,2318
28700,226876.31215245303,182,2318
28800,229186.94493198904,182,2318
28900,231421.30469141842,182,2318
29000,233786.03850372724,182,2318
29100,236156.84775030025,182,2318
29200,238213.39564379535,182,2318
29300,240736.33469863047,182,2318
29400,243124.48204585732,182,2318
29500,245645.43678183775,182,2318
29600,248007.88796421615,182,2318
29700,250442.97408731584,182,2318
29800,253061.66394846002,182,2318
29900,255557.42727498355,182,2318
30000,258179.13403500585,182,2318
30100,260858.81437034148,182,2318
30200,263543.8934562004,184,2316
30300,266037.38922930387,184,2316
30400,268699.11281043885,187,2313
30500,271496.67816245975,189,2311
30600,274101.15705151483,188,2312
30700,276708.2299301702,187,2313
30800,279386.53086077987,182,2318
30900,281991.3424099237,182,2318
31000,284580.7601965589,182,2318
31100,287205.59774712095,182,2318
31200,289770.7808175732,182,2318
31300,292309.31701808085,182,2318
31400,294831.15404318535,182,2318
31500,297461.95609302376,182,2318
31600,300198.481897328,182,2318
31700,302934.4343404827,182,2318
31800,305649.52152861125,183,2317
31900,308540.15799797163,182,2318
32000,311361.8955217872,182,2318
32100,314221.5584040452,182,2318
32200,317184.799978882,182,2318
32300,320175.8919188627,182,2318
32400,322970.87912896136,182,2318
32500,325955.9558804873,182,2318
32600,328939.58649100666,182,2318
32700,332005.573498387,182,2318
32800,334936.41273396276,182,2318
32900,337922.15974714194,183,2317
33000,340833.6434891917,182,2318
33100,343607.4880848258,182,2318
33200,346494.24189992854,182,2318
33300,349321.3548662971,182,2318
33400,352266.1634662577,182,2318
33500,355172.28807425615,182,2318
33600,358152.61469636514,182,2318
33700,361134.4454733641,182,2318
33800,363903.1681653448,182,2318
33900,366861.8022928859,182,2318
34000,369964.76062769786,183,2317
34100,373119.617898178,182,2318
34200,376325.10256568866,182,2318
34300,379562.53181742475,182,2318
34400,382732.0846404791,182,2318
34500,385934.2354881014,182,2318
34600,389169.5277661472,182,2318
34700,392350.03056030395,184,2316
34800,395795.7620321272,186,2314
34900,399024.88359819324,184,2316
35000,402109.4052709949,182,2318
35100,405311.877060128,182,2318
35200,408634.5263350238,182,2318
35300,411833.8975374755,183,2317
35400,414981.77982387313,183,2317
35500,418208.49782593246,183,2317
35600,421317.38765566656,182,2318
35700,424479.371342503,184,2316
35800,427700.1178298661,185,2315
35900,430915.8952135849,184,2316
36000,433844.7719428725,182,2318
36100,437096.8935240326,182,2318
36200,440531.845013258,182,2318
36300,444086.29521457007,182,2318
36400,447600.3862267652,182,2318
36500,451013.03149174125,182,2318
36600,454424.894828182,182,2318
36700,457785.54651313875,182,2318
36800,461440.64470936224,182,2318
36900,465008.8876370108,182,2318
37000,468697.3463390259,185,2315
37100,471902.51274376747,184,2316
37200,475347.1071661089,182,2318
37300,478940.41831890127,182,2318
37400,482555.4672127586,182,2318
37500,486135.6615891721,182,2318
37600,489689.36221437453,182,2318
37700,492951.17863813054,184,2316
37800,496010.33538548223,189,2311
37900,499474.70869885007,188,2312
38000,503124.8966378047,189,2311
38100,506636.79284768336,186,2314
38200,509885.0967289553,183,2317
38300,513488.50151869276,182,2318
38400,517141.77828998334,182,2318
38500,520912.32218645595,182,2318
38600,524680.77388135,182,2318
38700,528274.8613199043,183,2317
38800,531953.68965542,182,2318
38900,535429.827653005,182,2318
39000,539279.2748795007,182,2318
39100,543009.062600568,182,2318
39200,546606.7163474816,182,2318
39300,550272.4025260295,185,2315
39400,553924.4168460892,184,2316
39500,557650.5105771056,182,2318
39600,561595.2591351452,182,2318
39700,565399.8047051529,182,2318
39800,568961.5074451801,182,2318
39900,572525.7507904709,182,2318
40000,576368.2651126606,182,2318
40100,580211.8034486603,182,2318
40200,583769.9780791654,182,2318
40300,587357.3720653116,184,2316
40400,591352.6316586918,186,2314
40500,595052.0046908055,185,2315
40600,599092.3102371345,182,2318
40700,603168.022410567,182,2318
40800,607161.9531690956,182,2318
40900,611132.7979385862,182,2318
41000,615156.9196648913,182,2318
41100,619086.131319253,186,2314
41200,623078.0659580246,184,2316
41300,626952.6152881159,182,2318
41400,630908.0169904076,182,2318
41500,634816.8429225319,182,2318
41600,638976.02104684,182,2318
41700,643130.9434512118,182,2318
41800,647137.2504221817,182,2318
41900,651024.8599982363,182,2318
42000,655010.8969841051,182,2318
42100,659254.3718031954,182,2318
42200,663162.5057120429,182,2318
42300,666803.8132169035,182,2318
42400,670860.0419790415,184,2316
42500,675014.3373411299,185,2315
42600,679111.141927579,184,2316
42700,683377.74307597,182,2318
42800,687788.5586515615,182,2318
42900,692018.1665729814,182,2318
43000,696183.3859346043,182,2318
43100,700627.3273106574,183,2317
43200,704769.4795507074,182,2318
43300,709130.7660411145,184,2316
43400,713337.1633626994,187,2313
43500,717264.0786523644,187,2313
43600,721729.4766620636,190,2310
43700,726001.332983558,190,2310
43800,730538.311922084,191,2309
43900,734787.2174444128,188,2312
44000,738742.1325696812,185,2315
44100,743221.7746990317,183,2317
44200,747471.1795095223,185,2315
44300,751540.7126356971,182,2318
44400,755620.5918994552,182,2318
44500,760030.589552676,183,2317
44600,764404.1349608686,182,2318
44700,768341.7113806036,183,2317
44800,772946.570153664,182,2318
44900,777533.3700770235,183,2317
45000,782198.9829881452,182,2318
45100,786661.3815797087,182,2318
45200,791257.0997969062,182,2318
45300,795780.5741195694,182,2318
45400,800587.5952730068,183,2317
45500,804766.4839146953,182,2318
45600,809007.6892766311,183,2317
45700,813534.5334685465,183,2317
45800,818249.2644861757,182,2318
45900,822857.7168089062,182,2318
46000,827425.5687809817,182,2318
46100,831975.3241601863,182,2318
46200,836486.7459740055,182,2318
46300,841110.0060286337,183,2317
46400,845416.5027650421,186,2314
46500,849798.5059733514,184,2316
46600,854372.6228408417,182,2318
46700,859076.778765031,182,2318
46800,863488.0293596816,182,2318
46900,868007.3428906952,182,2318
47000,873219.7488317774,182,2318
47100,878015.4614648221,182,2318
47200,882786.7869321231,182,2318
47300,887692.172490791,184,2316
47400,892429.3512930709,182,2318
47500,897176.6506339093,182,2318
47600,901964.7964370839,183,2317
47700,906579.3416682835,183,2317
47800,911316.4402344837,183,2317
47900,916326.1354167488,183,2317
48000,920911.6600600174,182,2318
48100,925747.7365084585,182,2318
48200,930781.0094071726,182,2318
48300,935759.0217598847,182,2318
48400,940342.8034779318,182,2318
48500,945069.2809651148,182,2318
48600,949750.2768068827,182,2318
48700,954907.7955282574,182,2318
48800,959667.1408466056,182,2318
48900,964271.5635387272,182,2318
49000,969266.8323398685,182,2318
49100,974232.222398429,182,2318
49200,979625.5352453911,182,2318
49300,984773.5405607674,182,2318
49400,989902.0859256233,182,2318
49500,995166.7277208582,182,2318
49600,999906.1628400027,182,2318
49700,1005088.02403689,182,2318
49800,1010078.965299231,182,2318
49900,1015213.7104950161,182,2318
50000,1020300.92821884,182,2318
