step,msd_global,n_round,n_elongated
0,0.0,2500,0
100,27.684601007428935,2500,0
200,29.530782739428002,2462,38
300,34.478946819973274,2430,70
400,36.223057198324845,2391,109
500,41.272781619147594,2346,154
600,53.16337283413528,2292,208
700,64.6516591231392,2223,277
800,73.9129923152502,2173,327
900,86.94480497682183,2119,381
1000,103.99477690283295,2071,429
1100,112.83507657686246,2018,482
1200,132.21931564383385,1975,525
1300,148.1008463731981,1926,574
1400,171.388321542264,1884,616
1500,191.81364970692275,1831,669
1600,219.36326782688107,1823,677
1700,245.80178288586507,1810,690
1800,268.93520305045075,1780,720
1900,296.8098068131638,1752,748
2000,325.3635082967881,1706,794
2100,342.24914646251995,1687,813
2200,368.95127669285426,1644,856
2300,393.00946089140166,1652,848
2400,419.59482636285,1656,844
2500,447.62129196768944,1629,871
2600,479.61478488408665,1610,890
2700,513.1329930634931,1600,900
2800,551.9678827420805,1569,931
2900,586.6565851668652,1540,960
3000,620.7153813066157,1510,990
3100,654.6663610376935,1484,1016
3200,690.9557548527499,1500,1000
3300,730.242397897398,1496,1004
3400,767.581372147055,1499,1001
3500,810.6687871527798,1480,1020
3600,855.4045920142199,1473,1027
3700,899.983124264934,1467,1033
3800,954.2441290880178,1451,1049
3900,983.1692022589099,1444,1056
4000,1013.9757474350654,1419,1081
4100,1034.051809180986,1412,1088
4200,1055.0941379338342,1376,1124
4300,1099.295565890666,1364,1136
4400,1147.104415559721,1354,1146
4500,1202.2151233282723,1319,1181
4600,1269.8637815931268,1309,1191
4700,1359.0043443614245,1314,1186
4800,1444.7187050419366,1297,1203
4900,1527.3941438631794,1303,1197
5000,1601.1684335541827,1295,1205
5100,1659.7605863675383,1281,1219
5200,1710.2974729368784,1242,1258
5300,1767.0078417054624,1220,1280
5400,1836.9216358864535,1203,1297
5500,1920.436701420557,1178,1322
5600,2002.2382145108704,1165,1335
5700,2071.063321781872,1150,1350
5800,2141.2304818677403,1133,1367
5900,2225.5798077584923,1117,1383
6000,2317.172583475966,1109,1391
6100,2391.586229263464,1122,1378
6200,2499.042870897158,1129,1371
6300,2603.1464151841915,1117,1383
6400,2707.743684028889,1170,1330
6500,2799.6006501358,1170,1330
6600,2861.8566975511303,1174,1326
6700,2885.25303591481,1190,1310
6800,2922.634520944147,1192,1308
6900,2968.0220935360844,1186,1314
7000,3008.5381303751246,1167,1333
7100,3061.560714637886,1180,1320
7200,3109.4198927713437,1176,1324
7300,3166.348398670238,1177,1323
7400,3219.6099683312027,1153,1347
7500,3287.416971050733,1171,1329
7600,3362.070985369283,1160,1340
7700,3414.0537813819305,1180,1320
7800,3484.060798678371,1190,1310
7900,3572.382766027993,1190,1310
8000,3661.7873757632055,1173,1327
8100,3760.583186578469,1187,1313
8200,3865.788680816354,1186,1314
8300,3965.899552670011,1172,1328
8400,4062.660661266196,1158,1342
8500,4174.591426070887,1135,1365
8600,4269.218865130429,1124,1376
8700,4355.35340774405,1108,1392
8800,4489.899301200526,1085,1415
8900,4629.576501503274,1081,1419
9000,4763.0561967399935,1076,1424
9100,4882.409818782182,1081,1419
9200,5029.951326002641,1069,1431
9300,5177.010800382745,1055,1445
9400,5307.8188514183685,1024,1476
9500,5451.148224643385,1002,1498
9600,5583.466259216322,972,1528
9700,5692.866303798094,954,1546
9800,5846.501774571846,929,1571
9900,5970.118102925328,912,1588
10000,6096.518298600062,895,1605
10100,6265.002005999843,864,1636
10200,6420.166152183026,850,1650
10300,6550.183490832652,846,1654
10400,6697.977248137558,827,1673
10500,6879.906192224533,798,1702
10600,7037.0072952988385,779,1721
10700,7190.564426279186,777,1723
10800,7340.5566992864315,761,1739
10900,7500.92974436055,749,1751
11000,7670.288376621148,723,1777
11100,7872.638532202372,701,1799
11200,8029.587197972147,701,1799
11300,8218.174981966305,684,1816
11400,8419.527607571796,660,1840
11500,8662.124136757615,637,1863
11600,8933.585843165161,616,1884
11700,9212.749630576192,601,1899
11800,9498.72094246797,585,1915
11900,9818.9607905292,565,1935
12000,10123.571355984592,541,1959
12100,10436.309812678968,512,1988
12200,10733.612463520023,470,2030
12300,11075.299419202513,445,2055
12400,11423.79812697388,423,2077
12500,11830.474106552934,415,2085
12600,12201.388283002434,385,2115
12700,12602.388960457145,356,2144
12800,13015.60813028368,337,2163
12900,13441.628639781356,314,2186
13000,13849.54172030765,316,2184
13100,14270.536686229116,328,2172
13200,14673.214700349745,338,2162
13300,15119.92006621863,343,2157
13400,15568.67311838829,343,2157
13500,16041.382047381972,336,2164
13600,16481.49379859009,326,2174
13700,16959.012237853545,321,2179
13800,17458.12774085763,323,2177
13900,17952.851686732964,317,2183
14000,18507.064288903082,311,2189
14100,19032.165215735044,302,2198
14200,19521.95884356224,281,2219
14300,20067.15336764928,268,2232
14400,20606.85330587056,257,2243
14500,21125.705410735674,245,2255
14600,21686.964629939972,239,2261
14700,22271.855664240207,219,2281
14800,22855.63233394587,198,2302
14900,23478.213203797895,180,2320
15000,24054.78304193728,168,2332
15100,24701.299002250576,166,2334
15200,25374.300792929924,155,2345
15300,26063.526200050746,147,2353
15400,26818.962598578913,145,2355
15500,27597.63743316876,145,2355
15600,28360.486643191252,131,2369
15700,29115.051687082683,120,2380
15800,29832.40980088918,114,2386
15900,30601.763754513133,108,2392
16000,31366.31710244634,102,2398
16100,32164.79527690147,93,2407
16200,32870.55778865117,94,2406
16300,33627.46462483823,92,2408
16400,34419.39811366744,72,2428
16500,35218.68921187386,69,2431
16600,36050.1967091092,68,2432
16700,36872.21234141752,56,2444
16800,37745.696986738374,49,2451
16900,38587.447796636734,44,2456
17000,39451.98128424859,45,2455
17100,40295.09523500324,45,2455
17200,41101.80816899548,46,2454
17300,41943.09241366714,41,2459
17400,42762.92974935207,47,2453
17500,43640.34073790819,51,2449
17600,44482.17116117506,57,2443
17700,45332.041413576146,65,2435
17800,46294.116796423645,61,2439
17900,47235.967866272935,64,2436
18000,48226.58346614548,63,2437
18100,49200.664884432306,65,2435
18200,50187.5958685251,53,2447
18300,51222.28348784154,35,2465
18400,52291.806835936964,26,2474
18500,53422.13784672912,23,2477
18600,54511.89963464614,24,2476
18700,55635.00267502544,22,2478
18800,56762.98816321894,22,2478
18900,57898.99121405244,13,2487
19000,59010.10591682751,15,2485
19100,60069.08893092994,20,2480
19200,61141.37285833881,21,2479
19300,62289.73266771893,19,2481
19400,63456.12782751347,20,2480
19500,64681.15144514574,18,2482
19600,65900.11018180764,15,2485
19700,67135.75819448793,12,2488
19800,68458.73037729922,11,2489
19900,69795.55444240179,9,2491
20000,71060.29925965852,9,2491
20100,72285.69686500097,9,2491
20200,73458.25812994246,10,2490
20300,74690.55114902824,10,2490
20400,75939.6495979677,10,2490
20500,77228.35787092436,9,2491
20600,78511.19549314496,9,2491
20700,79904.74697339456,10,2490
20800,81227.53949525018,13,2487
20900,82666.31029936056,14,2486
21000,83973.2738517721,14,2486
21100,85310.90810405024,13,2487
21200,86770.76318608318,12,2488
21300,88158.6791162956,11,2489
21400,89630.19701171805,13,2487
21500,91125.79188904738,11,2489
21600,92664.52939517391,10,2490
21700,94234.87269434155,9,2491
21800,95792.28618050663,9,2491
21900,97312.1217953358,12,2488
22000,98762.18873117008,10,2490
22100,100277.41854301897,9,2491
22200,101907.44981117034,9,2491
22300,103502.0564750546,10,2490
22400,105014.11942382931,9,2491
22500,106705.56828345134,8,2492
22600,108348.34545727725,8,2492
22700,110050.84719659036,8,2492
22800,111763.56312687478,8,2492
22900,113489.74798074472,9,2491
23000,115178.62854713094,8,2492
23100,116945.79638900525,8,2492
23200,118603.6627824115,8,2492
23300,120301.7683092004,8,2492
23400,122116.0619195067,8,2492
23500,123862.3712834196,10,2490
23600,125510.58384022841,8,2492
23700,127371.71983300366,8,2492
23800,129161.12149969334,7,2493
23900,130986.83333145922,7,2493
24000,132583.6023862483,7,2493
24100,134347.6854821014,7,2493
24200,136120.79387279137,7,2493
24300,137933.85399655238,7,2493
24400,139849.8377884768,7,2493
24500,141657.06731527305,7,2493
24600,143621.4534712832,7,2493
24700,145589.1590979581,7,2493
24800,147507.5233562645,7,2493
24900,149477.0864915078,8,2492
25000,151430.90461412456,8,2492
25100,153411.65784402896,7,2493
25200,155502.18118804492,8,2492
25300,157535.71011340994,7,2493
25400,159604.04129985304,7,2493
25500,161535.7600684231,8,2492
25600,163577.06336277485,7,2493
25700,165733.53153494353,7,2493
25800,167907.0908006639,7,2493
25900,170055.33017845068,7,2493
26000,172254.41798738547,7,2493
26100,174388.6362606648,6,2494
26200,176654.86906714007,6,2494
26300,178772.070581355,6,2494
26400,180913.65728552896,6,2494
26500,183171.65619564775,8,2492
26600,185354.09177528435,11,2489
26700,187717.05186838223,10,2490
26800,189911.30221580114,6,2494
26900,192131.28926342246,6,2494
27000,194316.1827961662,6,2494
27100,196441.2661407306,6,2494
27200,198616.8102777095,6,2494
27300,200826.54370416995,6,2494
27400,203128.71463975782,6,2494
27500,205392.26287249546,6,2494
27600,207736.34121061658,6,2494
27700,210149.02310931226,6,2494
27800,212514.7504234036,6,2494
27900,214841.23202183467,6,2494
28000,217333.87926918507,6,2494
28100,219706.82334864273,6,2494
28200,222144.23756515046,6,2494
28300,224583.8800569834,6,2494
28400,226943.04378314447,6,2494
28500,229401.15503540353,6,2494
28600,231890.48833369135,6,2494
28700,234468.1773716265,7,2493
28800,237014.34213591643,9,2491
28900,239664.65232655787,11,2489
29000,242228.4196860643,12,2488
29100,244812.07745563803,13,2487
29200,247502.9561192828,9,2491
29300,250088.617203743,6,2494
29400,252774.89728757663,6,2494
29500,255587.12656453447,6,2494
29600,258448.5903100918,6,2494
29700,261091.6747391425,6,2494
29800,263796.6611899908,6,2494
29900,266465.4310769011,6,2494
30000,269146.03093456285,6,2494
30100,271753.4942783897,6,2494
30200,274305.2857150698,6,2494
30300,276903.92184144096,6,2494
30400,279600.43185430404,6,2494
30500,282108.5173217244,6,2494
30600,284694.9390092346,8,2492
30700,287360.5691401863,10,2490
30800,290022.6120847116,14,2486
30900,292744.18502908887,9,2491
31000,295420.64279614895,8,2492
31100,298233.13411662006,8,2492
31200,301069.77598590066,6,2494
31300,303816.1442486083,6,2494
31400,306810.8771150774,6,2494
31500,309593.2338204537,6,2494
31600,312597.1698896371,6,2494
31700,315530.5485298568,6,2494
31800,318456.7658311338,6,2494
31900,321488.79460557865,6,2494
32000,324525.34353103075,6,2494
32100,327592.9151935667,7,2493
32200,330657.3166434464,6,2494
32300,333819.4858111878,6,2494
32400,337040.19096592924,6,2494
32500,340236.28525665984,6,2494
32600,343502.93282379606,6,2494
32700,346532.38076876075,6,2494
32800,349848.9233848468,6,2494
32900,352973.76019964187,6,2494
33000,356224.5682899472,6,2494
33100,359308.9740206044,6,2494
33200,362453.63836004253,6,2494
33300,365329.4225354453,6,2494
33400,368183.80108662107,6,2494
33500,371083.229781069,6,2494
33600,374135.19913002173,7,2493
33700,377079.47593470523,6,2494
33800,380300.0353179695,6,2494
33900,383425.18804605276,6,2494
34000,386492.31199206965,6,2494
34100,389715.3430475384,6,2494
34200,392846.50209748076,6,2494
34300,396104.6524598944,6,2494
34400,399390.80990206316,6,2494
34500,402626.73440388095,6,2494
34600,405850.6798953392,6,2494
34700,409391.0400603681,6,2494
34800,412707.26487304317,6,2494
34900,416211.2189635149,6,2494
35000,419664.4971735422,6,2494
35100,423173.288831202,6,2494
35200,426906.84793791437,6,2494
35300,430450.2807221449,6,2494
35400,434059.65857176314,6,2494
35500,437606.9993158573,6,2494
35600,441185.8687312628,6,2494
35700,444728.50216787244,6,2494
35800,448476.7764509604,6,2494
35900,452015.532188678,6,2494
36000,455576.269164066,6,2494
36100,459072.8253767374,6,2494
36200,462757.8068708404,6,2494
36300,466200.5135920333,6,2494
36400,469614.309908603,6,2494
36500,473005.22102412756,6,2494
36600,476334.3998878916,6,2494
36700,479628.26245255506,6,2494
36800,483025.7360548767,6,2494
36900,486530.23434899695,6,2494
37000,490136.8922951416,6,2494
37100,493643.41217809124,6,2494
37200,497094.45703357697,6,2494
37300,500813.4418874068,7,2493
37400,504364.8168010007,6,2494
37500,508113.3445452216,6,2494
37600,511798.37833578093,6,2494
37700,515595.17734683916,6,2494
37800,519495.610955479,6,2494
37900,523350.34121502016,6,2494
38000,527381.1860319211,6,2494
38100,531435.9405358536,7,2493
38200,535489.2934356403,6,2494
38300,539708.2235514002,6,2494
38400,543619.3531387837,6,2494
38500,547736.1529610383,6,2494
38600,551632.408546138,6,2494
38700,555701.5261242187,6,2494
38800,559602.880250231,6,2494
38900,563648.6702505269,6,2494
39000,567812.4340200417,6,2494
39100,571971.337392072,6,2494
39200,576259.7259470675,6,2494
39300,580407.6030525684,6,2494
39400,584475.254313154,7,2493
39500,588033.681636771,6,2494
39600,591746.5662540701,6,2494
39700,595546.4654976147,6,2494
39800,599411.6723933816,6,2494
39900,603322.6966562178,6,2494
40000,607124.0791477432,6,2494
40100,610941.7628619998,6,2494
40200,614692.9262643955,11,2489
40300,618598.4831917504,14,2486
40400,622606.5821150588,15,2485
40500,626663.4344460223,19,2481
40600,630536.342288031,25,2475
40700,634727.0812262442,25,2475
40800,638846.4361905783,22,2478
40900,643346.2508809551,14,2486
41000,647731.9239732397,10,2490
41100,652343.6703039656,7,2493
41200,656718.2420594146,7,2493
41300,661234.0716438409,7,2493
41400,665569.6740898228,7,2493
41500,669988.9839034437,7,2493
41600,674270.4857539901,7,2493
41700,678683.7033743933,7,2493
41800,683286.2067198774,7,2493
41900,687955.0931474679,7,2493
42000,692483.8651022948,7,2493
42100,697103.6219216292,6,2494
42200,701595.3573218316,6,2494
42300,706106.8292416501,7,2493
42400,710525.0730739759,6,2494
42500,714684.0425150559,7,2493
42600,718868.599858518,6,2494
42700,723370.8841905713,6,2494
42800,727550.9634147921,6,2494
42900,731768.4770430744,6,2494
43000,735875.3544918549,6,2494
43100,740069.6587280739,6,2494
43200,744073.4709207396,7,2493
43300,748248.325049345,6,2494
43400,752543.4789148355,6,2494
43500,756675.9466357552,6,2494
43600,760987.9040455811,6,2494
43700,765399.6424714929,6,2494
43800,770121.0813916518,6,2494
43900,774829.143684133,6,2494
44000,779876.3021604954,6,2494
44100,784824.1882037182,6,2494
44200,789643.0504140412,6,2494
44300,794534.2639354897,6,2494
44400,799543.9040530531,6,2494
44500,804452.5855834165,7,2493
44600,809478.7880621699,7,2493
44700,814472.1524646976,6,2494
44800,819488.5774960199,6,2494
44900,824474.433576499,6,2494
45000,829289.3776291298,6,2494
45100,834340.2240456198,6,2494
45200,839091.0568068638,6,2494
45300,843937.2805374742,6,2494
45400,848721.4213035707,6,2494
45500,853492.5360474465,6,2494
45600,858233.1229101473,6,2494
45700,863070.9424756018,6,2494
45800,867905.1727332112,6,2494
45900,872718.2846039667,6,2494
46000,877245.1371134504,6,2494
46100,881859.0813157134,6,2494
46200,886444.8632825242,6,2494
46300,890927.0518220867,6,2494
46400,895431.5886188694,6,2494
46500,899862.2494861238,6,2494
46600,904571.0296156986,6,2494
46700,909578.804639882,6,2494
46800,914554.7423370995,6,2494
46900,919740.029980991,6,2494
47000,924785.7729224262,6,2494
47100,930191.1246831161,6,2494
47200,935660.2115261116,6,2494
47300,941201.9052389752,6,2494
47400,946410.4104534565,6,2494
47500,952272.8642408457,6,2494
47600,957616.4661838707,6,2494
47700,963048.1423807467,6,2494
47800,968785.7594533815,6,2494
47900,974016.1318861044,6,2494
48000,979280.687579118,6,2494
48100,984519.6086155275,6,2494
48200,989608.1104663365,6,2494
48300,994977.870133424,6,2494
48400,1000409.9801378152,6,2494
48500,1005719.4645412556,6,2494
48600,1011032.4946626945,6,2494
48700,1016346.2024810383,6,2494
48800,1021555.0575193359,6,2494
48900,1026696.8576456279,6,2494
49000,1031789.9611333946,6,2494
49100,1036894.4282224593,6,2494
49200,1041895.8720887833,6,2494
49300,1046847.1503175901,6,2494
49400,1052028.5596837057,6,2494
49500,1056726.8750579015,6,2494
49600,1061841.5343389302,6,2494
49700,1067419.96966438,6,2494
49800,1072415.4538042252,6,2494
49900,1077737.3316638041,6,2494
50000,1083363.0530081356,6,2494
