step,msd_global,n_round,n_elongated
0,0.0,2500,0
100,23.85773286075662,2500,0
200,29.297562550375623,2454,46
300,36.17420575974317,2416,84
400,39.23523713676523,2365,135
500,46.244711850046976,2316,184
600,52.45687627304557,2247,253
700,65.94727012083824,2179,321
800,76.1116093547362,2111,389
900,96.75976922567843,2037,463
1000,111.0258318225883,1976,524
1100,128.32848371713376,1924,576
1200,151.9534127856831,1884,616
1300,173.46402520892755,1845,655
1400,204.26606772826688,1817,683
1500,231.05752257522744,1777,723
1600,266.54802913856304,1741,759
1700,292.8270541781391,1732,768
1800,326.1121351583039,1714,786
1900,365.1913905828177,1693,807
2000,394.8575856674024,1677,823
2100,430.25220622847246,1652,848
2200,474.5998083834375,1621,879
2300,516.0932691881105,1622,878
2400,564.9346464373883,1620,880
2500,621.7276156515611,1595,905
2600,671.6371293091023,1582,918
2700,719.2292624808067,1580,920
2800,769.7449067648237,1578,922
2900,816.884608664687,1600,900
3000,860.4436789041687,1599,901
3100,885.2209747670137,1583,917
3200,922.3970146297642,1589,911
3300,956.4836140587564,1579,921
3400,998.3612684008345,1547,953
3500,1039.4275784987005,1529,971
3600,1086.6828485924382,1516,984
3700,1130.9328293008712,1493,1007
3800,1187.4603348795745,1470,1030
3900,1237.1809973826246,1454,1046
4000,1277.901165012453,1475,1025
4100,1317.5266623647437,1449,1051
4200,1357.183686722502,1436,1064
4300,1394.1504518610095,1436,1064
4400,1440.2139162759536,1424,1076
4500,1480.6067605914004,1431,1069
4600,1527.1203285124134,1411,1089
4700,1586.7170502448434,1383,1117
4800,1638.4787932768222,1368,1132
4900,1721.1211458063274,1326,1174
5000,1798.7698228740178,1314,1186
5100,1873.940451437337,1294,1206
5200,1964.5746662520855,1283,1217
5300,2040.053786664258,1266,1234
5400,2093.898947560141,1272,1228
5500,2152.315047295753,1281,1219
5600,2214.298367652973,1278,1222
5700,2275.2195188607566,1276,1224
5800,2333.667337274046,1256,1244
5900,2402.174171919059,1231,1269
6000,2473.97308147646,1224,1276
6100,2528.2040534483463,1214,1286
6200,2609.6167604380025,1236,1264
6300,2671.086456709204,1237,1263
6400,2761.22638792456,1226,1274
6500,2858.5816126911,1232,1268
6600,2974.4464377032054,1210,1290
6700,3075.9779954023243,1196,1304
6800,3169.337381651762,1179,1321
6900,3292.06117144619,1154,1346
7000,3420.9415436236636,1118,1382
7100,3562.5877761232914,1098,1402
7200,3721.0485820387958,1072,1428
7300,3885.098076015851,1058,1442
7400,4052.8110878212983,1040,1460
7500,4224.359089756683,991,1509
7600,4413.710485738289,960,1540
7700,4592.216338492617,910,1590
7800,4773.350300984155,892,1608
7900,4949.4114447039265,888,1612
8000,5124.755527923277,885,1615
8100,5304.3379485028345,873,1627
8200,5489.308768356605,875,1625
8300,5664.594930161174,862,1638
8400,5836.591589055431,862,1638
8500,6014.423575838715,876,1624
8600,6199.848539119819,876,1624
8700,6380.8753228280375,876,1624
8800,6525.528996434957,884,1616
8900,6685.823971509711,873,1627
9000,6838.656900306407,880,1620
9100,7029.8540613274545,865,1635
9200,7191.1550345077385,851,1649
9300,7360.127769742114,831,1669
9400,7562.376305412623,825,1675
9500,7759.7169002940045,814,1686
9600,7921.000555681139,816,1684
9700,8097.771462312636,805,1695
9800,8316.430974677807,784,1716
9900,8543.210836757853,793,1707
10000,8736.48551257986,793,1707
10100,8938.456084533855,791,1709
10200,9153.861768144938,797,1703
10300,9348.482438953684,775,1725
10400,9525.204352244598,766,1734
10500,9702.327049933112,754,1746
10600,9919.116248750546,752,1748
10700,10125.359975000201,722,1778
10800,10387.139177256024,690,1810
10900,10640.252511404899,668,1832
11000,10878.6103277707,654,1846
11100,11106.872854778701,642,1858
11200,11355.52495330131,626,1874
11300,11586.584731028039,620,1880
11400,11817.18697703616,609,1891
11500,12051.679739871783,599,1901
11600,12249.17639963423,564,1936
11700,12464.706958415927,537,1963
11800,12686.519895119502,513,1987
11900,12911.888552094475,493,2007
12000,13188.47716706547,462,2038
12100,13487.089990944916,445,2055
12200,13792.433696902233,440,2060
12300,14119.343999565517,439,2061
12400,14428.815266493475,416,2084
12500,14797.230681773794,411,2089
12600,15105.57891697661,397,2103
12700,15433.009262095195,391,2109
12800,15783.167186094386,393,2107
12900,16166.490266631,387,2113
13000,16504.648393638236,392,2108
13100,16867.093348949413,385,2115
13200,17227.328399549926,390,2110
13300,17596.873473290143,387,2113
13400,17963.77918506041,382,2118
13500,18308.817020325638,373,2127
13600,18666.32037933884,370,2130
13700,19084.030169443668,355,2145
13800,19506.737176139395,353,2147
13900,19907.862565218657,356,2144
14000,20303.910721175576,356,2144
14100,20779.727829048512,356,2144
14200,21217.895090444566,344,2156
14300,21675.38162934911,366,2134
14400,22121.15702341796,373,2127
14500,22543.478442091782,387,2113
14600,22991.17109603425,408,2092
14700,23447.935476704668,391,2109
14800,23946.313942050278,375,2125
14900,24414.472337458472,361,2139
15000,24962.205286809836,358,2142
15100,25444.741689274077,321,2179
15200,26006.037614076384,296,2204
15300,26517.573497536978,295,2205
15400,27094.423123559325,291,2209
15500,27689.504699527217,281,2219
15600,28234.926829979853,273,2227
15700,28784.989162559526,257,2243
15800,29330.357766436697,244,2256
15900,29845.670447667046,262,2238
16000,30398.299947072912,263,2237
16100,31040.53921576803,297,2203
16200,31687.21477772181,319,2181
16300,32362.76003857013,334,2166
16400,33035.68229584406,367,2133
16500,33699.2357634314,388,2112
16600,34348.32637172157,404,2096
16700,34993.913667268826,417,2083
16800,35643.968336530445,426,2074
16900,36254.188742092,445,2055
17000,36932.46433458068,422,2078
17100,37547.896318186766,416,2084
17200,38185.06495393801,422,2078
17300,38851.81012102568,410,2090
17400,39465.442183174644,379,2121
17500,40101.637020408605,366,2134
17600,40851.12827748098,357,2143
17700,41502.077146000716,340,2160
17800,42162.379745884966,326,2174
17900,42763.448527258035,311,2189
18000,43500.87577185116,313,2187
18100,44200.56743198751,300,2200
18200,44944.81612573506,296,2204
18300,45730.87931501421,293,2207
18400,46516.51605318801,283,2217
18500,47280.11026311436,268,2232
18600,48057.27656941463,253,2247
18700,48797.751914033746,246,2254
18800,49653.069469405054,251,2249
18900,50461.723767059986,243,2257
19000,51229.891596478396,233,2267
19100,52017.033560188866,240,2260
19200,52842.05553849169,231,2269
19300,53765.21253981038,226,2274
19400,54602.011828789044,216,2284
19500,55466.04484968829,207,2293
19600,56389.16283483324,195,2305
19700,57286.56613955622,183,2317
19800,58172.01343671398,168,2332
19900,59118.126190773204,167,2333
20000,60072.13695993582,160,2340
20100,60986.18391282524,153,2347
20200,61917.30722530401,148,2352
20300,62883.35098949504,140,2360
20400,63870.74441376334,145,2355
20500,64752.11938246655,147,2353
20600,65759.57399180622,146,2354
20700,66721.59400748333,147,2353
20800,67735.88740558925,143,2357
20900,68790.42906993582,144,2356
21000,69865.15982866527,130,2370
21100,70902.00685170677,116,2384
21200,71992.9126202548,99,2401
21300,73104.09352116921,95,2405
21400,74180.74021265333,97,2403
21500,75335.86502339234,85,2415
21600,76468.11188005311,80,2420
21700,77628.92405374379,73,2427
21800,78744.46887745261,68,2432
21900,79932.53521210082,56,2444
22000,81085.6398135898,43,2457
22100,82259.77168198976,30,2470
22200,83460.96159359645,21,2479
22300,84658.28059031752,18,2482
22400,85837.58081156123,21,2479
22500,87054.36413752628,21,2479
22600,88336.20438619421,20,2480
22700,89640.16425291519,29,2471
22800,90845.15287202784,30,2470
22900,92151.09337230884,35,2465
23000,93402.01144158223,25,2475
23100,94708.69432956802,23,2477
23200,96026.76373396444,27,2473
23300,97294.26876644042,29,2471
23400,98673.1486665779,29,2471
23500,100149.26320094829,29,2471
23600,101692.70839929709,33,2467
23700,103102.5598579565,37,2463
23800,104438.3114800951,38,2462
23900,105860.21897523287,48,2452
24000,107302.5432720284,48,2452
24100,108822.47487627802,51,2449
24200,110235.76434414556,40,2460
24300,111622.24206894745,39,2461
24400,112978.05966061859,32,2468
24500,114487.45212053842,23,2477
24600,115904.18929726449,13,2487
24700,117392.60553021105,11,2489
24800,118868.80796449618,9,2491
24900,120443.89216811805,5,2495
25000,121958.22511878893,7,2493
25100,123611.93314853759,7,2493
25200,125157.13593374159,6,2494
25300,126755.51929455566,8,2492
25400,128400.40810300762,6,2494
25500,129889.61779336934,8,2492
25600,131510.4628797131,5,2495
25700,133133.42919403978,6,2494
25800,134980.09781117135,6,2494
25900,136725.0371493016,6,2494
26000,138335.6370603398,11,2489
26100,140104.0515288199,7,2493
26200,141752.39210375233,5,2495
26300,143475.26148511976,5,2495
26400,145191.67223400134,6,2494
26500,146855.5241836198,6,2494
26600,148622.160999357,7,2493
26700,150346.19922088817,6,2494
26800,152144.4205864919,6,2494
26900,153965.6854355985,10,2490
27000,155832.18579661712,9,2491
27100,157786.0089598906,7,2493
27200,159634.4307335925,10,2490
27300,161585.73787250347,15,2485
27400,163452.13519106153,21,2479
27500,165271.32944662872,15,2485
27600,167199.40836876267,12,2488
27700,169023.9050264995,5,2495
27800,170978.9217264149,6,2494
27900,172855.63288167707,5,2495
28000,174827.24001381616,5,2495
28100,176905.28552023962,5,2495
28200,178900.03600775084,5,2495
28300,180891.841004135,5,2495
28400,182807.88034217092,7,2493
28500,184914.7367553313,7,2493
28600,186985.16534570852,7,2493
28700,189075.59071289864,8,2492
28800,191071.72273354238,7,2493
28900,193148.08575158895,7,2493
29000,195363.76787215046,8,2492
29100,197412.99785130375,8,2492
29200,199653.08127503868,8,2492
29300,201751.7238121797,9,2491
29400,203981.8624581855,8,2492
29500,206117.2931328823,8,2492
29600,208307.12428725918,8,2492
29700,210536.30534521776,8,2492
29800,212692.2527220197,8,2492
29900,214955.69231586513,9,2491
30000,217299.83651973095,9,2491
30100,219586.68113966341,9,2491
30200,222004.81876939363,9,2491
30300,224387.78160156455,11,2489
30400,226761.40685737142,13,2487
30500,228966.36677044228,14,2486
30600,231290.62184598416,18,2482
30700,233683.55479008637,23,2477
30800,235982.26338957186,33,2467
30900,238174.3908584741,42,2458
31000,240549.1694050192,43,2457
31100,242889.55093460446,62,2438
31200,245305.5554590557,81,2419
31300,247555.77520245485,91,2409
31400,249761.26568355507,116,2384
31500,252177.06732297616,137,2363
31600,254430.4280440425,142,2358
31700,256688.5016877286,149,2351
31800,258896.9953163744,157,2343
31900,261227.98201863898,172,2328
32000,263572.8639720939,193,2307
32100,265911.4193975338,217,2283
32200,268240.8601265421,254,2246
32300,270449.82442720013,277,2223
32400,272732.9716259269,288,2212
32500,274925.7989097447,310,2190
32600,277012.35512370843,333,2167
32700,279231.45690356585,350,2150
32800,281390.9000418436,374,2126
32900,283385.6478554832,383,2117
33000,285533.21057743405,409,2091
33100,287595.2345881411,414,2086
33200,289663.129909124,441,2059
33300,291685.80177600763,457,2043
33400,293821.46374854026,467,2033
33500,295993.340326111,465,2035
33600,298110.9950281216,470,2030
33700,300423.24806303415,467,2033
33800,302706.64501684887,457,2043
33900,304951.2356105742,446,2054
34000,307306.75701697805,440,2060
34100,309556.0583976939,429,2071
34200,311767.18635198555,419,2081
34300,314072.80901594344,399,2101
34400,316385.5889828057,379,2121
34500,318680.52085564926,361,2139
34600,320991.5602521041,356,2144
34700,323145.8133280135,339,2161
34800,325384.65090252424,307,2193
34900,327596.4622708595,295,2205
35000,329828.4526435435,284,2216
35100,331734.3594993182,267,2233
35200,333673.79226057424,266,2234
35300,335945.8704725417,255,2245
35400,338145.9337645781,243,2257
35500,340386.4634725094,234,2266
35600,342477.14922301885,234,2266
35700,344683.6841917633,232,2268
35800,346857.34409264365,224,2276
35900,349177.180337062,215,2285
36000,351661.4781461714,208,2292
36100,354403.50403563253,201,2299
36200,356962.00717405236,203,2297
36300,359560.118850619,210,2290
36400,362155.1560160412,222,2278
36500,364754.84997407446,213,2287
36600,367253.4761668214,202,2298
36700,369840.53093123256,192,2308
36800,372224.11742418533,187,2313
36900,374873.3408305778,181,2319
37000,377624.924207953,174,2326
37100,380367.6106301997,158,2342
37200,382931.13895450556,148,2352
37300,385590.44459242007,143,2357
37400,388159.66855756845,137,2363
37500,390666.8799223653,130,2370
37600,393313.725060821,132,2368
37700,395796.2743646783,131,2369
37800,398287.82597426133,129,2371
37900,400835.5980370043,123,2377
38000,403291.7251201087,121,2379
38100,405821.2771497618,117,2383
38200,408618.6863235016,111,2389
38300,411745.87482071214,111,2389
38400,414798.45582344336,114,2386
38500,417692.5815618351,127,2373
38600,420541.8633852001,135,2365
38700,423688.4863653154,148,2352
38800,426578.4550289476,149,2351
38900,429541.77904341667,148,2352
39000,432438.507660456,146,2354
39100,435484.67878140544,139,2361
39200,438592.151004645,137,2363
39300,441570.31657782546,140,2360
39400,444590.74229517824,148,2352
39500,447661.39479895646,155,2345
39600,450656.05960174085,156,2344
39700,453672.36973529065,151,2349
39800,456686.44046467263,151,2349
39900,459286.7371824291,149,2351
40000,461847.11063574173,144,2356
40100,464597.62588867464,140,2360
40200,467287.97525199567,140,2360
40300,470086.5237089838,143,2357
40400,473237.9983234316,129,2371
40500,476733.69747044105,123,2377
40600,479871.20517177106,114,2386
40700,483326.83457822097,107,2393
40800,486535.0063805889,102,2398
40900,489808.85345596046,97,2403
41000,493438.45641067496,93,2407
41100,496925.1126009654,88,2412
41200,500633.664671554,89,2411
41300,504196.31022770517,89,2411
41400,507718.6819006562,88,2412
41500,511214.8425084339,86,2414
41600,514779.2149262941,84,2416
41700,518348.66749466094,81,2419
41800,521451.46342010965,83,2417
41900,524915.6684495313,83,2417
42000,528108.542615093,81,2419
42100,531347.5720965286,74,2426
42200,534190.5956335291,73,2427
42300,537221.2100705086,69,2431
42400,540371.232306946,64,2436
42500,543707.5618473772,64,2436
42600,547243.0203053236,61,2439
42700,550847.5387906652,63,2437
42800,554908.3096180166,60,2440
42900,558943.1207995814,56,2444
43000,562714.631201923,52,2448
43100,566424.3460058613,48,2452
43200,570063.7604847081,49,2451
43300,574128.6177151761,47,2453
43400,578092.9462519682,45,2455
43500,581890.9140097296,47,2453
43600,585736.8277056125,46,2454
43700,589756.7837651226,44,2456
43800,593878.8542854083,44,2456
43900,597666.7995452944,42,2458
44000,601235.4667461306,37,2463
44100,604855.771307132,34,2466
44200,608460.7406000001,31,2469
44300,611935.6193722719,28,2472
44400,615462.5524172486,29,2471
44500,618720.2209734116,28,2472
44600,622242.533233968,27,2473
44700,626055.7612828455,27,2473
44800,629946.9175738381,27,2473
44900,633929.2884421023,27,2473
45000,638373.9802796898,27,2473
45100,642493.8927096069,27,2473
45200,646885.4709641912,27,2473
45300,651140.4319171057,27,2473
45400,655174.5695150094,29,2471
45500,659428.1809913922,35,2465
45600,663336.8240069506,40,2460
45700,667888.9724052099,39,2461
45800,672304.4602689466,42,2458
45900,676347.7399408915,47,2453
46000,680278.6832360892,51,2449
46100,684461.4115957965,55,2445
46200,688400.5034051852,61,2439
46300,692229.338744745,64,2436
46400,696153.8105430407,63,2437
46500,700020.2522779208,64,2436
46600,703938.4661015534,64,2436
46700,707547.579754318,65,2435
46800,711669.233681447,68,2432
46900,715865.0655270832,69,2431
47000,719969.080061577,71,2429
47100,724359.5156396822,72,2428
47200,728546.7242858515,75,2425
47300,733283.2460532488,73,2427
47400,737580.2088628412,73,2427
47500,742059.0113495559,74,2426
47600,746440.2971003485,77,2423
47700,750941.5675269554,81,2419
47800,755269.7244536283,82,2418
47900,759743.4784404928,83,2417
48000,763985.285551558,81,2419
48100,768478.5795614126,80,2420
48200,772910.523972799,76,2424
48300,777396.8720744955,73,2427
48400,781500.7294361038,73,2427
48500,785335.5691648977,74,2426
48600,789555.2224241609,70,2430
48700,793782.6923186167,73,2427
48800,797779.296139798,74,2426
48900,801939.277259532,71,2429
49000,806403.3263763804,74,2426
49100,810852.7214218486,73,2427
49200,815355.6914953872,74,2426
49300,820224.8390188263,74,2426
49400,824633.0834930408,76,2424
49500,829257.439355631,78,2422
49600,834227.2001350455,80,2420
49700,838951.5002815783,80,2420
49800,843762.4075240318,78,2422
49900,847920.1159137103,75,2425
50000,852715.9437486759,71,2429
