step,msd_global,n_round,n_elongated
0,0.0,2500,0
100,23.495772852949468,2500,0
200,27.147321823465568,2489,11
300,27.455384081870864,2486,14
400,29.830454326488567,2476,24
500,31.07705943086609,2468,32
600,33.18823001974975,2463,37
700,34.23591086229948,2451,49
800,33.727466992929635,2428,72
900,36.684197824214834,2409,91
1000,41.15933121718424,2389,111
1100,44.31176119004125,2367,133
1200,48.32233523969465,2340,160
1300,55.84520883832092,2325,175
1400,59.83758435500906,2299,201
1500,68.37135653163105,2274,226
1600,80.44460466978933,2241,259
1700,93.33291928877678,2216,284
1800,115.07330886634782,2192,308
1900,132.23203538041378,2175,325
2000,153.61258073088126,2152,348
2100,179.38474102311636,2113,387
2200,201.0689404062439,2088,412
2300,223.1777000566192,2069,431
2400,242.23539044208414,2055,445
2500,268.2733254763662,2030,470
2600,292.353092681363,2010,490
2700,320.48135887804466,1973,527
2800,349.42167831863276,1938,562
2900,383.5000994121806,1914,586
3000,406.12177633868913,1872,628
3100,432.9824900679568,1867,633
3200,461.0290479072185,1852,648
3300,491.65163770986834,1839,661
3400,523.28385108736,1830,670
3500,566.7800021814191,1815,685
3600,604.4432100980129,1796,704
3700,638.9125181455529,1794,706
3800,670.2898563400033,1775,725
3900,703.7647504361908,1784,716
4000,737.2883555630302,1785,715
4100,779.1868412197424,1768,732
4200,821.4002938021843,1752,748
4300,866.0472545151131,1747,753
4400,904.3592211294839,1719,781
4500,941.171574196204,1693,807
4600,969.7504997287124,1684,816
4700,996.7208153069224,1674,826
4800,1020.7289185439648,1672,828
4900,1048.7039827942606,1636,864
5000,1088.467506096299,1632,868
5100,1140.8809360478897,1618,882
5200,1200.4214361731913,1610,890
5300,1257.848060166274,1591,909
5400,1313.6333731002528,1577,923
5500,1365.7067767154929,1549,951
5600,1422.587315110806,1535,965
5700,1484.4008546449531,1525,975
5800,1554.9563259144477,1518,982
5900,1611.5229920614322,1509,991
6000,1673.1294645421758,1492,1008
6100,1729.2819243599542,1474,1026
6200,1793.3238912478253,1456,1044
6300,1882.9433736579035,1437,1063
6400,1971.039544354561,1423,1077
6500,2064.6382256470956,1400,1100
6600,2151.6285372222515,1387,1113
6700,2250.1917330624665,1372,1128
6800,2321.539970075863,1361,1139
6900,2419.342908276543,1349,1151
7000,2512.3038439074653,1346,1154
7100,2617.7512348373384,1332,1168
7200,2716.7948661742757,1294,1206
7300,2848.8115740434705,1267,1233
7400,3003.629646120112,1238,1262
7500,3138.8378137651193,1198,1302
7600,3254.2542170961997,1154,1346
7700,3362.8231043744377,1114,1386
7800,3482.2599369187346,1089,1411
7900,3604.2770775268204,1069,1431
8000,3758.2917464327415,1054,1446
8100,3897.778344562493,1036,1464
8200,4051.7349992513136,1027,1473
8300,4204.333683500642,1029,1471
8400,4336.7374746221285,1015,1485
8500,4511.253804653706,995,1505
8600,4698.753992998104,990,1510
8700,4886.705059684134,990,1510
8800,5083.30891432264,965,1535
8900,5277.430753273228,954,1546
9000,5500.4637303737845,922,1578
9100,5727.894332873627,914,1586
9200,5951.535152583608,904,1596
9300,6188.040508172518,892,1608
9400,6436.882521830773,890,1610
9500,6689.240131023045,876,1624
9600,6937.781062659542,844,1656
9700,7148.105861483235,818,1682
9800,7413.1845435759615,796,1704
9900,7647.100349206318,785,1715
10000,7904.883551031843,771,1729
10100,8117.923845342218,762,1738
10200,8390.668308642764,752,1748
10300,8658.626702035705,730,1770
10400,8910.942253768762,716,1784
10500,9168.836228314083,689,1811
10600,9514.887595325377,671,1829
10700,9850.192683678775,664,1836
10800,10185.417449826424,664,1836
10900,10531.44426058535,656,1844
11000,10875.15245185024,647,1853
11100,11241.987278659508,628,1872
11200,11608.56965103662,613,1887
11300,11953.871233401725,604,1896
11400,12324.555604570924,577,1923
11500,12700.508531745154,571,1929
11600,13046.089182943711,559,1941
11700,13395.744857355494,545,1955
11800,13745.095863031178,525,1975
11900,14127.649650833904,515,1985
12000,14517.462974942362,519,1981
12100,14926.816583282387,508,1992
12200,15316.10717381206,497,2003
12300,15746.097421759736,503,1997
12400,16150.891534072334,496,2004
12500,16527.210748938,505,1995
12600,16959.922829856398,507,1993
12700,17396.482852086992,536,1964
12800,17844.5794624974,526,1974
12900,18267.078821087427,528,1972
13000,18704.1253817075,524,1976
13100,19187.349838483,509,1991
13200,19674.050313910197,509,1991
13300,20135.57777231031,513,1987
13400,20611.71511600405,498,2002
13500,21103.969996922846,493,2007
13600,21619.28038391186,483,2017
13700,22137.717127973447,474,2026
13800,22575.250028310566,468,2032
13900,23027.614328940104,471,2029
14000,23502.79807889088,475,2025
14100,24005.447959775986,464,2036
14200,24549.33880837407,459,2041
14300,25042.0351926215,451,2049
14400,25558.04075359469,435,2065
14500,26114.359648508875,414,2086
14600,26634.761135018653,396,2104
14700,27198.59319722501,377,2123
14800,27769.80393980437,367,2133
14900,28343.65242658974,355,2145
15000,28934.0494428136,346,2154
15100,29548.939710492672,322,2178
15200,30159.454756971027,305,2195
15300,30813.39096321118,283,2217
15400,31431.335463012172,254,2246
15500,32093.19066310184,237,2263
15600,32777.582448145535,208,2292
15700,33429.2695907295,179,2321
15800,34145.35120836815,162,2338
15900,34788.562409464444,138,2362
16000,35485.8528815545,129,2371
16100,36125.42625223672,112,2388
16200,36779.13641013694,102,2398
16300,37429.504361239895,91,2409
16400,38077.01289137194,90,2410
16500,38800.00374000036,89,2411
16600,39569.97412348652,97,2403
16700,40366.41047291315,97,2403
16800,41198.79156488271,101,2399
16900,41962.34259509879,104,2396
17000,42869.52886548543,107,2393
17100,43774.73141765847,108,2392
17200,44632.82315417342,104,2396
17300,45523.18041537508,98,2402
17400,46398.56865992311,99,2401
17500,47356.97537365482,102,2398
17600,48317.11619162858,97,2403
17700,49223.7827121641,84,2416
17800,50168.31268495403,81,2419
17900,51098.45589863046,79,2421
18000,52010.42066696904,66,2434
18100,52995.58054860887,56,2444
18200,53970.65443239815,52,2448
18300,54877.37673242168,37,2463
18400,55829.3613871831,24,2476
18500,56785.92079010516,22,2478
18600,57795.342704066694,22,2478
18700,58795.56239579239,33,2467
18800,59857.681841251746,39,2461
18900,60892.78168689189,39,2461
19000,61967.664809455135,36,2464
19100,63073.77063667296,37,2463
19200,64210.80015883714,39,2461
19300,65380.24420179322,45,2455
19400,66519.86459575892,58,2442
19500,67715.71610313829,60,2440
19600,68933.87603615112,60,2440
19700,70119.94937439873,52,2448
19800,71247.28813230577,46,2454
19900,72498.74809500888,46,2454
20000,73680.03368890486,47,2453
20100,74940.84603906597,49,2451
20200,76137.58937186646,50,2450
20300,77388.628471712,52,2448
20400,78660.29049131306,54,2446
20500,79892.42494431486,55,2445
20600,81109.36212199873,59,2441
20700,82401.40161609923,62,2438
20800,83822.03783738206,62,2438
20900,85136.60832318103,59,2441
21000,86516.55780491882,57,2443
21100,87861.96624631266,57,2443
21200,89267.39097860747,57,2443
21300,90660.31709871168,59,2441
21400,92160.20534038065,64,2436
21500,93598.11371924184,64,2436
21600,95049.2040368094,67,2433
21700,96570.35218620581,74,2426
21800,98078.28413522778,71,2429
21900,99557.93682522202,70,2430
22000,101083.08908159676,64,2436
22100,102555.60342168972,64,2436
22200,104079.33645656436,63,2437
22300,105568.39618166313,63,2437
22400,107077.24977306917,66,2434
22500,108545.24940373092,64,2436
22600,110124.4843366887,63,2437
22700,111702.45879443154,63,2437
22800,113391.72134016447,63,2437
22900,115064.29341042381,64,2436
23000,116794.15377594758,64,2436
23100,118435.81561963753,67,2433
23200,120184.69950070043,68,2432
23300,121823.62686635427,69,2431
23400,123576.93147189131,74,2426
23500,125272.16236240849,70,2430
23600,127077.76569190262,70,2430
23700,128844.91553697594,65,2435
23800,130635.95935592355,62,2438
23900,132256.22045356384,57,2443
24000,134061.6334933775,52,2448
24100,135836.42725234482,55,2445
24200,137606.15426417615,53,2447
24300,139353.80109691428,52,2448
24400,141112.7332581838,54,2446
24500,142993.47057329403,54,2446
24600,144741.760930581,52,2448
24700,146600.9808789689,50,2450
24800,148480.73255350746,47,2453
24900,150465.0089194866,44,2456
25000,152356.7147036253,42,2458
25100,154319.58437265264,41,2459
25200,156363.16519387707,44,2456
25300,158116.92027977016,41,2459
25400,160056.4110041858,43,2457
25500,162118.06387549842,43,2457
25600,164130.15522820296,44,2456
25700,166204.66769653512,51,2449
25800,168297.5971948964,52,2448
25900,170407.35000069416,52,2448
26000,172404.4733943754,57,2443
26100,174531.60298330008,58,2442
26200,176433.8098682325,59,2441
26300,178493.0202826918,62,2438
26400,180636.50903062313,61,2439
26500,182743.1237344385,63,2437
26600,184638.21370207312,63,2437
26700,186730.5244704866,66,2434
26800,188832.7840332242,67,2433
26900,190943.35346075677,67,2433
27000,193222.38625886166,63,2437
27100,195366.75502589732,59,2441
27200,197492.5090191491,57,2443
27300,199527.86695950187,59,2441
27400,201785.10598394027,58,2442
27500,203943.82461710836,56,2444
27600,206152.8370482135,53,2447
27700,208288.04545398956,48,2452
27800,210569.23240353688,45,2455
27900,212837.76365865962,44,2456
28000,215035.56277579532,49,2451
28100,217240.2635247849,50,2450
28200,219399.13598196296,57,2443
28300,221703.45615666418,63,2437
28400,223770.62924407749,60,2440
28500,226017.89808312358,52,2448
28600,228356.39165001345,46,2454
28700,230530.22181779632,43,2457
28800,232780.4847730733,41,2459
28900,235079.18705197936,42,2458
29000,237460.1576283126,41,2459
29100,239731.45050712107,39,2461
29200,242163.75160210166,42,2458
29300,244460.1998368046,46,2454
29400,246878.71258836082,50,2450
29500,249356.78319168606,48,2452
29600,251907.34031079875,49,2451
29700,254419.90301928853,47,2453
29800,256855.72835439845,48,2452
29900,259367.35463439484,51,2449
30000,261687.84277423925,51,2449
30100,264236.3091228239,53,2447
30200,266460.306339007,57,2443
30300,268887.02016251895,66,2434
30400,271398.61359956855,76,2424
30500,273786.7060246476,77,2423
30600,276274.4989255945,77,2423
30700,278739.53827147075,77,2423
30800,281117.2601256238,76,2424
30900,283668.57389510877,75,2425
31000,286215.33414467383,71,2429
31100,288781.42172736174,81,2419
31200,291481.0303043236,79,2421
31300,293936.4720200418,83,2417
31400,296500.82049241685,87,2413
31500,299085.5726498192,96,2404
31600,301708.16605453484,101,2399
31700,304373.0602014577,103,2397
31800,307023.6504468521,98,2402
31900,309769.24465733254,95,2405
32000,312543.5499563921,93,2407
32100,314984.92669212987,92,2408
32200,317727.94135547994,91,2409
32300,320187.560664397,89,2411
32400,322606.2556564269,87,2413
32500,325169.25446523854,88,2412
32600,327826.60704618617,88,2412
32700,330784.84497404995,95,2405
32800,333666.7235679462,96,2404
32900,336411.16582657903,97,2403
33000,339265.11347753496,98,2402
33100,342159.4429214076,99,2401
33200,345008.84789993975,102,2398
33300,347775.9966255568,101,2399
33400,350444.4849503682,102,2398
33500,353212.9429950502,102,2398
33600,356163.9911522767,95,2405
33700,359058.8341983768,95,2405
33800,362010.7358087506,94,2406
33900,364861.0265411973,99,2401
34000,367925.90721437096,99,2401
34100,370856.3308660518,100,2400
34200,373595.44981761463,101,2399
34300,376358.7038254777,104,2396
34400,379194.13170108537,104,2396
34500,381919.3812678623,109,2391
34600,384838.8726082667,107,2393
34700,387904.81720212987,107,2393
34800,390921.9460813907,107,2393
34900,393987.6580316148,106,2394
35000,397053.5690674986,107,2393
35100,400213.2807039958,102,2398
35200,403491.30552967475,95,2405
35300,406627.4733768649,87,2413
35400,409598.72675711353,82,2418
35500,412612.0349777133,75,2425
35600,415873.074484374,67,2433
35700,418936.03027420695,59,2441
35800,422277.5012427855,56,2444
35900,425664.85064885503,50,2450
36000,428992.16735119856,50,2450
36100,432364.76656563435,49,2451
36200,435666.7212044985,48,2452
36300,438902.566791012,48,2452
36400,441907.2266527995,45,2455
36500,445202.8814348099,45,2455
36600,448225.1487924724,44,2456
36700,451234.4572750289,42,2458
36800,454518.1063527047,39,2461
36900,457931.4032900876,36,2464
37000,461053.0461689368,33,2467
37100,464599.33670491877,31,2469
37200,467980.59045540215,29,2471
37300,471266.91364500084,26,2474
37400,474715.7417140201,23,2477
37500,478046.41178722907,21,2479
37600,481483.57355108554,23,2477
37700,484939.58418366796,18,2482
37800,488588.47618036345,19,2481
37900,492230.5195911501,19,2481
38000,495818.0991706031,21,2479
38100,499466.2268025836,22,2478
38200,503020.70113165514,22,2478
38300,506636.52406679286,21,2479
38400,510252.90245794173,21,2479
38500,513859.949477816,23,2477
38600,517189.142118915,21,2479
38700,520909.93787552835,24,2476
38800,524445.7416162156,22,2478
38900,527933.3972574305,23,2477
39000,531773.5574303337,24,2476
39100,535620.8444972725,26,2474
39200,539313.5952832875,30,2470
39300,543157.0566803707,30,2470
39400,547013.8713530527,31,2469
39500,550862.611777414,27,2473
39600,554351.054520089,29,2471
39700,557820.6920083349,40,2460
39800,561668.1313470739,48,2452
39900,565624.1803905756,66,2434
40000,569409.289706157,74,2426
40100,573292.8405106049,80,2420
40200,576848.2665228256,85,2415
40300,580568.0457284142,84,2416
40400,584362.7383642755,95,2405
40500,588205.7556799657,99,2401
40600,591740.8801414119,105,2395
40700,595310.7881640284,107,2393
40800,599103.3328006591,111,2389
40900,602723.9590118323,115,2385
41000,606158.910764259,119,2381
41100,610036.837336809,122,2378
41200,613870.4437341017,122,2378
41300,617690.2465243933,124,2376
41400,621573.0470744598,125,2375
41500,625393.434378405,124,2376
41600,629136.0522308754,125,2375
41700,633090.4371018063,127,2373
41800,636696.0912505153,127,2373
41900,640494.2047016246,128,2372
42000,644715.934574846,128,2372
42100,648519.0506102048,127,2373
42200,652392.6713904061,129,2371
42300,656346.5042121994,130,2370
42400,660300.9311946884,130,2370
42500,664256.8884431224,135,2365
42600,668354.707920767,133,2367
42700,672378.3277461663,136,2364
42800,676223.4244238156,133,2367
42900,680276.569328401,136,2364
43000,684139.327354615,137,2363
43100,688192.4873879505,127,2373
43200,692334.3903358098,116,2384
43300,696493.0208067127,112,2388
43400,700521.8320125835,116,2384
43500,704465.1662971332,117,2383
43600,708637.9202308577,104,2396
43700,712691.700149048,97,2403
43800,716803.3327385143,88,2412
43900,720706.8618777945,80,2420
44000,724806.053636786,70,2430
44100,729014.1283408711,69,2431
44200,732962.8082219757,69,2431
44300,737321.8902295699,65,2435
44400,741648.5547615421,62,2438
44500,745788.4739864239,61,2439
44600,749740.6914516252,62,2438
44700,754108.5501191914,68,2432
44800,758433.4374265791,70,2430
44900,762786.4948794268,71,2429
45000,766948.5358676098,77,2423
45100,770927.3073721252,78,2422
45200,775021.8650112107,85,2415
45300,778873.0650674505,79,2421
45400,783146.8623393144,70,2430
45500,787299.3918169677,65,2435
45600,791377.0857225506,56,2444
45700,795195.3858018612,49,2451
45800,799636.6796007762,47,2453
45900,804069.7303686118,44,2456
46000,808199.8689745401,42,2458
46100,812369.9499102681,40,2460
46200,816686.1589766411,40,2460
46300,821047.1558485203,37,2463
46400,825687.2913594351,43,2457
46500,830299.0960228079,50,2450
46600,834458.1794782714,45,2455
46700,838754.1494146831,42,2458
46800,843438.1194147478,44,2456
46900,847879.4210801773,47,2453
47000,852547.0695842995,45,2455
47100,857073.0068222331,48,2452
47200,861442.546937569,54,2446
47300,865669.0335475449,55,2445
47400,870090.2865130516,54,2446
47500,874398.2719408587,54,2446
47600,878610.4701381779,55,2445
47700,882902.3087076559,54,2446
47800,887119.6932544231,60,2440
47900,891490.864673302,66,2434
48000,896059.815387502,64,2436
48100,900777.9373893383,67,2433
48200,905157.3696448172,73,2427
48300,909745.459571424,74,2426
48400,914413.4649867303,74,2426
48500,919024.5345297123,74,2426
48600,923460.3851772137,76,2424
48700,928024.3002885826,81,2419
48800,932872.164622429,87,2413
48900,937511.2261217373,86,2414
49000,941958.341619895,90,2410
49100,946690.7200047055,94,2406
49200,951253.8266746487,97,2403
49300,955785.9995267442,98,2402
49400,960210.0701961084,102,2398
49500,964847.9466003607,107,2393
49600,969268.9540855577,109,2391
49700,973708.8974044392,114,2386
49800,977912.1153484733,121,2379
49900,982213.1136511986,121,2379
50000,986519.1264063446,131,2369
