step,msd_global,n_round,n_elongated
0,0.0,2500,0
100,23.53259288836649,2500,0
200,27.180862137749127,2491,9
300,27.79965763468428,2485,15
400,29.958353581050922,2474,26
500,31.68756441854859,2455,45
600,34.33806990161375,2442,58
700,37.31917281951232,2419,81
800,41.12950073853846,2392,108
900,47.04888561689961,2360,140
1000,51.003606427312185,2339,161
1100,57.87230363802479,2306,194
1200,67.85078388667318,2270,230
1300,77.21528381800428,2233,267
1400,90.72900505722353,2195,305
1500,101.62354628128935,2176,324
1600,117.60836881805466,2148,352
1700,130.291918171498,2142,358
1800,146.31298859433605,2120,380
1900,166.4639125880044,2106,394
2000,175.58865438949488,2082,418
2100,191.93778976823398,2044,456
2200,211.21632461261282,2012,488
2300,226.47008340709647,1997,503
2400,239.02398824914704,1987,513
2500,244.25405747303103,1972,528
2600,248.36905375304994,1975,525
2700,261.3817736764101,1972,528
2800,280.57588350019444,1930,570
2900,300.7873967129976,1919,581
3000,332.9019572697115,1904,596
3100,361.63935409731477,1871,629
3200,396.6852653506939,1846,654
3300,429.8364836167492,1834,666
3400,458.9722301952349,1836,664
3500,483.84943723134194,1836,664
3600,517.990595974569,1846,654
3700,553.2876162358483,1849,651
3800,583.8961519869599,1843,657
3900,610.211361710068,1809,691
4000,629.7553214208258,1794,706
4100,659.7016731488606,1795,705
4200,683.3259713066238,1778,722
4300,704.9891977166756,1759,741
4400,731.2081610726608,1753,747
4500,759.8476162101593,1738,762
4600,805.0633140202123,1734,766
4700,833.0092095922433,1721,779
4800,870.1485062972041,1730,770
4900,913.9947938097449,1733,767
5000,963.6149178033542,1718,782
5100,1016.6978424275432,1720,780
5200,1071.4746023051475,1709,791
5300,1126.4279446355445,1689,811
5400,1190.7090765956739,1678,822
5500,1253.3424580689036,1671,829
5600,1307.601703516367,1670,830
5700,1351.198891409321,1687,813
5800,1402.996043316231,1694,806
5900,1448.0071173106148,1705,795
6000,1479.8086105870868,1698,802
6100,1520.7142491953975,1697,803
6200,1560.286357396535,1678,822
6300,1604.2627622871025,1675,825
6400,1657.4740135457025,1670,830
6500,1698.2942959556576,1644,856
6600,1751.5694880613528,1643,857
6700,1798.942923935764,1637,863
6800,1848.792872182747,1647,853
6900,1912.8843402500063,1636,864
7000,1985.8859974455484,1617,883
7100,2050.3550675007305,1610,890
7200,2104.9516825609626,1586,914
7300,2139.5786524873793,1554,946
7400,2170.3036593113534,1540,960
7500,2214.3340444816795,1534,966
7600,2263.3044479621053,1524,976
7700,2314.5825105284553,1519,981
7800,2370.9034454161942,1505,995
7900,2441.537088549627,1500,1000
8000,2521.561188657998,1503,997
8100,2587.331890001989,1514,986
8200,2653.3386330154194,1524,976
8300,2733.113428165954,1528,972
8400,2827.141921489188,1529,971
8500,2940.463984616938,1519,981
8600,3018.3256536447525,1511,989
8700,3115.242584765393,1509,991
8800,3206.9433310093145,1499,1001
8900,3299.348214328496,1484,1016
9000,3375.61762436444,1464,1036
9100,3477.4930789638815,1446,1054
9200,3567.192878043406,1433,1067
9300,3649.9123631941757,1425,1075
9400,3769.427596791709,1416,1084
9500,3875.4356884212525,1398,1102
9600,3990.425546164743,1377,1123
9700,4110.140852130119,1352,1148
9800,4248.613302960095,1347,1153
9900,4389.028779611026,1330,1170
10000,4527.644542738582,1301,1199
10100,4684.050891343679,1279,1221
10200,4866.405338401958,1252,1248
10300,5046.202163928102,1245,1255
10400,5247.211660889542,1238,1262
10500,5447.942338374324,1232,1268
10600,5647.666642367216,1221,1279
10700,5842.590825956081,1213,1287
10800,6037.513085200662,1209,1291
10900,6235.202502633302,1202,1298
11000,6400.486091657872,1211,1289
11100,6556.165854605256,1211,1289
11200,6737.691837782258,1190,1310
11300,6904.643438590078,1181,1319
11400,7062.261417560232,1184,1316
11500,7268.952413679002,1177,1323
11600,7501.334198750873,1174,1326
11700,7689.628785675979,1155,1345
11800,7919.719423353037,1131,1369
11900,8120.701127601913,1113,1387
12000,8392.27381913404,1098,1402
12100,8679.80642408778,1075,1425
12200,8930.906575249746,1060,1440
12300,9215.896254032627,1045,1455
12400,9505.566636607155,1035,1465
12500,9822.300920428555,1015,1485
12600,10118.376830093022,997,1503
12700,10455.080866220309,993,1507
12800,10755.930855019458,1002,1498
12900,11082.10814894458,984,1516
13000,11359.955424583972,958,1542
13100,11667.699296655906,959,1541
13200,11960.505474564954,958,1542
13300,12259.249214481657,956,1544
13400,12572.76388456552,947,1553
13500,12875.87500653575,936,1564
13600,13175.01502970516,931,1569
13700,13491.74973724838,927,1573
13800,13813.856194278898,920,1580
13900,14164.787963069159,907,1593
14000,14508.142808724213,892,1608
14100,14884.006858713701,890,1610
14200,15272.64188677916,884,1616
14300,15673.365288522025,893,1607
14400,16068.395013644142,884,1616
14500,16512.89750711859,888,1612
14600,16965.66235086743,894,1606
14700,17336.91280307122,883,1617
14800,17736.913583020883,872,1628
14900,18153.77401779396,856,1644
15000,18564.2238353808,844,1656
15100,18983.162680325586,840,1660
15200,19388.74984926253,835,1665
15300,19824.467817028424,829,1671
15400,20284.53594888258,825,1675
15500,20715.707136457127,823,1677
15600,21178.204279016652,818,1682
15700,21664.6449850218,814,1686
15800,22159.82311598994,814,1686
15900,22605.21961758815,804,1696
16000,23064.151141786748,798,1702
16100,23558.781348839268,799,1701
16200,24075.080726071134,796,1704
16300,24633.37079402911,788,1712
16400,25241.238084714838,766,1734
16500,25839.74787708556,752,1748
16600,26457.19853713567,735,1765
16700,27059.74588932677,710,1790
16800,27589.246121330947,687,1813
16900,28145.692275936293,651,1849
17000,28744.3766539811,616,1884
17100,29346.495462217896,594,1906
17200,29932.126598215877,578,1922
17300,30488.026383753382,582,1918
17400,31055.906811092125,575,1925
17500,31668.966011979388,578,1922
17600,32285.07599758358,568,1932
17700,32866.23624819525,570,1930
17800,33435.56564523274,556,1944
17900,34114.353530958666,551,1949
18000,34732.024866137406,534,1966
18100,35330.40311501083,529,1971
18200,36008.69705790176,515,1985
18300,36633.71227743673,511,1989
18400,37238.34036795937,495,2005
18500,37869.06057496829,512,1988
18600,38554.37600544009,519,1981
18700,39213.78682364719,509,1991
18800,39927.01828789858,513,1987
18900,40660.28677031797,513,1987
19000,41410.92778914177,502,1998
19100,42130.21660918065,507,1993
19200,42858.58799940432,512,1988
19300,43642.8221761568,509,1991
19400,44435.19949732767,525,1975
19500,45173.06017444133,533,1967
19600,45985.02382128285,546,1954
19700,46709.293526021815,571,1929
19800,47388.01323061176,577,1923
19900,48051.270105780604,582,1918
20000,48749.90049661247,588,1912
20100,49519.75604284478,617,1883
20200,50244.34184888471,608,1892
20300,50961.94720512027,616,1884
20400,51718.714281219945,622,1878
20500,52561.85812262651,614,1886
20600,53313.14012881747,617,1883
20700,54031.361937592505,625,1875
20800,54858.660524921295,616,1884
20900,55591.628259758545,599,1901
21000,56392.2777174752,577,1923
21100,57224.384552798736,557,1943
21200,58106.622959061315,549,1951
21300,59080.0152140236,551,1949
21400,60005.305597913146,530,1970
21500,60859.807134054325,515,1985
21600,61793.8207853159,499,2001
21700,62753.783928175595,484,2016
21800,63702.9582522445,477,2023
21900,64572.55206191054,459,2041
22000,65475.30099927332,436,2064
22100,66431.15254003882,419,2081
22200,67327.76977256953,402,2098
22300,68282.31544479282,395,2105
22400,69196.12628145433,377,2123
22500,70121.1740029566,367,2133
22600,71139.90193926817,348,2152
22700,72118.65271664903,334,2166
22800,73115.26602372709,327,2173
22900,74055.67817516923,321,2179
23000,75097.90870415018,310,2190
23100,76120.60149271085,301,2199
23200,77176.02939630201,299,2201
23300,78345.67696879592,289,2211
23400,79462.51259200607,275,2225
23500,80522.04708946739,255,2245
23600,81643.43363778105,247,2253
23700,82768.21394009257,233,2267
23800,83869.26748688529,234,2266
23900,85016.8702317859,233,2267
24000,86155.9945794568,234,2266
24100,87201.1787828797,234,2266
24200,88308.72349351621,237,2263
24300,89510.91238122132,241,2259
24400,90650.41852838754,238,2262
24500,91799.96330764174,240,2260
24600,92957.65222444484,241,2259
24700,94169.23532926198,241,2259
24800,95375.79272853046,241,2259
24900,96610.40854363122,239,2261
25000,97804.40620685062,238,2262
25100,99067.1823237808,238,2262
25200,100509.7535522083,236,2264
25300,101842.43482380782,236,2264
25400,103303.98681927922,238,2262
25500,104691.74258514306,237,2263
25600,106026.52614826836,236,2264
25700,107395.00349072588,238,2262
25800,108806.86603061044,236,2264
25900,110278.12099984982,236,2264
26000,111721.56561878612,236,2264
26100,113056.8001595407,236,2264
26200,114519.27024336181,237,2263
26300,115991.15981451959,237,2263
26400,117397.5042230987,237,2263
26500,118812.90459248229,237,2263
26600,120239.80396961363,237,2263
26700,121769.72811213278,237,2263
26800,123202.26502554664,237,2263
26900,124703.17927674795,237,2263
27000,126326.77477894563,237,2263
27100,127833.39027247505,237,2263
27200,129448.39917409337,237,2263
27300,131204.00116405502,237,2263
27400,132945.14123176783,237,2263
27500,134679.20783513816,237,2263
27600,136454.06643018845,237,2263
27700,138045.29723141447,237,2263
27800,139712.27635154524,238,2262
27900,141416.94340003261,240,2260
28000,143137.38394942068,240,2260
28100,144816.6476231404,241,2259
28200,146469.4555517309,247,2253
28300,148093.9863375041,247,2253
28400,149908.12431187346,253,2247
28500,151595.79440643243,255,2245
28600,153183.8561368209,260,2240
28700,154921.59052464872,261,2239
28800,156575.44210299515,263,2237
28900,158202.67387842084,264,2236
29000,160050.41476996298,264,2236
29100,161838.25967429872,265,2235
29200,163705.25936225205,266,2234
29300,165650.41998365134,268,2232
29400,167616.85965698556,267,2233
29500,169579.18133720683,269,2231
29600,171605.45443825918,270,2230
29700,173620.04461605905,271,2229
29800,175699.55538085202,272,2228
29900,177586.7437659727,273,2227
30000,179481.09512319718,274,2226
30100,181483.62275956036,276,2224
30200,183410.56737797617,276,2224
30300,185361.1683401602,276,2224
30400,187410.84453833936,276,2224
30500,189435.0391933631,276,2224
30600,191439.73657423086,277,2223
30700,193428.32112635535,278,2222
30800,195285.4929032281,279,2221
30900,197143.6213422848,279,2221
31000,199177.55054806685,277,2223
31100,201210.1701137407,272,2228
31200,203472.5891668597,271,2229
31300,205639.0614736867,267,2233
31400,207815.35203827772,264,2236
31500,209966.3885008614,259,2241
31600,212296.0622815414,253,2247
31700,214699.25230595568,247,2253
31800,216961.18659211902,245,2255
31900,219286.00362255497,243,2257
32000,221460.41447939817,244,2256
32100,223716.34331701545,245,2255
32200,226036.6842553358,252,2248
32300,228267.27264158078,247,2253
32400,230506.79072587928,240,2260
32500,232801.38020567747,240,2260
32600,235088.4919004973,240,2260
32700,237434.82226379003,240,2260
32800,239618.83789251247,240,2260
32900,241567.75296565934,241,2259
33000,243799.5751929422,241,2259
33100,246038.38459446162,240,2260
33200,248394.07031463642,240,2260
33300,250703.75073814954,240,2260
33400,253301.35516520796,241,2259
33500,255898.99124313932,240,2260
33600,258446.630418458,240,2260
33700,261056.27351517,240,2260
33800,263767.6219679752,240,2260
33900,266358.05624974566,240,2260
34000,268784.9255841382,240,2260
34100,271427.70825864706,240,2260
34200,273914.4743335451,240,2260
34300,276332.9484016917,240,2260
34400,278856.52219620376,240,2260
34500,281393.106937023,240,2260
34600,284055.77031734097,240,2260
34700,286710.19616989745,240,2260
34800,289045.30372745055,240,2260
34900,291566.35212592216,240,2260
35000,294068.53986086714,240,2260
35100,296377.21491371206,240,2260
35200,299014.452741996,240,2260
35300,301695.30741890986,240,2260
35400,304261.4737920288,240,2260
35500,306985.1829633715,240,2260
35600,309910.15830898745,240,2260
35700,312823.6598569743,240,2260
35800,315674.938044415,240,2260
35900,318638.2031785573,240,2260
36000,321476.3536283941,240,2260
36100,324280.978684153,240,2260
36200,327046.6990519184,240,2260
36300,329757.4768660922,240,2260
36400,332435.87226991594,240,2260
36500,335238.63419891795,240,2260
36600,338213.35625338345,240,2260
36700,340961.7339968336,240,2260
36800,343887.5057937385,240,2260
36900,346664.2151080426,240,2260
37000,349256.4375714203,240,2260
37100,351965.1170512226,240,2260
37200,354704.8413580577,240,2260
37300,357435.8056961854,240,2260
37400,360433.9129476556,240,2260
37500,363252.99615982105,240,2260
37600,366199.87845391524,240,2260
37700,369204.0528025025,241,2259
37800,372449.4163034383,241,2259
37900,375617.3517919593,241,2259
38000,378693.41329490585,242,2258
38100,381831.1961903107,242,2258
38200,384912.1937022439,242,2258
38300,387985.68338069785,242,2258
38400,390820.73437499034,242,2258
38500,393844.2434552804,245,2255
38600,397058.8301740794,245,2255
38700,400164.60511477216,244,2256
38800,403146.4552335434,244,2256
38900,406173.22946702206,244,2256
39000,409263.1586058052,244,2256
39100,412096.09579728084,244,2256
39200,415065.6811603318,242,2258
39300,417961.3572413957,242,2258
39400,421015.3013053329,242,2258
39500,424044.8797532577,243,2257
39600,427148.77146010945,246,2254
39700,430382.74681548367,248,2252
39800,433716.302089504,251,2249
39900,437101.51693829213,251,2249
40000,440455.18459603464,254,2246
40100,443831.8800750107,256,2244
40200,447098.674808779,257,2243
40300,450358.6444804041,258,2242
40400,453631.4034645102,258,2242
40500,456722.5957034565,258,2242
40600,459974.3089953861,258,2242
40700,463345.1043169342,258,2242
40800,466630.9124490139,258,2242
40900,469836.68304804317,258,2242
41000,473137.1118242897,258,2242
41100,476354.20143901557,258,2242
41200,479423.905545882,258,2242
41300,482541.34874985635,258,2242
41400,485832.9636288351,258,2242
41500,488942.2526046447,258,2242
41600,492222.8689462217,260,2240
41700,495773.56378494913,259,2241
41800,499200.53155210026,258,2242
41900,502684.487981742,258,2242
42000,506260.2156673764,258,2242
42100,509920.5181190608,258,2242
42200,513337.3470454328,258,2242
42300,517018.8328157789,258,2242
42400,520414.1484529533,259,2241
42500,523691.5442731267,259,2241
42600,527350.4217049197,259,2241
42700,530939.8842218562,259,2241
42800,534428.8202876847,256,2244
42900,538172.0105674099,250,2250
43000,541641.295463009,245,2255
43100,545005.912091493,242,2258
43200,548336.5572361036,239,2261
43300,551980.1586943184,239,2261
43400,555345.7173628684,240,2260
43500,558972.9901688149,240,2260
43600,562338.5376281942,240,2260
43700,565999.2083572679,240,2260
43800,569739.0637446326,240,2260
43900,573645.1782637257,240,2260
44000,577235.3189790513,240,2260
44100,581119.1288860934,240,2260
44200,584887.5407651047,240,2260
44300,588704.9467872408,240,2260
44400,592324.85845464,240,2260
44500,596062.0200614544,241,2259
44600,599895.6380419183,242,2258
44700,603792.2686243387,240,2260
44800,607576.3595758814,240,2260
44900,611366.5569856903,240,2260
45000,615302.4989201381,240,2260
45100,619226.8393683373,240,2260
45200,622823.8023119842,240,2260
45300,626421.3085025627,240,2260
45400,630341.1565849414,240,2260
45500,634043.4501260378,240,2260
45600,637834.675783693,240,2260
45700,641574.6571412619,240,2260
45800,645680.1346090294,240,2260
45900,649737.9784640324,240,2260
46000,653774.1266044007,240,2260
46100,657889.0272771851,240,2260
46200,661912.3386987791,240,2260
46300,666033.8487342123,240,2260
46400,669932.1282916758,240,2260
46500,673789.788732045,240,2260
46600,678100.7528434809,240,2260
46700,682123.898859276,240,2260
46800,686332.3512409913,240,2260
46900,690323.8869322371,240,2260
47000,694441.7408336676,240,2260
47100,698845.6754589214,240,2260
47200,703005.3119752317,240,2260
47300,706947.440835372,240,2260
47400,710783.5832726293,240,2260
47500,715031.5967142826,240,2260
47600,719055.9720526258,240,2260
47700,723144.012729876,240,2260
47800,727392.6799101462,240,2260
47900,731627.0506297556,240,2260
48000,735996.1645538482,240,2260
48100,740284.4065151414,240,2260
48200,744531.6314889641,240,2260
48300,749089.7090679827,240,2260
48400,753223.8334666151,240,2260
48500,757763.8513373418,240,2260
48600,762034.7396813021,240,2260
48700,766524.4602850568,240,2260
48800,770934.3839212696,240,2260
48900,775179.6342052368,240,2260
49000,779501.5084866124,240,2260
49100,784040.0703804083,240,2260
49200,788464.7101612217,240,2260
49300,793040.2299502201,240,2260
49400,797292.0649240713,240,2260
49500,801659.9479169556,240,2260
49600,806064.3708238384,240,2260
49700,810458.1334072213,240,2260
49800,814888.8915496252,240,2260
49900,819398.9129726221,240,2260
50000,824104.4236340958,240,2260
