seed,mean_aspect_ratio,fraction_elongated,fraction_round,fraction_binary
1099062448631258,1.5314114285714284,0.2227285714285715,0.5982714285714285,0.17899999999999994
853827592514924,1.6975842857142862,0.30789999999999995,0.5151428571428571,0.17695714285714292
1052030010736714,1.445652857142857,0.1798714285714286,0.6527714285714287,0.16735714285714276
993068073743470,1.48524,0.19297142857142857,0.6176714285714286,0.18935714285714284
375074238073900,1.6466514285714287,0.2742142857142857,0.5297714285714286,0.19601428571428578
416178520884477,1.555202857142857,0.23517142857142856,0.5869285714285711,0.17790000000000003
874051135843279,1.4887199999999998,0.19548571428571432,0.6138857142857143,0.19062857142857143
12944511869278,1.5959885714285715,0.25258571428571436,0.5602714285714286,0.18714285714285722
542029227742456,1.4447785714285717,0.18184285714285714,0.6546571428571427,0.16349999999999998
1011744331896734,1.50999,0.21138571428571432,0.6146285714285712,0.1739857142857143
211701226972609,1.6880242857142858,0.2993857142857142,0.5132714285714288,0.1873428571428572
292918525777755,1.5605585714285715,0.22975714285714288,0.5830714285714286,0.18717142857142857
731147908347497,1.634261428571428,0.27009999999999995,0.5451571428571427,0.18474285714285713
985549376192247,1.429125714285714,0.17188571428571423,0.656242857142857,0.1718714285714286
873456432950595,1.5924871428571425,0.2554142857142857,0.5678571428571428,0.17672857142857137
422219896800918,1.589855714285714,0.25351428571428564,0.5675428571428571,0.17894285714285715
900740014674953,1.6116842857142861,0.2613714285714286,0.5529571428571431,0.1856714285714286
1020578668480920,1.5350257142857142,0.2249,0.6029428571428571,0.1721571428571429
343569160877337,1.6063700000000003,0.26237142857142864,0.5616714285714287,0.17595714285714276
78804909138230,1.5808342857142854,0.24097142857142864,0.5649714285714283,0.1940571428571429
333614425743970,1.4434071428571422,0.18392857142857144,0.6522000000000001,0.16387142857142853
974443487743328,1.5390371428571425,0.22412857142857134,0.5944,0.18147142857142856
703985244396274,1.4752671428571429,0.1945857142857143,0.6296000000000002,0.17581428571428567
1122578106359740,1.8594057142857143,0.3875857142857143,0.41332857142857155,0.19908571428571423
492938554100859,1.5981228571428572,0.24424285714285707,0.5591999999999999,0.19655714285714282
170902461924754,1.4790885714285706,0.18818571428571432,0.6202999999999997,0.19151428571428575
260045648084392,1.8557071428571428,0.38151428571428575,0.42032857142857144,0.19815714285714287
450419983107763,1.7199985714285715,0.3129428571428571,0.4962142857142856,0.1908428571428572
543308666121182,1.5334585714285716,0.22130000000000005,0.5966999999999999,0.182
593849570694833,1.5662499999999995,0.23424285714285717,0.582642857142857,0.18311428571428565
582382717235568,1.623244285714286,0.2629857142857143,0.551357142857143,0.1856571428571429
1123570616129223,1.5369642857142856,0.2191428571428571,0.5896285714285714,0.1912285714285714
680622798933824,1.5958914285714283,0.25188571428571427,0.5663000000000001,0.18181428571428568
201764007966294,1.453952857142857,0.18365714285714285,0.6391571428571429,0.17718571428571428
453356923466257,1.59369,0.2432428571428572,0.5585285714285713,0.19822857142857142
346214149398000,1.496171428571429,0.2061285714285714,0.6242142857142857,0.16965714285714284
353918643079908,1.7178799999999999,0.3178142857142857,0.49622857142857146,0.18595714285714288
971536625474344,1.5011428571428573,0.20279999999999998,0.6126000000000001,0.18460000000000001
799035771825238,1.4365457142857143,0.17000000000000004,0.6430285714285714,0.18697142857142862
1114806189928891,1.4981014285714296,0.20407142857142863,0.6129571428571429,0.18297142857142856
216465895742590,1.527248571428571,0.21817142857142857,0.6005571428571429,0.1812714285714286
926435018171726,1.5656085714285717,0.23129999999999998,0.5703571428571428,0.1983428571428572
744517311885370,1.4704528571428566,0.19791428571428574,0.6509714285714286,0.15111428571428576
812580382463326,1.532591428571428,0.22321428571428578,0.6016714285714286,0.17511428571428564
521742092743191,1.8764700000000005,0.4029,0.4172714285714287,0.17982857142857142
1008612444973162,1.5354385714285719,0.22051428571428575,0.5903142857142858,0.18917142857142855
121838283310165,1.646517142857143,0.28167142857142863,0.5427857142857143,0.1755428571428571
431006493426170,1.564592857142857,0.2386142857142857,0.5873285714285718,0.1740571428571428
765322069857382,1.5618228571428567,0.2384285714285714,0.5889857142857143,0.1725857142857143
725201757884584,1.5029671428571427,0.21022857142857143,0.6213857142857142,0.16838571428571417
184656659025018,1.4531257142857146,0.18345714285714285,0.637842857142857,0.17869999999999994
1034686135547599,1.5986957142857143,0.26097142857142863,0.5566142857142855,0.18241428571428575
380972098894405,1.7301857142857144,0.3202714285714286,0.4930571428571429,0.18667142857142857
742183958399040,1.4567771428571425,0.18925714285714296,0.6464857142857141,0.16425714285714285
37852570490343,1.5553985714285714,0.24100000000000008,0.5981571428571429,0.16084285714285712
734109262104827,1.6011442857142861,0.2546285714285715,0.5609428571428571,0.18442857142857147
401686787590537,1.4110299999999996,0.1640428571428571,0.6649714285714285,0.1709857142857142
350020380685320,1.6603057142857143,0.28181428571428574,0.5255000000000001,0.1926857142857143
484612500106051,1.626122857142857,0.2627428571428571,0.538,0.19925714285714285
604884003999171,1.6071914285714282,0.26192857142857134,0.5559714285714286,0.18209999999999996
501697692195937,1.5104685714285708,0.2136857142857143,0.6224857142857143,0.16382857142857138
851083349436041,1.5824114285714288,0.24775714285714287,0.5788428571428569,0.17339999999999997
796940938751527,1.5627785714285716,0.24265714285714282,0.5888571428571432,0.16848571428571435
7713914261614,1.5126900000000003,0.21338571428571432,0.6104428571428571,0.17617142857142865
576259920081951,1.4782785714285716,0.1938571428571428,0.6268857142857144,0.1792571428571429
1070126987202609,1.5204900000000006,0.21352857142857143,0.6010285714285712,0.1854428571428571
162309295428918,1.6009185714285716,0.2570285714285714,0.5693857142857142,0.17358571428571437
1068084324211974,1.6099428571428567,0.24997142857142854,0.5478857142857142,0.2021428571428572
351091003490802,1.6987985714285714,0.30605714285714286,0.5169857142857144,0.1769571428571428
476623210066927,1.4949328571428566,0.20495714285714275,0.6184857142857142,0.1765571428571429
931910273456500,1.6697257142857145,0.2829714285714285,0.5179714285714287,0.19905714285714285
460717270137620,1.6536471428571424,0.2862714285714285,0.5343142857142859,0.17941428571428567
618787482224677,1.4619585714285712,0.18745714285714293,0.6327285714285715,0.17981428571428573
31028804052714,1.5388857142857142,0.2176428571428572,0.588542857142857,0.19381428571428574
848380339120121,1.63857,0.2767142857142858,0.5468285714285717,0.17645714285714284
605895506705858,2.202415714285715,0.5609714285714285,0.23511428571428575,0.20391428571428577
371244909592213,1.5133871428571426,0.2154857142857143,0.6137,0.17081428571428572
887691803963939,1.5885871428571428,0.25441428571428576,0.5763428571428572,0.1692428571428572
341367030785281,1.5435471428571428,0.23239999999999997,0.6017142857142855,0.16588571428571425
510593232092641,1.520144285714286,0.2134714285714286,0.6011714285714286,0.18535714285714291
150917535351633,1.493535714285714,0.21020000000000003,0.6254000000000001,0.16440000000000002
453864874513756,1.45738,0.18721428571428578,0.6422142857142857,0.17057142857142857
229070237359158,1.5074471428571428,0.21487142857142857,0.6195714285714286,0.1655571428571428
295338566340576,1.5822457142857147,0.25174285714285716,0.5803428571428568,0.16791428571428568
844835515273933,1.5346500000000003,0.22794285714285717,0.6020714285714283,0.16998571428571418
315712195248884,1.6448400000000003,0.2774857142857143,0.5337142857142856,0.1888
546276473453276,1.5414171428571424,0.22825714285714283,0.6026142857142858,0.16912857142857143
1104211921913509,1.765867142857143,0.3435428571428571,0.47574285714285713,0.18071428571428566
1082729744800802,1.5444214285714286,0.2317142857142857,0.5958000000000001,0.1724857142857143
816040927085971,1.4393614285714285,0.1810285714285714,0.6500000000000004,0.16897142857142855
609367266722641,1.5723742857142857,0.23907142857142846,0.571742857142857,0.1891857142857143
311751781598459,1.5081428571428572,0.21048571428571425,0.6106142857142859,0.17890000000000006
180878082594115,1.6115157142857137,0.26390000000000013,0.5551714285714286,0.1809285714285714
1092038932415872,1.5599685714285716,0.23674285714285717,0.5861142857142857,0.17714285714285719
581041572900200,1.6815557142857143,0.2955000000000001,0.5115857142857144,0.19291428571428576
130453083214186,1.5366614285714284,0.2286285714285714,0.6053857142857143,0.16598571428571432
701987058071801,1.5213814285714287,0.2174857142857143,0.6100285714285715,0.17248571428571427
874467446318397,1.7155457142857138,0.31488571428571427,0.5055999999999998,0.1795142857142857
690180359955634,1.5395071428571434,0.2142285714285715,0.5842999999999998,0.20147142857142855
1032785400457749,1.528507142857143,0.2192428571428571,0.6006,0.18015714285714288
44577617154917,1.6185742857142857,0.2741428571428572,0.5676142857142856,0.15824285714285716
595138602756779,1.7121728571428574,0.31361428571428573,0.504,0.18238571428571426
517166228317078,1.4838242857142854,0.20301428571428573,0.6435285714285713,0.1534571428571428
70199386339719,1.533227142857143,0.2175285714285714,0.5999428571428571,0.18252857142857148
722071326265667,1.7181271428571423,0.3251571428571429,0.5092714285714286,0.16557142857142856
959979233570859,1.5368685714285713,0.2210285714285714,0.5916000000000001,0.1873714285714285
667592237473616,1.6068428571428572,0.26457142857142857,0.5656285714285714,0.1698
292843692953188,1.5930471428571424,0.24504285714285706,0.5612999999999998,0.19365714285714283
945622526456000,1.5771571428571438,0.24581428571428562,0.577742857142857,0.17644285714285715
573641366056098,1.8656571428571433,0.40035714285714286,0.41897142857142855,0.18067142857142857
575209747940671,1.8368485714285718,0.3779142857142859,0.4347,0.18738571428571424
847836640960530,1.5672800000000005,0.2336714285714285,0.5751285714285711,0.1912
166545407203722,1.5995671428571432,0.2566,0.5672714285714284,0.1761285714285713
922817646891254,1.5205457142857146,0.2130428571428571,0.6041428571428569,0.1828142857142857
769312664147949,1.6372114285714288,0.2711714285714285,0.5438142857142855,0.18501428571428571
886192373395909,1.4695385714285711,0.18964285714285714,0.6242142857142857,0.18614285714285722
215740729027954,1.6306314285714287,0.26914285714285713,0.5446285714285715,0.18622857142857152
903381734482463,1.4432342857142857,0.1787571428571428,0.6491000000000001,0.17214285714285713
215411591372525,1.460118571428571,0.18202857142857143,0.6342142857142857,0.1837571428571428
91820085255413,1.5658785714285712,0.22901428571428575,0.5675428571428573,0.20344285714285712
962899970830917,1.6704,0.2910285714285716,0.5225428571428573,0.18642857142857142
969719008256981,1.5787785714285716,0.24521428571428566,0.5753,0.17948571428571436
986893035328992,1.5165614285714284,0.21042857142857138,0.6064428571428571,0.18312857142857142
531323109617933,1.6263228571428567,0.2761285714285715,0.5536142857142857,0.17025714285714288
308551055971772,1.720184285714286,0.3194714285714287,0.49798571428571453,0.1825428571428571
7984690204788,1.5918914285714287,0.2515142857142857,0.5674285714285715,0.1810571428571429
727017096545658,1.4078128571428568,0.16075714285714288,0.6652714285714283,0.17397142857142855
810545908121264,1.4222042857142856,0.16807142857142857,0.654257142857143,0.17767142857142862
