seed,mean_aspect_ratio,fraction_elongated,fraction_round,fraction_binary
1099062448631258,1.5248871428571427,0.22527142857142862,0.6178571428571427,0.15687142857142855
853827592514924,1.4730385714285719,0.1936571428571428,0.6395857142857143,0.16675714285714283
1052030010736714,1.4202514285714285,0.17328571428571427,0.6744,0.15231428571428576
993068073743470,1.4340114285714278,0.18170000000000003,0.6701571428571426,0.14814285714285716
375074238073900,1.3914899999999997,0.16127142857142854,0.6982428571428569,0.14048571428571424
416178520884477,1.3555285714285719,0.14471428571428577,0.7192857142857142,0.13599999999999995
874051135843279,1.4351085714285712,0.17487142857142854,0.6631999999999996,0.16192857142857142
12944511869278,1.3258842857142852,0.1282,0.7328285714285714,0.1389714285714286
542029227742456,1.3573314285714286,0.14345714285714284,0.7082142857142858,0.1483285714285715
1011744331896734,1.187421428571428,0.06192857142857139,0.7871285714285717,0.15094285714285718
211701226972609,1.259674285714286,0.09721428571428574,0.761857142857143,0.14092857142857138
292918525777755,1.418321428571428,0.17172857142857145,0.6805714285714289,0.14770000000000003
731147908347497,1.3013285714285714,0.1109,0.7377571428571428,0.1513428571428571
985549376192247,1.5739828571428576,0.23821428571428557,0.5786285714285714,0.1831571428571429
873456432950595,1.5220057142857146,0.21398571428571428,0.6081428571428574,0.17787142857142854
422219896800918,1.3536100000000004,0.1369857142857143,0.7125142857142857,0.15050000000000002
900740014674953,1.3511842857142857,0.14105714285714288,0.7188857142857142,0.14005714285714285
1020578668480920,1.3070842857142857,0.11895714285714283,0.7406714285714283,0.14037142857142856
343569160877337,1.313635714285715,0.12234285714285717,0.7378142857142859,0.1398428571428571
78804909138230,1.353415714285714,0.14371428571428574,0.7208571428571429,0.13542857142857148
333614425743970,1.422702857142857,0.1739428571428572,0.6720428571428572,0.1540142857142857
974443487743328,1.4393300000000002,0.18161428571428576,0.6638571428571429,0.15452857142857138
703985244396274,1.4738914285714286,0.19708571428571442,0.6441142857142861,0.15880000000000002
1122578106359740,1.2651357142857145,0.09882857142857143,0.762014285714286,0.13915714285714284
492938554100859,1.4432485714285712,0.18487142857142855,0.6680857142857142,0.14704285714285711
170902461924754,1.3383628571428565,0.1311,0.7177285714285713,0.15117142857142854
260045648084392,1.332121428571429,0.12865714285714286,0.7233714285714284,0.14797142857142856
450419983107763,1.318695714285714,0.12174285714285717,0.7400285714285713,0.13822857142857142
543308666121182,1.4357028571428572,0.17852857142857145,0.669742857142857,0.1517285714285714
593849570694833,1.3050771428571428,0.11785714285714288,0.7497857142857143,0.13235714285714278
582382717235568,1.5732099999999996,0.23895714285714287,0.5785,0.18254285714285712
1123570616129223,1.4897542857142856,0.19887142857142862,0.6261571428571429,0.1749714285714285
680622798933824,1.3893385714285718,0.15631428571428574,0.6888428571428571,0.15484285714285706
201764007966294,1.2675557142857143,0.09801428571428572,0.7585428571428574,0.14344285714285715
453356923466257,1.3593057142857141,0.14578571428571432,0.7196142857142858,0.13459999999999997
346214149398000,1.2534242857142859,0.09562857142857144,0.7725857142857147,0.1317857142857143
353918643079908,1.3233471428571435,0.12587142857142858,0.7292000000000001,0.1449285714285714
971536625474344,1.5616999999999994,0.24619999999999997,0.6044857142857144,0.1493142857142857
799035771825238,1.4451299999999998,0.1741,0.6503142857142858,0.17558571428571432
1114806189928891,1.4774628571428567,0.19725714285714288,0.6418285714285715,0.1609142857142857
216465895742590,1.4720014285714287,0.19218571428571424,0.6390428571428571,0.16877142857142857
926435018171726,1.2983742857142855,0.10984285714285713,0.7398428571428571,0.15031428571428568
744517311885370,1.3117671428571431,0.12122857142857146,0.739642857142857,0.13912857142857138
812580382463326,1.4877242857142856,0.1959571428571428,0.6317571428571428,0.1722857142857143
521742092743191,1.3134957142857144,0.11515714285714289,0.7267428571428575,0.1581
1008612444973162,1.3280314285714288,0.12938571428571433,0.7314714285714287,0.1391428571428572
121838283310165,1.3948128571428575,0.15477142857142856,0.6896999999999996,0.15552857142857143
431006493426170,1.324458571428571,0.12494285714285712,0.7319428571428575,0.14311428571428575
765322069857382,1.5956671428571432,0.26691428571428577,0.5821999999999999,0.1508857142857143
725201757884584,1.2709400000000004,0.09997142857142857,0.7620714285714284,0.13795714285714286
184656659025018,1.5498057142857142,0.23470000000000002,0.6036142857142858,0.16168571428571424
1034686135547599,1.373091428571429,0.14978571428571427,0.7026285714285716,0.14758571428571426
380972098894405,1.6145100000000006,0.25635714285714284,0.5578857142857141,0.18575714285714282
742183958399040,1.343975714285714,0.1384857142857143,0.7240857142857141,0.13742857142857143
37852570490343,1.2919885714285715,0.1144142857142858,0.7537714285714286,0.13181428571428574
734109262104827,1.2830614285714281,0.10367142857142857,0.7434142857142856,0.15291428571428572
401686787590537,1.5548042857142854,0.2394571428571428,0.6031142857142857,0.15742857142857145
350020380685320,1.4416914285714282,0.18569999999999998,0.6698142857142854,0.14448571428571425
484612500106051,1.2919442857142858,0.11011428571428566,0.751542857142857,0.13834285714285713
604884003999171,1.3231557142857144,0.12675714285714287,0.7344857142857143,0.13875714285714288
501697692195937,1.385012857142857,0.15704285714285712,0.7025571428571429,0.14039999999999994
851083349436041,1.3283114285714288,0.12832857142857146,0.7310285714285714,0.14064285714285724
796940938751527,1.215344285714286,0.07928571428571428,0.8010000000000002,0.1197142857142857
7713914261614,1.4322014285714284,0.17910000000000004,0.6738142857142857,0.1470857142857143
576259920081951,1.2665528571428568,0.09962857142857143,0.7632285714285716,0.13714285714285715
1070126987202609,1.3083914285714289,0.1186285714285714,0.7413428571428572,0.1400285714285715
162309295428918,1.4416114285714283,0.17972857142857132,0.6657285714285709,0.15454285714285718
1068084324211974,1.644122857142857,0.2679,0.5431857142857145,0.18891428571428573
351091003490802,1.3122728571428568,0.1182285714285714,0.7306999999999998,0.15107142857142858
476623210066927,1.3361371428571431,0.12944285714285714,0.7172142857142857,0.15334285714285714
931910273456500,1.6430242857142856,0.2789857142857143,0.5424857142857143,0.1785285714285714
460717270137620,1.3543314285714285,0.1384428571428571,0.7123857142857144,0.14917142857142857
618787482224677,1.4644314285714286,0.1948285714285714,0.6522714285714285,0.15289999999999995
31028804052714,1.4757357142857146,0.19681428571428572,0.6455714285714285,0.15761428571428573
848380339120121,1.4043000000000003,0.16551428571428572,0.6850142857142855,0.1494714285714286
605895506705858,1.2495428571428575,0.08929999999999996,0.7700571428571428,0.14064285714285715
371244909592213,1.2990857142857144,0.11544285714285717,0.7436857142857142,0.14087142857142854
887691803963939,1.2686299999999997,0.10305714285714283,0.757842857142857,0.13909999999999997
341367030785281,1.4331571428571435,0.17321428571428574,0.6678285714285714,0.15895714285714282
510593232092641,1.7065357142857147,0.3146,0.5065571428571432,0.17884285714285716
150917535351633,1.3366800000000003,0.1357285714285715,0.7305857142857146,0.13368571428571424
453864874513756,1.3818842857142857,0.15688571428571427,0.7073428571428572,0.13577142857142852
229070237359158,1.2501185714285714,0.09348571428571432,0.7697142857142859,0.13679999999999998
295338566340576,1.3135814285714282,0.12051428571428568,0.734257142857143,0.1452285714285714
844835515273933,1.4631500000000002,0.19372857142857144,0.6533428571428572,0.15292857142857139
315712195248884,1.4525999999999997,0.18941428571428562,0.6622285714285715,0.14835714285714288
546276473453276,1.218982857142858,0.07441428571428572,0.7778999999999999,0.14768571428571434
1104211921913509,1.526968571428572,0.21605714285714286,0.6101857142857143,0.17375714285714278
1082729744800802,1.2724485714285712,0.10015714285714286,0.7576714285714287,0.1421714285714286
816040927085971,1.4779185714285714,0.20082857142857138,0.6471857142857144,0.1519857142857143
609367266722641,1.3846528571428571,0.15381428571428574,0.6974857142857142,0.1487
311751781598459,1.3790228571428569,0.1515857142857143,0.6982714285714288,0.15014285714285708
180878082594115,1.324665714285714,0.12262857142857148,0.7237142857142858,0.15365714285714283
1092038932415872,1.4536700000000002,0.18850000000000003,0.652214285714286,0.15928571428571428
581041572900200,1.3930628571428576,0.1572142857142857,0.6915142857142857,0.15127142857142853
130453083214186,1.3191242857142862,0.12545714285714285,0.7382428571428573,0.13630000000000003
701987058071801,1.4931328571428573,0.20534285714285705,0.6368857142857143,0.15777142857142862
874467446318397,1.3199885714285715,0.12435714285714283,0.7322571428571428,0.1433857142857143
690180359955634,1.3675614285714286,0.14574285714285715,0.7098857142857145,0.14437142857142854
1032785400457749,1.4473328571428576,0.1830857142857143,0.6633857142857144,0.15352857142857146
44577617154917,1.6444128571428573,0.2697,0.5355142857142856,0.19478571428571428
595138602756779,1.3137114285714286,0.12262857142857145,0.7379857142857144,0.13938571428571428
517166228317078,1.2787128571428572,0.10340000000000005,0.7536857142857142,0.14291428571428572
70199386339719,1.385828571428572,0.15068571428571428,0.6811714285714284,0.16814285714285712
722071326265667,1.502508571428572,0.21154285714285717,0.629042857142857,0.15941428571428565
959979233570859,1.1876642857142854,0.06382857142857144,0.8046571428571425,0.13151428571428578
667592237473616,1.4686628571428568,0.18802857142857135,0.6435142857142856,0.16845714285714292
292843692953188,1.351022857142858,0.14072857142857145,0.7214714285714284,0.13779999999999992
945622526456000,1.4668671428571425,0.18800000000000006,0.6414285714285711,0.17057142857142854
573641366056098,1.316897142857143,0.12439999999999996,0.7381142857142858,0.1374857142857142
575209747940671,1.6273371428571437,0.26694285714285715,0.5585142857142855,0.1745428571428571
847836640960530,1.3351300000000004,0.13048571428571426,0.7154285714285714,0.1540857142857143
166545407203722,1.3542814285714282,0.1413,0.7157,0.14299999999999993
922817646891254,1.4235914285714284,0.1716857142857143,0.6674571428571425,0.16085714285714284
769312664147949,1.4279728571428578,0.17421428571428565,0.6694142857142859,0.1563714285714286
886192373395909,1.4643200000000003,0.1908428571428572,0.6510999999999999,0.15805714285714284
215740729027954,1.3899742857142858,0.15261428571428573,0.685157142857143,0.1622285714285714
903381734482463,1.3176642857142853,0.12170000000000003,0.7295000000000001,0.14880000000000002
215411591372525,1.3441771428571436,0.13672857142857142,0.7187285714285715,0.14454285714285717
91820085255413,1.4565557142857142,0.1866428571428571,0.6512428571428572,0.16211428571428574
962899970830917,1.29217,0.1114714285714286,0.750242857142857,0.13828571428571432
969719008256981,1.7160300000000006,0.3060285714285716,0.4971285714285714,0.1968428571428571
986893035328992,1.52908,0.2227285714285715,0.6088,0.16847142857142855
531323109617933,1.4134528571428568,0.17040000000000002,0.6767714285714286,0.1528285714285714
308551055971772,1.3226042857142857,0.1254142857142857,0.7310285714285717,0.14355714285714286
7984690204788,1.349054285714285,0.13531428571428572,0.717314285714286,0.14737142857142857
727017096545658,1.3538642857142855,0.1416428571428572,0.7195714285714285,0.13878571428571426
810545908121264,1.4035314285714284,0.15740000000000007,0.6787142857142858,0.1638857142857143
