step,msd_global,n_round,n_elongated
0,0.0,2500,0
100,21.41193832144603,2500,0
200,23.145335017885397,2469,31
300,27.164731780689028,2446,54
400,32.66984590013795,2424,76
500,36.032937086905505,2401,99
600,36.48194667135408,2360,140
700,42.26609536309985,2330,170
800,47.22630074302359,2302,198
900,53.58673624470403,2268,232
1000,68.28655324125961,2230,270
1100,77.2871738611788,2189,311
1200,85.67624561382846,2141,359
1300,97.86410876291593,2083,417
1400,115.57603225337397,2052,448
1500,135.6591954380352,2021,479
1600,152.10267878047247,1997,503
1700,174.37879332507197,1968,532
1800,189.838729112485,1923,577
1900,211.66546678434395,1890,610
2000,234.02822417340613,1864,636
2100,256.0794524559227,1844,656
2200,283.2038267224449,1838,662
2300,313.2796943226497,1822,678
2400,341.6145298209617,1807,693
2500,374.21265660956476,1783,717
2600,420.8771269979734,1751,749
2700,468.53896899982357,1724,776
2800,513.3670629220595,1700,800
2900,555.0334264018119,1690,810
3000,588.1177438909526,1671,829
3100,625.0183048896116,1665,835
3200,659.4324052453042,1659,841
3300,700.395317717848,1640,860
3400,738.6325866314714,1641,859
3500,786.273312584025,1625,875
3600,836.0151097220556,1605,895
3700,892.9066057835851,1592,908
3800,939.4269013890993,1588,912
3900,982.4449261951223,1601,899
4000,1028.3493998050403,1597,903
4100,1064.7083133463677,1595,905
4200,1098.8502580437857,1601,899
4300,1124.370580747353,1574,926
4400,1162.8190016982,1567,933
4500,1193.5520917994784,1558,942
4600,1250.5814849606086,1558,942
4700,1305.5420305700065,1548,952
4800,1361.7959483140908,1523,977
4900,1422.8695354736187,1518,982
5000,1489.6155176886764,1518,982
5100,1546.5895937662683,1513,987
5200,1614.7878133102502,1511,989
5300,1660.7728358101697,1507,993
5400,1723.2597092299477,1514,986
5500,1780.8181211451724,1519,981
5600,1862.3518153570055,1510,990
5700,1949.3861660458915,1529,971
5800,2044.2485104557954,1516,984
5900,2114.2137895552314,1500,1000
6000,2204.858077974036,1472,1028
6100,2276.127745884762,1448,1052
6200,2346.4221208244926,1424,1076
6300,2426.6257221995943,1409,1091
6400,2484.8687238446655,1380,1120
6500,2549.8605714596188,1369,1131
6600,2627.2689348085664,1353,1147
6700,2725.5494923760357,1334,1166
6800,2813.0962713056324,1336,1164
6900,2923.307350680585,1345,1155
7000,3042.4653582046285,1335,1165
7100,3139.672793274326,1341,1159
7200,3234.918963915231,1329,1171
7300,3327.9774766082055,1312,1188
7400,3437.352613032228,1325,1175
7500,3513.066799051273,1301,1199
7600,3605.357370224023,1300,1200
7700,3709.1261722803124,1292,1208
7800,3841.121921907948,1274,1226
7900,3991.6601694183296,1245,1255
8000,4104.678209338047,1226,1274
8100,4229.823397648545,1206,1294
8200,4345.976624341044,1203,1297
8300,4481.348102554315,1190,1310
8400,4606.400886709334,1193,1307
8500,4753.22627846649,1196,1304
8600,4901.70950837122,1191,1309
8700,5034.536465447526,1196,1304
8800,5165.60337415825,1177,1323
8900,5326.306965224859,1181,1319
9000,5467.662699258319,1188,1312
9100,5601.015349640563,1191,1309
9200,5735.294680839241,1202,1298
9300,5871.36542649594,1188,1312
9400,5990.961031762704,1191,1309
9500,6163.299118961553,1193,1307
9600,6312.964464028083,1182,1318
9700,6487.768849673976,1160,1340
9800,6644.3160182030115,1154,1346
9900,6784.165852755913,1126,1374
10000,6952.5673140918825,1095,1405
10100,7076.322446911596,1098,1402
10200,7189.899352822381,1109,1391
10300,7302.672004065864,1111,1389
10400,7424.1295711773855,1115,1385
10500,7529.756180387109,1128,1372
10600,7606.680336350372,1129,1371
10700,7712.849557993668,1123,1377
10800,7777.921044315374,1118,1382
10900,7897.195853908934,1090,1410
11000,8024.616363158748,1096,1404
11100,8122.219676582376,1084,1416
11200,8182.791780810343,1100,1400
11300,8269.172229613207,1089,1411
11400,8345.69483820556,1081,1419
11500,8416.932599327427,1082,1418
11600,8513.038983188471,1070,1430
11700,8612.219572283315,1083,1417
11800,8691.340795203008,1060,1440
11900,8810.123824341243,1028,1472
12000,8926.32547184,1003,1497
12100,9048.392873314488,1003,1497
12200,9162.700480129648,1076,1424
12300,9282.575526863935,1055,1445
12400,9442.829966023692,1079,1421
12500,9644.287421758136,1084,1416
12600,9832.19107742309,1085,1415
12700,10045.585945302337,1065,1435
12800,10277.965887773986,1069,1431
12900,10506.986970077865,1069,1431
13000,10704.369987620434,1041,1459
13100,10865.303427670198,1023,1477
13200,11006.003517502733,1003,1497
13300,11109.951612983576,988,1512
13400,11216.867823383378,962,1538
13500,11309.779671538168,952,1548
13600,11321.483803804449,945,1555
13700,11390.937760799941,955,1545
13800,11476.16588280029,958,1542
13900,11575.061209365218,959,1541
14000,11655.396824549189,980,1520
14100,11772.797441470873,970,1530
14200,11849.02611282346,979,1521
14300,11919.045143288746,970,1530
14400,12004.82986014733,972,1528
14500,12057.373112140653,965,1535
14600,12117.877417495498,971,1529
14700,12188.689646251803,963,1537
14800,12327.068113930503,966,1534
14900,12476.794365929922,951,1549
15000,12637.28825008006,945,1555
15100,12775.95420719095,945,1555
15200,12946.955730132637,926,1574
15300,13151.400011117268,892,1608
15400,13387.857147988576,865,1635
15500,13602.335908327294,851,1649
15600,13859.753523118812,816,1684
15700,14137.664587534045,804,1696
15800,14396.618409619969,785,1715
15900,14704.489966491139,761,1739
16000,15037.575223631793,738,1762
16100,15363.973562936253,719,1781
16200,15726.674753122044,700,1800
16300,16108.233986987436,676,1824
16400,16485.934623211826,644,1856
16500,16839.670974097295,626,1874
16600,17115.502961577888,604,1896
16700,17378.345389330887,587,1913
16800,17584.063418959307,559,1941
16900,17821.79229413386,545,1955
17000,17978.883010442096,522,1978
17100,18219.51505486267,496,2004
17200,18508.819380580826,482,2018
17300,18832.50240942246,464,2036
17400,19119.83125765059,464,2036
17500,19377.078877512173,468,2032
17600,19681.559821385083,460,2040
17700,20056.309454672508,451,2049
17800,20364.99149315974,444,2056
17900,20724.426590042174,428,2072
18000,21055.290278096847,407,2093
18100,21492.823331007905,403,2097
18200,21895.946913557575,397,2103
18300,22291.91110521981,397,2103
18400,22824.478271376483,401,2099
18500,23340.086533674155,396,2104
18600,23859.04674186209,396,2104
18700,24460.257515382236,402,2098
18800,25029.30746868247,406,2094
18900,25620.81846708168,394,2106
19000,26247.379443680467,391,2109
19100,26825.532616395663,379,2121
19200,27435.603876610552,368,2132
19300,28052.508581314574,363,2137
19400,28712.754599579144,354,2146
19500,29344.300903451014,334,2166
19600,29963.67835361349,312,2188
19700,30483.120550363947,294,2206
19800,31035.656121911143,279,2221
19900,31528.199683009614,257,2243
20000,32028.897233771306,229,2271
20100,32573.701836725293,214,2286
20200,33057.03306454151,186,2314
20300,33643.95042814512,164,2336
20400,34279.64597814984,142,2358
20500,34823.109183443186,146,2354
20600,35491.08271297334,149,2351
20700,36152.02681604947,136,2364
20800,36817.53761306665,133,2367
20900,37555.02585637189,130,2370
21000,38330.05607649417,117,2383
21100,39080.14104522671,122,2378
21200,39873.94874821303,118,2382
21300,40712.585465750264,114,2386
21400,41584.78093353702,104,2396
21500,42467.74875098083,91,2409
21600,43402.79568949106,74,2426
21700,44322.440533512745,63,2437
21800,45193.153836109756,57,2443
21900,46099.68151221148,59,2441
22000,47123.9730046276,63,2437
22100,48089.82298936744,63,2437
22200,49114.10724093821,54,2446
22300,50087.76534941988,63,2437
22400,51070.444441285465,61,2439
22500,52090.59566334047,60,2440
22600,52955.38192902416,68,2432
22700,53829.963005048696,66,2434
22800,54737.24843456256,55,2445
22900,55564.32648066894,40,2460
23000,56477.15316827825,23,2477
23100,57445.6222372658,23,2477
23200,58355.44251611595,20,2480
23300,59368.955747337815,14,2486
23400,60367.13448264743,11,2489
23500,61387.0951012688,7,2493
23600,62425.72343088132,5,2495
23700,63555.00011857424,5,2495
23800,64620.51040783355,10,2490
23900,65760.71628581152,17,2483
24000,66936.21751363482,14,2486
24100,68169.0778564729,17,2483
24200,69403.87944146621,18,2482
24300,70689.11101482158,15,2485
24400,72047.23279748755,15,2485
24500,73388.01982797107,10,2490
24600,74625.68664239203,6,2494
24700,75970.0041288855,5,2495
24800,77280.89228783618,5,2495
24900,78623.8956014014,5,2495
25000,79985.3070350199,5,2495
25100,81418.1424515111,5,2495
25200,82827.614750522,5,2495
25300,84222.78837353003,5,2495
25400,85519.09010304637,6,2494
25500,86801.48237049425,5,2495
25600,88120.17828806852,5,2495
25700,89335.11658482823,5,2495
25800,90539.62332318623,7,2493
25900,91884.43674993861,6,2494
26000,93282.3531393762,6,2494
26100,94634.29415078311,6,2494
26200,96085.32194456918,7,2493
26300,97548.2096778579,5,2495
26400,98972.25880389064,5,2495
26500,100468.65709511422,5,2495
26600,101953.34719858212,5,2495
26700,103466.06541638837,5,2495
26800,105039.35696054496,5,2495
26900,106696.47652751963,5,2495
27000,108332.54668114508,5,2495
27100,110057.02895369315,7,2493
27200,111847.14595276365,7,2493
27300,113559.59883834101,6,2494
27400,115229.66973169758,7,2493
27500,116943.77214407845,6,2494
27600,118705.99592097392,5,2495
27700,120399.49871272664,5,2495
27800,122133.85074400912,5,2495
27900,123894.27600790284,5,2495
28000,125744.3947395415,5,2495
28100,127667.32588071818,5,2495
28200,129374.61411233459,5,2495
28300,131119.44583485823,5,2495
28400,132810.68702140122,5,2495
28500,134520.72824546963,5,2495
28600,136210.5363104369,5,2495
28700,137900.71501840415,5,2495
28800,139634.0945338188,5,2495
28900,141460.33393385814,5,2495
29000,143322.44397045427,5,2495
29100,145195.20840219554,5,2495
29200,147063.6511025402,5,2495
29300,148855.9885677007,5,2495
29400,150714.75369880375,5,2495
29500,152603.05664364694,5,2495
29600,154590.8219882553,5,2495
29700,156588.72908597888,5,2495
29800,158662.0146425491,5,2495
29900,160718.3693103608,6,2494
30000,162894.113175388,6,2494
30100,165075.08962423963,7,2493
30200,167234.36611832384,6,2494
30300,169446.7581787489,6,2494
30400,171588.19958926068,5,2495
30500,173735.43446957425,5,2495
30600,175937.697789819,5,2495
30700,178170.59090003232,5,2495
30800,180351.73991674368,5,2495
30900,182702.26779689707,5,2495
31000,184842.03978563935,5,2495
31100,187002.8251639787,5,2495
31200,189205.8053715282,5,2495
31300,191365.10189723724,5,2495
31400,193603.5005621786,5,2495
31500,195653.8573860656,5,2495
31600,197767.0066550044,5,2495
31700,199931.7385690246,5,2495
31800,202113.45494819418,5,2495
31900,204302.6614008379,4,2496
32000,206574.4412697363,4,2496
32100,208868.53557740722,4,2496
32200,211110.40440188407,4,2496
32300,213381.4819004659,4,2496
32400,215738.1080181181,4,2496
32500,217992.72944523956,4,2496
32600,220469.5634813444,4,2496
32700,222964.51824500403,4,2496
32800,225560.84908831635,4,2496
32900,228221.30568868117,4,2496
33000,230803.3196768033,4,2496
33100,233391.19336578826,4,2496
33200,236069.54374903865,4,2496
33300,238728.21897672277,4,2496
33400,241324.05078736087,4,2496
33500,243993.47787177094,4,2496
33600,246676.61884041957,4,2496
33700,249327.00728024205,4,2496
33800,251952.8638791698,4,2496
33900,254465.493421367,4,2496
34000,257062.66609135742,4,2496
34100,259673.04891414024,4,2496
34200,262363.8898071003,4,2496
34300,264893.71465685504,4,2496
34400,267492.07581432664,4,2496
34500,269979.0128399145,4,2496
34600,272558.3504176812,4,2496
34700,275217.7543162963,4,2496
34800,277975.1758952497,4,2496
34900,280711.2473728147,4,2496
35000,283425.2973145943,4,2496
35100,286015.77152916096,4,2496
35200,288772.4092366642,4,2496
35300,291579.9283688212,6,2494
35400,294339.85331276816,6,2494
35500,297163.98173762014,6,2494
35600,299985.8942657903,4,2496
35700,302976.55058724125,4,2496
35800,306119.35366789746,4,2496
35900,309126.3624521858,4,2496
36000,312251.2528232042,4,2496
36100,315391.02453462937,4,2496
36200,318292.64045939385,4,2496
36300,321392.4370970559,4,2496
36400,324386.76362186385,4,2496
36500,327411.1283829559,4,2496
36600,330373.3584969448,4,2496
36700,333317.17738709756,4,2496
36800,336262.168563769,4,2496
36900,339268.0062273723,4,2496
37000,342413.54924044886,4,2496
37100,345382.1481697684,4,2496
37200,348588.9512443181,4,2496
37300,351642.4172977549,4,2496
37400,354534.39379149966,4,2496
37500,357506.0988908699,4,2496
37600,360598.79642167635,4,2496
37700,363689.86060938466,4,2496
37800,366860.47774214344,4,2496
37900,369863.74830437347,4,2496
38000,373011.0864541359,3,2497
38100,376101.3860628268,3,2497
38200,379185.67326310923,3,2497
38300,382446.18804145127,3,2497
38400,385728.97106659395,4,2496
38500,389146.3409057817,9,2491
38600,392501.6183076951,10,2490
38700,396049.1513222786,9,2491
38800,399435.92589818314,9,2491
38900,402835.1349598537,9,2491
39000,406280.9940740334,9,2491
39100,409809.6385900558,9,2491
39200,413374.14591841854,8,2492
39300,416810.38875489996,6,2494
39400,420240.85279813246,5,2495
39500,423454.59807901905,4,2496
39600,426759.77890598605,3,2497
39700,430117.6167451733,3,2497
39800,433451.2880510864,3,2497
39900,436917.37511425774,3,2497
40000,440402.2084228367,3,2497
40100,443809.794209425,3,2497
40200,447431.0126922781,3,2497
40300,451051.95303850534,6,2494
40400,454564.0615030491,6,2494
40500,458181.24498747615,8,2492
40600,461644.8286625822,4,2496
40700,465093.9616678894,3,2497
40800,468726.68832972564,4,2496
40900,472131.2197056988,3,2497
41000,475746.13920676586,3,2497
41100,479421.86186364916,3,2497
41200,483068.2082568954,3,2497
41300,486819.92705091526,3,2497
41400,490643.0092796764,3,2497
41500,494357.0424964246,3,2497
41600,498012.5745981245,3,2497
41700,501854.57726110984,3,2497
41800,505435.2437594248,3,2497
41900,509308.73737110826,3,2497
42000,513179.05902335775,3,2497
42100,517074.3817467559,3,2497
42200,520818.23425370175,3,2497
42300,524580.1428921932,3,2497
42400,528328.2637651741,3,2497
42500,532135.7128002164,3,2497
42600,535775.822962219,3,2497
42700,539520.9278218831,3,2497
42800,543449.1205453227,3,2497
42900,547435.7695730176,3,2497
43000,551294.0814697597,3,2497
43100,555418.1447513871,3,2497
43200,559488.0014011038,3,2497
43300,563632.6163901928,3,2497
43400,567685.9441629429,3,2497
43500,571460.4162988827,3,2497
43600,575294.3503202051,3,2497
43700,579268.1679403472,3,2497
43800,583236.5426743915,3,2497
43900,587270.1028485735,3,2497
44000,591416.6423905896,3,2497
44100,595544.483882495,3,2497
44200,599752.9430022724,3,2497
44300,603936.1068864523,3,2497
44400,607942.2434540777,3,2497
44500,612054.079253899,3,2497
44600,616284.3374803737,3,2497
44700,620301.6731708475,3,2497
44800,624560.4633922017,6,2494
44900,628833.6511516657,7,2493
45000,632849.2921927782,9,2491
45100,636992.3854555554,8,2492
45200,641215.9341387361,8,2492
45300,645506.4303009376,8,2492
45400,649642.1647096223,8,2492
45500,653646.020182322,8,2492
45600,658127.406448739,8,2492
45700,662224.2807817594,7,2493
45800,666565.421593413,4,2496
45900,670872.5122293036,3,2497
46000,675309.4675468008,3,2497
46100,679828.1899718603,3,2497
46200,684097.4780924576,3,2497
46300,688510.3157608955,3,2497
46400,692968.1492784693,3,2497
46500,697443.6184508418,3,2497
46600,702043.2449121039,3,2497
46700,706495.3076330317,3,2497
46800,711061.1241108573,3,2497
46900,715619.6434718637,3,2497
47000,720218.517056325,3,2497
47100,724636.4652520777,3,2497
47200,729082.4699543027,5,2495
47300,733571.6707247836,6,2494
47400,738300.2049883024,3,2497
47500,742832.0959303487,3,2497
47600,747526.9986028362,7,2493
47700,752170.8191257593,12,2488
47800,756531.80998077,11,2489
47900,760965.9198852661,12,2488
48000,765494.4994899515,12,2488
48100,770016.4538966701,10,2490
48200,774411.4119479258,9,2491
48300,778930.9062770504,5,2495
48400,783338.3556105711,3,2497
48500,787905.3782088212,3,2497
48600,792561.5762129313,3,2497
48700,797166.2748761837,3,2497
48800,802080.2711633194,3,2497
48900,806821.6183352695,3,2497
49000,811711.8742226944,3,2497
49100,816420.8250104366,4,2496
49200,821230.093687708,4,2496
49300,826196.6403419514,4,2496
49400,831122.7405281495,4,2496
49500,836062.5501905653,4,2496
49600,841021.6729522102,4,2496
49700,846025.4262778751,4,2496
49800,851023.1524833828,4,2496
49900,855885.6633930499,4,2496
50000,860781.10572113,3,2497
