step,msd_global,n_round,n_elongated
0,0.0,2500,0
100,22.173955764457176,2500,0
200,26.757031740022533,2481,19
300,31.71086889036719,2459,41
400,34.70795263195374,2429,71
500,37.32149403445492,2404,96
600,42.03717329236926,2376,124
700,51.08841428200729,2329,171
800,61.815979415820166,2292,208
900,72.98003158199748,2255,245
1000,82.14258087552557,2216,284
1100,98.90456404680505,2174,326
1200,113.76635075386437,2136,364
1300,122.40523809959325,2090,410
1400,141.15001734097567,2044,456
1500,160.20965177893444,2001,499
1600,178.2233233341603,1965,535
1700,201.19578397285306,1929,571
1800,220.97171794191917,1910,590
1900,244.86862379079815,1889,611
2000,279.7452339376989,1875,625
2100,303.7033952429939,1862,638
2200,330.95446142435844,1866,634
2300,350.47829745119225,1857,643
2400,382.5935645766469,1843,657
2500,409.3153132906211,1828,672
2600,438.98195361148555,1842,658
2700,471.47338801922723,1836,664
2800,502.5796560030896,1829,671
2900,522.9449823726559,1817,683
3000,539.3812172596406,1811,689
3100,558.4901637868444,1793,707
3200,592.3391149002127,1766,734
3300,621.0655976779668,1757,743
3400,659.2011785524023,1745,755
3500,694.4048177903006,1734,766
3600,736.0991354149716,1724,776
3700,775.3909081709502,1723,777
3800,810.5400713051763,1703,797
3900,848.6081107329812,1690,810
4000,892.3014617191637,1677,823
4100,923.2564022192818,1657,843
4200,950.8469438065368,1632,868
4300,981.6401311368941,1587,913
4400,1009.9570445999652,1578,922
4500,1038.0858714453157,1560,940
4600,1079.129308774731,1541,959
4700,1114.230768664047,1539,961
4800,1159.886143382722,1525,975
4900,1214.6262098986506,1531,969
5000,1253.46619428759,1511,989
5100,1302.5748087477948,1506,994
5200,1347.915222737651,1490,1010
5300,1391.2117353424237,1472,1028
5400,1456.0813934379648,1452,1048
5500,1517.2531840459533,1461,1039
5600,1564.4511478117731,1458,1042
5700,1577.6100780859238,1455,1045
5800,1605.060621193521,1442,1058
5900,1618.8312238313242,1428,1072
6000,1630.8857273769022,1440,1060
6100,1678.883121912682,1425,1075
6200,1694.8808674583513,1413,1087
6300,1735.3594025319867,1418,1082
6400,1788.1675108914792,1397,1103
6500,1845.2566333885432,1365,1135
6600,1905.757343354059,1330,1170
6700,1976.9688005809344,1309,1191
6800,2083.7206042399953,1309,1191
6900,2176.5407096294944,1313,1187
7000,2265.2643975236865,1316,1184
7100,2351.624090011909,1331,1169
7200,2455.3230150312093,1344,1156
7300,2542.6478850124136,1327,1173
7400,2626.216297097711,1305,1195
7500,2695.765257160588,1284,1216
7600,2776.459030438429,1264,1236
7700,2871.8130948801263,1246,1254
7800,2968.560717549526,1232,1268
7900,3055.4327270306135,1227,1273
8000,3155.249456508606,1192,1308
8100,3252.5587677123895,1177,1323
8200,3347.161960583625,1162,1338
8300,3459.378995876888,1154,1346
8400,3542.3633751910797,1132,1368
8500,3657.227603545061,1130,1370
8600,3769.5930422912,1123,1377
8700,3900.7495879459084,1084,1416
8800,4014.4664009690614,1058,1442
8900,4109.79894453332,1024,1476
9000,4208.58357352154,987,1513
9100,4324.558779205243,966,1534
9200,4464.978417272249,944,1556
9300,4610.322330421354,931,1569
9400,4759.133898328088,901,1599
9500,4895.757927941,882,1618
9600,5068.147519786692,865,1635
9700,5231.890501523149,834,1666
9800,5413.723314484341,835,1665
9900,5599.891063417733,828,1672
10000,5793.730585019998,788,1712
10100,5981.718818648266,791,1709
10200,6152.7088246847225,778,1722
10300,6345.137549696453,762,1738
10400,6533.659917465542,747,1753
10500,6738.166147577746,723,1777
10600,6956.535376957931,704,1796
10700,7183.746037758868,671,1829
10800,7422.452071256942,643,1857
10900,7664.114535994868,621,1879
11000,7949.876446968387,593,1907
11100,8268.200376121546,578,1922
11200,8600.672915891304,557,1943
11300,8941.640853389054,543,1957
11400,9286.32784593231,527,1973
11500,9612.612600380735,506,1994
11600,9937.997288090477,481,2019
11700,10245.113502384243,451,2049
11800,10528.835199509827,427,2073
11900,10847.663356501307,410,2090
12000,11149.117696252506,396,2104
12100,11490.386785627861,386,2114
12200,11805.818482542918,372,2128
12300,12137.138444026548,355,2145
12400,12451.963767498555,329,2171
12500,12785.26269761789,313,2187
12600,13147.843729184779,296,2204
12700,13520.593752032953,280,2220
12800,13925.208292887377,259,2241
12900,14369.052948824441,251,2249
13000,14784.044047551435,232,2268
13100,15200.08189727112,220,2280
13200,15636.050226016003,215,2285
13300,16105.567634535306,199,2301
13400,16532.570122454323,176,2324
13500,16980.27808750593,165,2335
13600,17463.542556455708,162,2338
13700,17919.3728216977,160,2340
13800,18307.04718344198,142,2358
13900,18776.225532690947,134,2366
14000,19266.88671396823,140,2360
14100,19795.73597206608,138,2362
14200,20265.198765999197,133,2367
14300,20869.373603298896,129,2371
14400,21437.154212224625,125,2375
14500,22046.583256366048,122,2378
14600,22667.712005163627,117,2383
14700,23274.495134945286,116,2384
14800,23941.288001938323,135,2365
14900,24526.818469740574,142,2358
15000,25243.264186731667,152,2348
15100,25959.300223670256,156,2344
15200,26671.291678974278,150,2350
15300,27378.744582580555,140,2360
15400,28087.934033179296,135,2365
15500,28865.45262269869,130,2370
15600,29615.16443387838,146,2354
15700,30344.59827517905,143,2357
15800,31114.78501391508,147,2353
15900,31824.33738312983,153,2347
16000,32510.592457420666,201,2299
16100,33189.30546134451,208,2292
16200,33915.39880612758,220,2280
16300,34591.07995710581,261,2239
16400,35311.647122506,264,2236
16500,36042.11758837076,281,2219
16600,36778.779478662065,293,2207
16700,37560.534963104095,293,2207
16800,38350.192294431225,292,2208
16900,39162.72441862203,287,2213
17000,39984.56489959404,279,2221
17100,40849.05227889126,276,2224
17200,41725.15987590941,276,2224
17300,42594.994503994836,276,2224
17400,43556.50819984367,274,2226
17500,44474.65651844213,265,2235
17600,45403.17799063963,255,2245
17700,46313.5792106405,244,2256
17800,47213.94467356498,227,2273
17900,48188.04510385726,215,2285
18000,49038.63355732645,205,2295
18100,50010.49299564991,183,2317
18200,50868.318548435076,163,2337
18300,51771.95088745903,148,2352
18400,52691.77238403029,132,2368
18500,53625.69231219226,118,2382
18600,54624.79382108412,114,2386
18700,55624.105645372605,115,2385
18800,56666.26178288555,113,2387
18900,57686.25831313021,114,2386
19000,58732.77721608124,108,2392
19100,59866.878829058674,97,2403
19200,60999.731868960356,92,2408
19300,62157.77801326319,99,2401
19400,63200.518649552585,99,2401
19500,64338.38296372032,93,2407
19600,65526.2396243083,90,2410
19700,66774.79902980023,87,2413
19800,67966.82520733029,89,2411
19900,69201.58179174266,86,2414
20000,70419.21313941079,76,2424
20100,71683.41461439783,66,2434
20200,72860.47992367971,59,2441
20300,74078.72598240242,55,2445
20400,75268.58499968114,49,2451
20500,76412.87698167021,44,2456
20600,77536.18948748051,36,2464
20700,78726.27362079291,25,2475
20800,79849.26833209566,19,2481
20900,81122.15512093306,17,2483
21000,82437.8984573692,17,2483
21100,83728.89850206759,18,2482
21200,85006.88180849046,18,2482
21300,86383.72531634936,18,2482
21400,87808.08837164853,18,2482
21500,89269.64917938676,18,2482
21600,90730.78716933889,18,2482
21700,92167.15626279116,18,2482
21800,93703.63284267145,18,2482
21900,95304.43352682945,18,2482
22000,96844.6601224248,18,2482
22100,98372.47899281121,19,2481
22200,100085.2143547197,18,2482
22300,101652.41068486981,18,2482
22400,103104.42686810665,18,2482
22500,104713.25040886611,18,2482
22600,106238.2363730663,18,2482
22700,107773.42201929877,18,2482
22800,109273.52051007879,18,2482
22900,110819.33927697396,18,2482
23000,112420.36517282524,18,2482
23100,113878.6563695859,19,2481
23200,115456.82391089897,18,2482
23300,117077.20320749533,18,2482
23400,118595.58816298503,20,2480
23500,120244.77671909475,18,2482
23600,122051.051459097,18,2482
23700,123836.33353159571,18,2482
23800,125559.15645553893,18,2482
23900,127444.49156684162,20,2480
24000,129300.48998575275,20,2480
24100,131187.29533744353,21,2479
24200,133103.07426150594,23,2477
24300,135010.63128565435,23,2477
24400,136940.5887871133,20,2480
24500,138847.5987203886,20,2480
24600,140704.55872798467,20,2480
24700,142691.23215329432,20,2480
24800,144599.99243351235,20,2480
24900,146490.6357093485,20,2480
25000,148160.98088428346,20,2480
25100,150079.7492299428,20,2480
25200,151906.87672854948,20,2480
25300,153749.14025932862,22,2478
25400,155615.1991482222,21,2479
25500,157523.95935830649,20,2480
25600,159461.11958678518,20,2480
25700,161411.62489544152,20,2480
25800,163416.47245746697,20,2480
25900,165454.98098677848,20,2480
26000,167602.68794565636,20,2480
26100,169641.40614388871,21,2479
26200,171640.8424322405,22,2478
26300,173847.17368369235,29,2471
26400,176027.05910109187,28,2472
26500,178098.19772542358,27,2473
26600,180206.49111531515,28,2472
26700,182345.37678975784,28,2472
26800,184635.259178929,28,2472
26900,186754.101612914,28,2472
27000,188858.02166859456,28,2472
27100,190956.32889863336,29,2471
27200,192994.5406475454,28,2472
27300,194969.64231887486,28,2472
27400,196925.9982043015,28,2472
27500,198897.35131425172,28,2472
27600,201003.8839117754,28,2472
27700,203195.69164949626,28,2472
27800,205267.3800749379,28,2472
27900,207492.96914791854,27,2473
28000,209848.59733967567,28,2472
28100,212245.47536107706,28,2472
28200,214618.47016816388,27,2473
28300,216955.23061733265,23,2477
28400,219350.52566325763,22,2478
28500,221826.85243565182,21,2479
28600,224239.84780976953,19,2481
28700,226660.6185549753,18,2482
28800,229252.12728910998,19,2481
28900,231776.40201275778,19,2481
29000,234101.7962011474,18,2482
29100,236557.57517539355,15,2485
29200,239019.21307749223,13,2487
29300,241219.02972924148,13,2487
29400,243436.8273835275,13,2487
29500,245889.96831094538,13,2487
29600,248322.47967204446,13,2487
29700,250719.8932502054,13,2487
29800,252984.0140107646,13,2487
29900,255424.953773372,13,2487
30000,257973.29756997927,13,2487
30100,260663.65944681386,13,2487
30200,263324.53612125677,13,2487
30300,265988.1245590368,13,2487
30400,268899.7049236078,13,2487
30500,271598.82620531815,13,2487
30600,274328.04367158224,13,2487
30700,277172.7916281698,13,2487
30800,279883.81676680734,13,2487
30900,282740.28364757146,14,2486
31000,285490.571988255,13,2487
31100,288570.6725873097,13,2487
31200,291186.312622697,13,2487
31300,293909.9355901043,13,2487
31400,296603.7290388207,13,2487
31500,299402.55046019366,13,2487
31600,302138.76691378193,13,2487
31700,304817.2171463877,13,2487
31800,307744.33059982705,13,2487
31900,310311.1083494873,13,2487
32000,313084.86134965793,13,2487
32100,315951.1672055577,13,2487
32200,318987.0728734187,13,2487
32300,322042.1289104074,13,2487
32400,325162.0354545832,13,2487
32500,328261.07540328725,13,2487
32600,331425.0055071207,13,2487
32700,334520.5715201166,13,2487
32800,337611.16125711706,13,2487
32900,340723.3580596928,13,2487
33000,343893.16854284174,13,2487
33100,347204.13748905994,13,2487
33200,350397.3315988554,13,2487
33300,353499.3543506155,13,2487
33400,356452.71379530214,13,2487
33500,359455.8525413384,13,2487
33600,362737.4150921667,13,2487
33700,365665.8131552903,13,2487
33800,368704.8877871788,13,2487
33900,371691.776977852,13,2487
34000,374898.4017810206,13,2487
34100,378076.9305452405,13,2487
34200,381323.0027925849,13,2487
34300,384624.6039653184,13,2487
34400,388140.8989760757,13,2487
34500,391687.9136475624,13,2487
34600,395203.42190095293,13,2487
34700,398716.34547400795,13,2487
34800,402079.5414317295,13,2487
34900,405537.5871618795,13,2487
35000,408941.7843807632,13,2487
35100,412517.15424561955,13,2487
35200,415996.50146339857,13,2487
35300,419682.61176707,13,2487
35400,423157.2148500875,13,2487
35500,426535.0962652558,13,2487
35600,429962.25575608795,13,2487
35700,433303.1053473076,13,2487
35800,436747.09741019306,13,2487
35900,440094.42852540186,13,2487
36000,443555.8453875481,13,2487
36100,446914.97835034353,13,2487
36200,450558.8079005888,13,2487
36300,454082.83440382854,13,2487
36400,457801.5053941252,13,2487
36500,461735.2090501406,13,2487
36600,465589.7184970955,13,2487
36700,469467.49075795896,13,2487
36800,473114.99228988314,13,2487
36900,476877.72179612255,13,2487
37000,480658.7170469631,13,2487
37100,484468.2058106509,13,2487
37200,488367.6668461095,13,2487
37300,492188.2856880723,13,2487
37400,496245.0266440342,13,2487
37500,500272.2287544027,13,2487
37600,503833.2394590829,13,2487
37700,507452.3239416114,13,2487
37800,511329.76423653733,13,2487
37900,514999.1115488931,13,2487
38000,518656.1425483902,13,2487
38100,522372.14111112576,13,2487
38200,526088.4335500192,14,2486
38300,529969.8321516648,14,2486
38400,533767.9942383978,15,2485
38500,537956.1857186522,15,2485
38600,542076.8656731922,15,2485
38700,546438.4712996018,15,2485
38800,550445.734359656,16,2484
38900,554662.0734997146,17,2483
39000,558720.4902837137,18,2482
39100,562915.1960958155,18,2482
39200,566899.3763405661,18,2482
39300,571155.4301797639,18,2482
39400,575537.0529330217,18,2482
39500,579719.166325024,18,2482
39600,583829.9270791475,18,2482
39700,587834.7382927054,18,2482
39800,591910.9809678851,18,2482
39900,595944.39656491,19,2481
40000,599816.3854413567,19,2481
40100,603595.6591484258,19,2481
40200,607416.3267437954,19,2481
40300,611511.847000996,18,2482
40400,615710.7195863933,18,2482
40500,619698.9564826327,18,2482
40600,624139.0927355492,18,2482
40700,628530.5677670694,18,2482
40800,632838.8000458012,15,2485
40900,637088.7924688195,10,2490
41000,641573.7747258531,8,2492
41100,645669.7747555084,8,2492
41200,650160.3293666341,8,2492
41300,654606.4795551206,8,2492
41400,658998.2795602612,8,2492
41500,663542.437937078,8,2492
41600,667995.119111467,8,2492
41700,672269.3681994382,8,2492
41800,676618.4999486369,8,2492
41900,680858.7642212893,8,2492
42000,685085.3720087751,8,2492
42100,689186.5024450516,8,2492
42200,693243.425612631,8,2492
42300,697204.5938121021,8,2492
42400,701336.2096865111,8,2492
42500,705637.6650655632,8,2492
42600,710277.6969134016,8,2492
42700,714784.0777809094,8,2492
42800,719120.0312042065,8,2492
42900,723964.6110515359,8,2492
43000,728493.8802568542,8,2492
43100,732990.6867874293,8,2492
43200,737372.5624590202,8,2492
43300,742159.7533491075,8,2492
43400,746928.849280652,8,2492
43500,751622.7487774586,8,2492
43600,756498.6688769889,8,2492
43700,761130.5710299561,8,2492
43800,765822.2022531589,8,2492
43900,770378.1394374035,8,2492
44000,774993.8293639767,8,2492
44100,779214.3143986695,8,2492
44200,783835.5015059042,8,2492
44300,788344.68102899,8,2492
44400,792689.3579348356,8,2492
44500,797056.088561944,9,2491
44600,801607.4025527366,9,2491
44700,806249.6703001183,9,2491
44800,811206.7219940481,9,2491
44900,816228.6798411288,9,2491
45000,820913.1679784658,9,2491
45100,825838.1939571409,9,2491
45200,830657.6605286583,9,2491
45300,835616.2821894061,9,2491
45400,840538.2859412797,9,2491
45500,845649.2857217577,9,2491
45600,850611.2296566742,9,2491
45700,855587.3867860629,9,2491
45800,860819.1391240444,9,2491
45900,865793.5675233838,9,2491
46000,870929.0254143458,9,2491
46100,875729.4345658787,9,2491
46200,880503.5887567387,9,2491
46300,885526.478539278,9,2491
46400,890233.2195483724,9,2491
46500,894887.560405926,9,2491
46600,899596.9345874733,10,2490
46700,904684.4511464473,9,2491
46800,910033.0302596531,9,2491
46900,915112.9389419727,9,2491
47000,920436.7045278559,9,2491
47100,925492.4039819868,9,2491
47200,930741.0474554779,9,2491
47300,936047.8261607939,9,2491
47400,941423.0874148541,9,2491
47500,946828.5508852734,9,2491
47600,952351.4814344242,9,2491
47700,957532.0504864609,9,2491
47800,963200.8615527342,9,2491
47900,968654.0926078329,9,2491
48000,974021.7097729689,9,2491
48100,979330.942444227,9,2491
48200,984448.3751658722,9,2491
48300,989901.7136528557,9,2491
48400,995027.5272090137,9,2491
48500,1000098.1837579783,9,2491
48600,1005188.4002501833,9,2491
48700,1010179.1020616771,9,2491
48800,1015712.748878388,9,2491
48900,1021125.7009304042,9,2491
49000,1026604.6036347405,9,2491
49100,1032213.988525539,9,2491
49200,1037983.8910007848,9,2491
49300,1043439.6298826963,9,2491
49400,1049290.6684189187,9,2491
49500,1055005.0668899333,9,2491
49600,1060762.5685544403,9,2491
49700,1066645.043873894,9,2491
49800,1072305.4516058469,9,2491
49900,1078408.2041149396,9,2491
50000,1084116.054511204,9,2491
