step,msd_global,n_round,n_elongated
0,0.0,2500,0
100,29.47593163936623,2500,0
200,30.475303412046976,2485,15
300,33.07453943368284,2477,23
400,31.953368645903417,2464,36
500,35.77818285177653,2448,52
600,41.10057669124355,2430,70
700,43.787719587639245,2407,93
800,48.74864319607589,2387,113
900,51.26497175244968,2370,130
1000,58.112171070988985,2342,158
1100,65.80674510883195,2308,192
1200,74.92318892545835,2274,226
1300,83.7339664897119,2235,265
1400,98.25760453752152,2204,296
1500,110.58148991676701,2167,333
1600,128.43661358695985,2129,371
1700,153.9271963355572,2083,417
1800,175.47632537787672,2044,456
1900,190.17349608725368,2001,499
2000,208.33948519341862,1958,542
2100,228.1651429529158,1913,587
2200,247.39126783028377,1891,609
2300,269.6411480102172,1873,627
2400,292.62540169292197,1851,649
2500,317.0436426771446,1818,682
2600,341.38629487552487,1794,706
2700,362.7034901202419,1777,723
2800,394.6287937600226,1784,716
2900,419.7070867680112,1780,720
3000,450.4941890856281,1754,746
3100,479.6801326997729,1738,762
3200,514.5301459622855,1744,756
3300,551.8868104001566,1726,774
3400,586.178141052738,1755,745
3500,620.662888753243,1740,760
3600,660.9002117107688,1727,773
3700,695.1300998417075,1728,772
3800,719.9696093358799,1727,773
3900,753.7338732596809,1718,782
4000,786.9744017281724,1698,802
4100,822.4379896611104,1692,808
4200,859.6129737577514,1687,813
4300,892.9013197431904,1673,827
4400,933.4281023132698,1650,850
4500,979.0241411793655,1645,855
4600,1016.7282957979521,1640,860
4700,1046.7727254524114,1627,873
4800,1074.6531929623402,1632,868
4900,1108.8441288566605,1640,860
5000,1157.96131283474,1640,860
5100,1206.6612335521613,1633,867
5200,1260.165402984963,1632,868
5300,1319.7937879073872,1620,880
5400,1371.1338444733813,1596,904
5500,1429.183455264736,1578,922
5600,1472.2506271605282,1582,918
5700,1534.4273782287355,1564,936
5800,1602.786425544612,1551,949
5900,1685.8575170691554,1521,979
6000,1749.4047582019925,1497,1003
6100,1807.179695364582,1488,1012
6200,1872.5210478769325,1493,1007
6300,1934.1737248968295,1480,1020
6400,1993.836621312924,1460,1040
6500,2041.952429388997,1429,1071
6600,2086.8404696991383,1401,1099
6700,2139.442438924789,1373,1127
6800,2183.426504986902,1354,1146
6900,2241.2658210745317,1304,1196
7000,2314.243360162451,1302,1198
7100,2394.751341153526,1289,1211
7200,2491.3228640933353,1297,1203
7300,2562.5782570597516,1291,1209
7400,2637.928056145849,1295,1205
7500,2699.153405877768,1290,1210
7600,2785.0600335262966,1295,1205
7700,2851.27808088642,1280,1220
7800,2911.5078629047393,1281,1219
7900,2981.942232132045,1284,1216
8000,3066.1435480039163,1309,1191
8100,3168.3618633049878,1309,1191
8200,3261.5380131508173,1311,1189
8300,3347.8293997624114,1319,1181
8400,3444.493216903957,1333,1167
8500,3545.868135311614,1332,1168
8600,3630.618212732506,1345,1155
8700,3744.4673359705484,1344,1156
8800,3846.2216032292663,1345,1155
8900,3955.91593202257,1333,1167
9000,4045.673729298252,1309,1191
9100,4121.000775798061,1301,1199
9200,4194.31711975538,1308,1192
9300,4298.025875660714,1296,1204
9400,4400.074634075455,1286,1214
9500,4519.890136596747,1277,1223
9600,4583.764653458983,1267,1233
9700,4666.107390316786,1263,1237
9800,4735.8304931168195,1240,1260
9900,4828.254441761758,1225,1275
10000,4938.454638899075,1212,1288
10100,5079.884081568386,1198,1302
10200,5242.880439470356,1175,1325
10300,5411.718797341388,1164,1336
10400,5599.255472156206,1146,1354
10500,5794.359572890927,1125,1375
10600,5980.888431137991,1108,1392
10700,6199.8573030632015,1098,1402
10800,6442.100822137947,1079,1421
10900,6654.774874895473,1052,1448
11000,6874.417064980415,1031,1469
11100,7118.568614643317,1029,1471
11200,7366.903793228856,1028,1472
11300,7592.933257154378,1007,1493
11400,7794.224993659219,999,1501
11500,7977.115701676181,989,1511
11600,8225.682802426094,970,1530
11700,8432.95714983397,973,1527
11800,8668.456764029626,965,1535
11900,8915.551319743201,955,1545
12000,9177.054781680046,946,1554
12100,9421.611048795055,945,1555
12200,9677.395078898,938,1562
12300,9891.636240478638,930,1570
12400,10173.464327320602,918,1582
12500,10466.939075272729,915,1585
12600,10706.380136821555,907,1593
12700,10956.8367534094,892,1608
12800,11225.658469817412,885,1615
12900,11522.414502912783,881,1619
13000,11827.696316065223,877,1623
13100,12093.330862604893,882,1618
13200,12411.78967335473,879,1621
13300,12716.037780152366,863,1637
13400,13059.406345444884,849,1651
13500,13427.708044423509,839,1661
13600,13802.044626833227,842,1658
13700,14190.571975449484,831,1669
13800,14512.321762155932,804,1696
13900,14860.686720678275,773,1727
14000,15253.457490639254,739,1761
14100,15677.435596033352,720,1780
14200,16059.014089741197,703,1797
14300,16435.300547722676,692,1808
14400,16821.066303831263,677,1823
14500,17207.110170318043,656,1844
14600,17609.301788967216,649,1851
14700,18027.538418667773,635,1865
14800,18436.274045470065,626,1874
14900,18887.80613540197,600,1900
15000,19299.146856333653,588,1912
15100,19805.068709643518,577,1923
15200,20268.662060584764,573,1927
15300,20756.35385510503,557,1943
15400,21333.11904886957,545,1955
15500,21895.768776839297,540,1960
15600,22398.375621058814,529,1971
15700,22946.184661482315,505,1995
15800,23599.506742246438,487,2013
15900,24268.001046585185,473,2027
16000,24913.94574503914,464,2036
16100,25557.205874558025,459,2041
16200,26174.989161688518,447,2053
16300,26795.75128822475,436,2064
16400,27449.977491914236,427,2073
16500,28082.230601264244,414,2086
16600,28646.850966582246,411,2089
16700,29254.913349105234,406,2094
16800,29877.315738118064,397,2103
16900,30530.66675416933,388,2112
17000,31014.129584924995,373,2127
17100,31655.71432150036,368,2132
17200,32374.387327992023,368,2132
17300,33037.44675219967,367,2133
17400,33657.68433477583,358,2142
17500,34428.010294929074,341,2159
17600,35282.10045240615,323,2177
17700,36083.67032693194,316,2184
17800,36872.88815741245,294,2206
17900,37716.635641629604,278,2222
18000,38647.561038439344,257,2243
18100,39589.96236857617,247,2253
18200,40553.361887864274,227,2273
18300,41587.06782834804,207,2293
18400,42653.796073766054,185,2315
18500,43577.69269359235,163,2337
18600,44478.35369536994,135,2365
18700,45416.99079031469,112,2388
18800,46302.81970288818,101,2399
18900,47091.08042849804,80,2420
19000,48012.08145923974,67,2433
19100,48937.349882775656,61,2439
19200,49764.76282661005,51,2449
19300,50663.53496807149,47,2453
19400,51627.92341536372,40,2460
19500,52633.549149848455,26,2474
19600,53689.34013655603,32,2468
19700,54633.41228354506,35,2465
19800,55766.54806066526,43,2457
19900,56896.458542016306,45,2455
20000,57998.69127672826,44,2456
20100,59165.03750720213,41,2459
20200,60358.41397960889,43,2457
20300,61574.82449239702,41,2459
20400,62823.355343644034,40,2460
20500,64046.23906087907,41,2459
20600,65330.58361261641,40,2460
20700,66489.21790245593,40,2460
20800,67638.97450894499,40,2460
20900,68863.55264136013,40,2460
21000,69963.3399121148,41,2459
21100,71035.15727384787,41,2459
21200,72062.00850811967,41,2459
21300,73187.30272807296,42,2458
21400,74277.87400848715,41,2459
21500,75426.15881805611,43,2457
21600,76652.44803663938,39,2461
21700,77924.80960928265,34,2466
21800,79299.92360373103,30,2470
21900,80625.55884363606,27,2473
22000,81965.96032620408,28,2472
22100,83400.74499606431,29,2471
22200,84839.01527507334,32,2468
22300,86410.11556371833,29,2471
22400,87909.44499207375,25,2475
22500,89441.17893884257,19,2481
22600,91002.60775598037,16,2484
22700,92639.38394361675,14,2486
22800,94230.3603672013,14,2486
22900,95738.12911294654,14,2486
23000,97232.08319640347,14,2486
23100,98751.66150423241,15,2485
23200,100296.94533167705,13,2487
23300,101774.6904145984,13,2487
23400,103083.23663453378,12,2488
23500,104599.76320782756,11,2489
23600,106156.44561880456,10,2490
23700,107678.96245501206,9,2491
23800,109235.62357515564,8,2492
23900,110866.814384356,6,2494
24000,112543.67194938974,6,2494
24100,114260.64476415783,6,2494
24200,116034.01381844992,6,2494
24300,117831.67612835832,6,2494
24400,119627.63009474974,6,2494
24500,121393.19533523903,6,2494
24600,123244.28558631924,6,2494
24700,125172.62341322539,6,2494
24800,127056.96803824943,6,2494
24900,128751.93471051354,6,2494
25000,130585.92863042477,9,2491
25100,132478.9324813648,10,2490
25200,134318.91688469195,11,2489
25300,136245.75160641145,12,2488
25400,138186.56863821193,10,2490
25500,139942.25983685823,10,2490
25600,141779.02219506167,10,2490
25700,143669.1625256061,10,2490
25800,145655.8733400008,10,2490
25900,147508.30888112113,10,2490
26000,149384.28152776437,10,2490
26100,151559.6961273326,10,2490
26200,153652.11034088684,10,2490
26300,155875.67738472667,10,2490
26400,158154.76035216122,10,2490
26500,160292.2563234133,11,2489
26600,162389.15607424302,10,2490
26700,164632.9670441979,10,2490
26800,166923.37364139553,10,2490
26900,169168.42763833457,10,2490
27000,171396.6489774849,10,2490
27100,173386.5721963454,10,2490
27200,175426.5709394448,10,2490
27300,177485.40033347878,10,2490
27400,179540.16190014695,9,2491
27500,181673.98203383049,7,2493
27600,183756.16445411704,5,2495
27700,185855.2028852721,3,2497
27800,187920.59597349042,3,2497
27900,190028.9408903507,3,2497
28000,192237.24443358628,3,2497
28100,194332.99673424062,3,2497
28200,196563.38946405033,3,2497
28300,198962.45206428622,4,2496
28400,201397.3222694405,5,2495
28500,203715.79962523576,9,2491
28600,206065.23144729796,11,2489
28700,208365.2203084661,11,2489
28800,210891.04323959866,10,2490
28900,213323.13653357638,9,2491
29000,215798.913890511,9,2491
29100,218283.48039225728,9,2491
29200,220728.32574289283,9,2491
29300,222920.0797836685,9,2491
29400,225243.52129655346,9,2491
29500,227485.3738106575,9,2491
29600,229870.36212351074,9,2491
29700,232317.2319310398,9,2491
29800,234832.62728771387,9,2491
29900,237213.82577001172,8,2492
30000,239716.06799353773,3,2497
30100,242234.60504376222,3,2497
30200,244843.03166840726,3,2497
30300,247533.73895013423,3,2497
30400,250124.06262193623,2,2498
30500,252733.1992663352,2,2498
30600,255475.0197992065,2,2498
30700,258271.66613836284,2,2498
30800,261093.6768590947,2,2498
30900,263964.73046595696,2,2498
31000,266974.33173429494,2,2498
31100,270001.07108994777,2,2498
31200,272884.36106997624,2,2498
31300,275713.8556168892,2,2498
31400,278457.7228087674,2,2498
31500,281145.2196379069,2,2498
31600,283880.50640328886,2,2498
31700,286630.58467903023,2,2498
31800,289147.87507611787,2,2498
31900,291736.5014779403,3,2497
32000,294502.7995272858,4,2496
32100,297332.8930519299,5,2495
32200,300183.9993790618,3,2497
32300,303040.31917117746,3,2497
32400,305660.666549349,3,2497
32500,308442.24486744707,3,2497
32600,311142.1093231512,3,2497
32700,314301.76268767024,2,2498
32800,317402.9153386266,2,2498
32900,320524.27876105416,2,2498
33000,323656.09060246963,2,2498
33100,326805.07203861274,2,2498
33200,330064.4007558511,2,2498
33300,333374.06246928393,2,2498
33400,336502.2596573713,2,2498
33500,339630.12492360506,2,2498
33600,342650.39185250556,2,2498
33700,345629.9790034338,2,2498
33800,348631.4517030592,2,2498
33900,351674.2406022359,2,2498
34000,354881.077814096,2,2498
34100,358010.6042055695,2,2498
34200,361094.61293780105,2,2498
34300,364293.2714334336,2,2498
34400,367539.1313765693,2,2498
34500,370695.64862203505,2,2498
34600,373893.71191300545,2,2498
34700,377101.9421633858,2,2498
34800,380087.1402882073,2,2498
34900,383330.253039967,2,2498
35000,386669.8543610903,2,2498
35100,390003.2837296361,2,2498
35200,393390.0217428161,2,2498
35300,396929.50957780983,3,2497
35400,400346.1756468117,5,2495
35500,403699.52060919267,4,2496
35600,407160.76347268774,4,2496
35700,410490.78839171684,3,2497
35800,413851.56004178466,3,2497
35900,417158.76111632586,2,2498
36000,420532.3096774744,1,2499
36100,423863.7589906411,1,2499
36200,427295.1544811167,1,2499
36300,430809.30033390503,1,2499
36400,434287.14311315515,1,2499
36500,437801.94063753326,1,2499
36600,441484.9732595516,1,2499
36700,445063.2564265075,1,2499
36800,448724.07716617663,1,2499
36900,452208.5196502262,1,2499
37000,455575.6712761058,1,2499
37100,459139.0649710728,1,2499
37200,462832.4782019495,1,2499
37300,466491.29619364423,1,2499
37400,470094.10631162074,1,2499
37500,473880.16997429077,1,2499
37600,477878.84833163035,1,2499
37700,481696.567105163,1,2499
37800,485218.43678694515,1,2499
37900,489090.9686173032,1,2499
38000,493066.33725567744,1,2499
38100,496843.0596527136,1,2499
38200,500634.7188057647,1,2499
38300,504352.43816947396,1,2499
38400,508093.73699038336,1,2499
38500,511873.5897964409,1,2499
38600,515679.2283547554,1,2499
38700,519429.6714729805,1,2499
38800,523364.960604369,1,2499
38900,527242.7953039714,1,2499
39000,531260.2045835227,1,2499
39100,535129.4662677399,1,2499
39200,539171.5521934662,3,2497
39300,543134.1830869715,3,2497
39400,547126.9084248461,3,2497
39500,551102.5246218462,3,2497
39600,555095.2832459959,3,2497
39700,559199.2198209148,3,2497
39800,563345.2243919326,3,2497
39900,567403.2131129879,3,2497
40000,571400.6076656767,3,2497
40100,575639.3635645411,3,2497
40200,579777.4517543399,3,2497
40300,583770.1656195002,4,2496
40400,587899.1480636217,7,2493
40500,591882.7904808966,7,2493
40600,595905.4742687838,7,2493
40700,599824.8477748265,7,2493
40800,603810.6682547106,7,2493
40900,607837.3245913538,7,2493
41000,611955.416194643,7,2493
41100,615810.9431365386,8,2492
41200,619793.757988598,8,2492
41300,623904.4054601156,8,2492
41400,627974.5090086996,8,2492
41500,632252.465972353,8,2492
41600,636353.0001755146,8,2492
41700,640635.3077841782,8,2492
41800,644975.5661897504,7,2493
41900,649448.034914401,5,2495
42000,653846.1341374944,3,2497
42100,658254.8430629554,2,2498
42200,662817.2023472239,1,2499
42300,667395.3445304276,1,2499
42400,671661.0555160986,1,2499
42500,675872.9439166769,1,2499
42600,680185.0526721411,1,2499
42700,684357.115247974,1,2499
42800,688568.643139353,1,2499
42900,693023.3431120598,1,2499
43000,697607.264322145,1,2499
43100,701922.3177432436,1,2499
43200,706385.7112347576,1,2499
43300,710730.7480875019,1,2499
43400,715103.23525522,1,2499
43500,719723.8256813369,3,2497
43600,724424.831156653,3,2497
43700,728906.1882125622,3,2497
43800,733244.5535560595,3,2497
43900,737936.8496757554,3,2497
44000,742937.3361987369,3,2497
44100,747908.9173677163,3,2497
44200,752697.9926645291,3,2497
44300,757347.4127920732,3,2497
44400,762264.6816351552,3,2497
44500,767101.7992461346,3,2497
44600,771958.9042325161,3,2497
44700,776861.7181513241,4,2496
44800,781535.1421400774,4,2496
44900,786229.7678296024,4,2496
45000,790634.084289077,4,2496
45100,795142.6663747422,4,2496
45200,799755.9346589257,4,2496
45300,804468.7375915655,4,2496
45400,809279.1214109118,4,2496
45500,814076.237166174,4,2496
45600,818718.4045989573,4,2496
45700,823598.2618731114,4,2496
45800,828586.2884568574,4,2496
45900,833614.9540331949,4,2496
46000,838635.8885562486,4,2496
46100,843584.3286465855,4,2496
46200,848579.6078356259,5,2495
46300,853773.3743660875,5,2495
46400,858836.8716703743,5,2495
46500,863794.8155529636,5,2495
46600,868766.6661751868,5,2495
46700,873923.7419444795,5,2495
46800,879003.964808582,5,2495
46900,884115.7724765214,5,2495
47000,888901.7758026273,5,2495
47100,893759.4096798046,1,2499
47200,898869.1674519948,1,2499
47300,903892.8777797826,1,2499
47400,908874.2548531145,1,2499
47500,914062.3139997999,1,2499
47600,919331.4466138168,1,2499
47700,924652.4329192387,0,2500
47800,929880.1757987335,0,2500
47900,935375.5116305602,0,2500
48000,940584.6249483811,0,2500
48100,945732.944675676,0,2500
48200,950994.4325393385,0,2500
48300,956191.242816045,0,2500
48400,961502.2015529884,0,2500
48500,966858.8822881073,0,2500
48600,972294.908197929,0,2500
48700,977374.6228559181,0,2500
48800,982903.2993812035,0,2500
48900,988520.4547836649,0,2500
49000,993998.4717466565,0,2500
49100,999275.8140551883,0,2500
49200,1004604.5552317047,0,2500
49300,1009963.5165400667,0,2500
49400,1015505.4063870861,0,2500
49500,1020854.6576753422,0,2500
49600,1025983.9687417399,0,2500
49700,1031586.6184491205,0,2500
49800,1037278.3174286636,0,2500
49900,1042940.1752275712,0,2500
50000,1048588.96565435,0,2500
