step,msd_global,n_round,n_elongated
0,0.0,2500,0
100,27.223488196818426,2500,0
200,33.098174767175244,2480,20
300,35.234072953190335,2464,36
400,37.93175799442409,2445,55
500,45.34200545205353,2418,82
600,50.77268424145895,2393,107
700,56.81723628948636,2368,132
800,62.31464054799543,2324,176
900,68.76692205232919,2289,211
1000,77.93738914473714,2243,257
1100,95.0024178719721,2211,289
1200,103.7094913566319,2178,322
1300,118.85589920121781,2130,370
1400,133.9392404481845,2102,398
1500,142.58534193689394,2078,422
1600,157.83755809701245,2038,462
1700,179.06134071790137,1988,512
1800,204.91863310504817,1954,546
1900,226.65224628112736,1941,559
2000,244.658254624632,1910,590
2100,262.13258217415824,1898,602
2200,286.3019427047894,1877,623
2300,308.53159841755314,1881,619
2400,338.05241805842246,1866,634
2500,359.6770770582156,1838,662
2600,391.11823123653676,1820,680
2700,425.37648580402674,1793,707
2800,456.0113703396624,1777,723
2900,474.1041752349007,1757,743
3000,509.1273692154941,1736,764
3100,541.4804833828069,1733,767
3200,564.3982332986103,1733,767
3300,589.3153012960342,1720,780
3400,617.7988135783019,1729,771
3500,646.7828646813372,1721,779
3600,669.1750215867629,1709,791
3700,691.2504158087822,1684,816
3800,722.505449155677,1647,853
3900,770.8419984590073,1615,885
4000,815.1200188959078,1607,893
4100,855.9343367327992,1613,887
4200,899.7369015350323,1603,897
4300,948.8012523656452,1594,906
4400,999.209478394604,1577,923
4500,1042.5657720843244,1562,938
4600,1095.8466091682728,1547,953
4700,1143.1919042629233,1530,970
4800,1191.0494494032155,1508,992
4900,1239.2003851181676,1518,982
5000,1275.858555946694,1532,968
5100,1320.8485540029455,1535,965
5200,1372.165480408661,1532,968
5300,1442.153105025118,1519,981
5400,1517.9710894119073,1501,999
5500,1593.5551764881625,1484,1016
5600,1681.1543046603515,1470,1030
5700,1776.6945517673141,1449,1051
5800,1882.193448029814,1445,1055
5900,1991.2071124769263,1420,1080
6000,2109.6487171533463,1411,1089
6100,2235.3512791212365,1397,1103
6200,2360.5305918794447,1381,1119
6300,2474.804039618164,1376,1124
6400,2597.711019566226,1354,1146
6500,2720.814942004437,1331,1169
6600,2850.749511565431,1315,1185
6700,2978.3236068903284,1301,1199
6800,3106.1811520396286,1277,1223
6900,3230.871610484723,1257,1243
7000,3342.3640743114756,1234,1266
7100,3476.841119828943,1210,1290
7200,3591.9562380101397,1195,1305
7300,3705.6777713061274,1193,1307
7400,3826.86647034294,1166,1334
7500,3949.2213150947346,1142,1358
7600,4070.407186987093,1122,1378
7700,4214.558899976112,1098,1402
7800,4346.048825194779,1079,1421
7900,4467.599606570606,1052,1448
8000,4614.958249018967,1017,1483
8100,4762.426352924922,978,1522
8200,4950.024554199828,956,1544
8300,5126.004951901822,916,1584
8400,5334.52517682418,909,1591
8500,5542.887939706443,905,1595
8600,5746.805949488842,910,1590
8700,5876.7957119181265,905,1595
8800,6024.371695196905,898,1602
8900,6179.730994042912,884,1616
9000,6308.386168780314,877,1623
9100,6430.414367257506,871,1629
9200,6575.18257138789,871,1629
9300,6726.187241867548,869,1631
9400,6897.713023751056,869,1631
9500,7087.654519454783,864,1636
9600,7299.1533487022,854,1646
9700,7524.7975030845,845,1655
9800,7770.559549762867,824,1676
9900,8030.270852729844,801,1699
10000,8292.789336341504,778,1722
10100,8618.355744688115,746,1754
10200,8914.273984676378,734,1766
10300,9209.945714154992,719,1781
10400,9515.407467573572,713,1787
10500,9864.573081839004,702,1798
10600,10200.049143053999,689,1811
10700,10549.34706965423,692,1808
10800,10860.264326245378,677,1823
10900,11163.812666373962,679,1821
11000,11457.982165152393,666,1834
11100,11746.731659790588,658,1842
11200,12073.142294828656,666,1834
11300,12381.062156074284,663,1837
11400,12699.254858818236,662,1838
11500,12996.642422344605,649,1851
11600,13273.442992306938,633,1867
11700,13600.818262417368,637,1863
11800,13924.294434350431,622,1878
11900,14255.61157837912,635,1865
12000,14631.988519974453,608,1892
12100,15000.865897746986,610,1890
12200,15364.89878297919,605,1895
12300,15790.106997540033,598,1902
12400,16204.619158417907,590,1910
12500,16645.561154546864,597,1903
12600,17049.28805524762,593,1907
12700,17456.72541265851,577,1923
12800,17878.479995392747,561,1939
12900,18293.90596987713,558,1942
13000,18692.756754104317,533,1967
13100,19090.583518560885,529,1971
13200,19459.193984739453,524,1976
13300,19909.03725916146,510,1990
13400,20367.548685507918,497,2003
13500,20791.735569616314,480,2020
13600,21238.40934054859,447,2053
13700,21694.07302776375,436,2064
13800,22169.27755098573,412,2088
13900,22651.886413625587,396,2104
14000,23184.284314223165,392,2108
14100,23759.810737105407,367,2133
14200,24331.876216384433,344,2156
14300,24935.599261408577,321,2179
14400,25522.663659220492,313,2187
14500,26125.181281376557,310,2190
14600,26798.629229356906,305,2195
14700,27429.00024953179,306,2194
14800,28070.247008631904,293,2207
14900,28708.34649127243,274,2226
15000,29367.13038790279,261,2239
15100,29970.57607267346,248,2252
15200,30598.490950593645,233,2267
15300,31269.01603348808,237,2263
15400,31875.12406066567,224,2276
15500,32527.832416216617,214,2286
15600,33228.584462264065,204,2296
15700,33944.48958939499,185,2315
15800,34660.878723006615,174,2326
15900,35377.095171625115,160,2340
16000,36076.22139978671,150,2350
16100,36838.94911995926,147,2353
16200,37653.0214591501,144,2356
16300,38424.056619415984,138,2362
16400,39213.23495615443,135,2365
16500,40068.722261870964,131,2369
16600,40898.75921588187,129,2371
16700,41822.89909077183,126,2374
16800,42743.915234505446,120,2380
16900,43677.536288941315,120,2380
17000,44597.34502345338,114,2386
17100,45493.61271671822,114,2386
17200,46469.71001722077,114,2386
17300,47426.80582827826,110,2390
17400,48344.26638681344,109,2391
17500,49277.85953806266,106,2394
17600,50269.11427888586,102,2398
17700,51171.42925002383,98,2402
17800,52123.01515377835,89,2411
17900,53107.90778759545,88,2412
18000,54088.80656151214,85,2415
18100,55026.3472172459,88,2412
18200,56092.26897899368,75,2425
18300,57102.829491792894,84,2416
18400,58125.60797231363,83,2417
18500,59217.252979532,84,2416
18600,60321.425968234624,81,2419
18700,61452.54948456399,84,2416
18800,62606.85328238568,88,2412
18900,63823.213069082645,91,2409
19000,65092.287682057715,92,2408
19100,66272.79266896074,93,2407
19200,67507.4328560058,94,2406
19300,68767.87040964105,91,2409
19400,69925.18737952273,88,2412
19500,71204.10434445423,82,2418
19600,72351.68826539788,80,2420
19700,73557.26973781918,79,2421
19800,74786.83137738703,73,2427
19900,76048.85189138415,65,2435
20000,77309.34400137198,59,2441
20100,78545.86276336241,59,2441
20200,79841.84754234279,55,2445
20300,81100.44025523736,52,2448
20400,82333.74657925485,51,2449
20500,83782.41855133486,54,2446
20600,85188.96936967735,60,2440
20700,86605.13990882794,60,2440
20800,87923.93088622858,59,2441
20900,89378.90078819108,62,2438
21000,90938.83712589087,68,2432
21100,92430.25844888811,67,2433
21200,93937.48797204411,73,2427
21300,95440.00849569887,69,2431
21400,96915.17611595019,68,2432
21500,98400.77644488066,68,2432
21600,99815.39302624886,69,2431
21700,101193.7523366714,68,2432
21800,102631.35866064804,61,2439
21900,104089.81337442456,54,2446
22000,105527.82238733073,49,2451
22100,106929.65130738239,41,2459
22200,108427.83939305358,36,2464
22300,109926.72459254992,30,2470
22400,111221.77311743927,27,2473
22500,112552.3733583173,19,2481
22600,114052.0618603845,17,2483
22700,115531.32997641306,17,2483
22800,116884.73377387632,18,2482
22900,118232.63266924758,16,2484
23000,119629.41962728894,25,2475
23100,121060.51992448187,23,2477
23200,122582.0157330922,18,2482
23300,124208.39610149743,19,2481
23400,125721.94071776068,15,2485
23500,127262.68499899116,15,2485
23600,128961.52815944719,17,2483
23700,130682.48327335376,15,2485
23800,132243.542597956,16,2484
23900,133973.88517963773,14,2486
24000,135745.47892931759,14,2486
24100,137408.39357106667,14,2486
24200,139135.00671543335,15,2485
24300,140885.8378939568,15,2485
24400,142661.24090941442,14,2486
24500,144339.9113447066,15,2485
24600,146033.00179662788,16,2484
24700,147832.05424078778,15,2485
24800,149463.9359960191,13,2487
24900,151220.3771579968,13,2487
25000,152992.76464648108,12,2488
25100,154605.32146048037,12,2488
25200,156293.14131287404,12,2488
25300,158167.88136269155,11,2489
25400,159885.8777858145,12,2488
25500,161748.92082540874,11,2489
25600,163707.0001852802,13,2487
25700,165692.44980909544,11,2489
25800,167608.05540444184,11,2489
25900,169610.23044998813,11,2489
26000,171602.72564441172,11,2489
26100,173673.07161059673,11,2489
26200,175720.3469393018,11,2489
26300,177832.89331083765,12,2488
26400,179909.80892151874,11,2489
26500,181870.548650477,12,2488
26600,183972.35349671618,11,2489
26700,186068.75937591738,11,2489
26800,188203.2748317971,11,2489
26900,190224.24301420338,11,2489
27000,192301.2043262327,12,2488
27100,194298.2064510427,12,2488
27200,196369.15716809436,13,2487
27300,198438.45742261416,14,2486
27400,200594.83720726415,12,2488
27500,202809.28539376057,14,2486
27600,204968.89427163926,17,2483
27700,207197.77383867494,16,2484
27800,209334.41610405,15,2485
27900,211549.7401962842,13,2487
28000,213854.13977388755,14,2486
28100,216194.12119288245,16,2484
28200,218569.04272389563,21,2479
28300,221115.7511954749,18,2482
28400,223487.88160003547,19,2481
28500,225662.58606665803,17,2483
28600,228114.49111572237,15,2485
28700,230554.99891457768,17,2483
28800,232892.96596456738,14,2486
28900,235351.96350991944,10,2490
29000,237791.99041554952,11,2489
29100,240162.1984386416,10,2490
29200,242651.32436183214,10,2490
29300,245009.12824743806,13,2487
29400,247409.31707442875,11,2489
29500,249839.95297287108,10,2490
29600,252466.37735364982,10,2490
29700,254965.51903364592,17,2483
29800,257546.79269928104,23,2477
29900,260016.61908105182,24,2476
30000,262663.9086114821,22,2478
30100,265272.29963273625,17,2483
30200,268060.71355807816,13,2487
30300,270695.78315023135,10,2490
30400,273427.62059541635,10,2490
30500,276267.5760321033,10,2490
30600,279024.1229022782,10,2490
30700,281670.75201377313,10,2490
30800,284307.25223777164,10,2490
30900,287053.8567744782,10,2490
31000,289810.13956927846,10,2490
31100,292620.04076039226,10,2490
31200,295406.3883577987,10,2490
31300,298107.2363258967,10,2490
31400,300958.46984035935,10,2490
31500,303842.7320924819,10,2490
31600,306632.47433429206,10,2490
31700,309433.4873135391,10,2490
31800,312323.65820516064,10,2490
31900,315161.4939129863,10,2490
32000,318000.5598161436,10,2490
32100,320877.78051232384,10,2490
32200,323726.4049958032,10,2490
32300,326674.6169599349,10,2490
32400,329804.7244483343,10,2490
32500,332839.54557029344,10,2490
32600,336022.5614993732,10,2490
32700,338992.61062170804,9,2491
32800,342063.18946548464,9,2491
32900,345037.1947869521,9,2491
33000,348239.5358523564,9,2491
33100,351347.64280938625,9,2491
33200,354552.562031525,9,2491
33300,357802.0594646473,9,2491
33400,360762.19238584954,9,2491
33500,363698.3743568962,9,2491
33600,366770.30931213475,9,2491
33700,370121.66009262,9,2491
33800,373352.13926037843,9,2491
33900,376661.8547788053,9,2491
34000,379768.1243345276,9,2491
34100,382884.46751539805,9,2491
34200,386094.9779504552,9,2491
34300,389225.52029568603,9,2491
34400,392479.8453185829,9,2491
34500,395899.9377285626,9,2491
34600,399254.20739485684,9,2491
34700,402487.18192663987,9,2491
34800,405750.50802694843,9,2491
34900,409099.6069433482,9,2491
35000,412590.52424213075,12,2488
35100,415886.26445641526,10,2490
35200,419278.9605071603,10,2490
35300,422486.40584530815,9,2491
35400,425860.21884037077,9,2491
35500,429139.4706854357,9,2491
35600,432430.7680494364,9,2491
35700,435785.1692427269,9,2491
35800,439159.64425651095,10,2490
35900,442651.14824095956,9,2491
36000,445830.10891758004,9,2491
36100,449282.16525989695,9,2491
36200,452461.02985806006,9,2491
36300,455952.0195877398,9,2491
36400,459382.13915976277,9,2491
36500,462558.91588306177,9,2491
36600,466076.2150615551,9,2491
36700,469420.3136295316,9,2491
36800,472924.5321185432,9,2491
36900,476475.87567997415,9,2491
37000,479913.6292049204,9,2491
37100,483539.4224227645,9,2491
37200,487194.14642038994,9,2491
37300,490722.4930848385,9,2491
37400,494356.043757815,9,2491
37500,497901.9660845648,9,2491
37600,501457.4566804283,10,2490
37700,504751.9130204395,10,2490
37800,508257.9716556976,10,2490
37900,512208.28079151,10,2490
38000,515839.1818614275,10,2490
38100,519513.81804029614,10,2490
38200,523261.0031317759,10,2490
38300,526865.3402288881,10,2490
38400,530553.3750991056,10,2490
38500,534155.9109471597,10,2490
38600,537828.4692499415,10,2490
38700,541642.2725788215,10,2490
38800,545342.7251192024,10,2490
38900,548937.5303631639,10,2490
39000,552837.8907328115,10,2490
39100,556567.3586258079,10,2490
39200,560569.1378234216,10,2490
39300,564567.9374942955,10,2490
39400,568303.6519483848,10,2490
39500,572036.4080562008,10,2490
39600,575869.1216668574,10,2490
39700,579788.785616584,10,2490
39800,583655.660427052,10,2490
39900,587557.5676978527,10,2490
40000,591651.9452321565,10,2490
40100,595710.3479530031,10,2490
40200,599635.6992542145,10,2490
40300,603670.5125947514,10,2490
40400,607649.7800830236,10,2490
40500,611542.4678207512,11,2489
40600,615509.7200183755,11,2489
40700,619614.5385155105,11,2489
40800,623559.3981264086,11,2489
40900,627679.6182439404,11,2489
41000,631672.0764626297,11,2489
41100,635750.9445480936,11,2489
41200,640015.1153662928,11,2489
41300,644171.9781633312,12,2488
41400,648435.3667221904,12,2488
41500,652792.5130907996,12,2488
41600,656906.7933485422,12,2488
41700,661055.8077590378,12,2488
41800,665363.9629651783,10,2490
41900,669591.6886959327,8,2492
42000,673685.4815664549,8,2492
42100,678089.4975088126,8,2492
42200,682455.8177776282,8,2492
42300,686894.795374614,8,2492
42400,691225.0738624966,8,2492
42500,695695.3044961736,8,2492
42600,700163.3710869111,8,2492
42700,704420.9562689392,8,2492
42800,708784.3128941811,8,2492
42900,713177.0073595778,8,2492
43000,717515.934953923,8,2492
43100,721698.3695785238,8,2492
43200,726409.1030345309,8,2492
43300,731022.2699865338,8,2492
43400,735716.8949798059,8,2492
43500,740342.071502105,8,2492
43600,744919.7099187572,8,2492
43700,749731.8408536027,8,2492
43800,754249.4211822514,8,2492
43900,758859.3700075615,8,2492
44000,763708.7995239748,8,2492
44100,768361.4489924674,8,2492
44200,773324.3086351464,8,2492
44300,778162.029580991,8,2492
44400,782780.2950771874,8,2492
44500,787399.3700803141,8,2492
44600,792267.5934304456,8,2492
44700,797250.5245314112,8,2492
44800,801912.5933713835,8,2492
44900,806757.7932811928,8,2492
45000,811578.4742539368,8,2492
45100,816305.5427000528,8,2492
45200,821131.0341702275,8,2492
45300,825759.1608456076,8,2492
45400,830723.5511335302,8,2492
45500,835840.3822007166,8,2492
45600,840835.9416013873,8,2492
45700,845895.4485020302,8,2492
45800,850859.5721025327,8,2492
45900,855927.1363641442,8,2492
46000,860917.2787582608,8,2492
46100,865882.7354858082,8,2492
46200,871076.5788873796,8,2492
46300,875995.8367403626,8,2492
46400,881112.1320368637,8,2492
46500,886230.235650056,8,2492
46600,891371.646469194,8,2492
46700,896312.0541988211,8,2492
46800,901648.0679972162,8,2492
46900,906914.1953394508,8,2492
47000,912027.4510633076,8,2492
47100,917173.0288812929,8,2492
47200,922247.919632203,8,2492
47300,927312.9768054476,8,2492
47400,932252.3986585,8,2492
47500,937572.0676257404,8,2492
47600,942843.2602644687,8,2492
47700,948031.1744400463,8,2492
47800,953325.5955037266,8,2492
47900,958937.3500876657,8,2492
48000,964097.9377149406,8,2492
48100,969685.3249771687,8,2492
48200,975022.9211184037,8,2492
48300,980317.771452581,8,2492
48400,985681.9378057751,8,2492
48500,990882.3572724891,8,2492
48600,996367.8830019447,8,2492
48700,1001701.1452523676,8,2492
48800,1007342.9411882939,8,2492
48900,1012535.1947604289,8,2492
49000,1018096.8734846939,8,2492
49100,1023444.0025455608,8,2492
49200,1028732.6692661572,8,2492
49300,1034020.3220572582,8,2492
49400,1039480.5572236214,8,2492
49500,1044646.8449602737,8,2492
49600,1050088.6046499952,8,2492
49700,1055686.973835646,8,2492
49800,1061079.701058269,8,2492
49900,1066661.049419852,8,2492
50000,1072239.8930036838,8,2492
