step,msd_global,n_round,n_elongated
0,0.0,2500,0
100,29.207097155533905,2500,0
200,32.23001224520789,2456,44
300,31.89723455735276,2429,71
400,37.21957048291275,2396,104
500,46.997542023557486,2352,148
600,52.24456092619236,2312,188
700,60.29157988896613,2275,225
800,75.60941968819488,2234,266
900,88.37291847100539,2193,307
1000,97.56357381444799,2161,339
1100,108.09947231301726,2126,374
1200,121.53431589436934,2087,413
1300,137.64386617204255,2052,448
1400,155.72504646906475,2011,489
1500,169.53183100532146,1983,517
1600,184.69093936753845,1960,540
1700,200.56382177204293,1931,569
1800,221.60345060198307,1907,593
1900,241.47762638665898,1874,626
2000,263.97021924001456,1840,660
2100,289.77239148568793,1809,691
2200,317.2667786241384,1795,705
2300,339.0696683677381,1784,716
2400,369.5816829525251,1779,721
2500,406.1244924352838,1757,743
2600,446.65129312289764,1744,756
2700,487.0237593104217,1727,773
2800,523.5738462956227,1729,771
2900,562.210655071096,1728,772
3000,603.439217875498,1710,790
3100,651.3368625944768,1705,795
3200,702.5419842113963,1691,809
3300,751.2995118484863,1666,834
3400,795.9078877601396,1657,843
3500,843.919691104591,1660,840
3600,891.9623057281311,1662,838
3700,918.0192857291717,1661,839
3800,946.414513148052,1670,830
3900,965.2943729861382,1657,843
4000,985.3076755716158,1637,863
4100,1016.1183687333155,1646,854
4200,1030.0012831964139,1638,862
4300,1050.5958040362018,1626,874
4400,1065.9706895943423,1603,897
4500,1092.8027376428533,1566,934
4600,1119.6366553124776,1539,961
4700,1156.254608060329,1518,982
4800,1195.9343369413568,1500,1000
4900,1235.079613559304,1498,1002
5000,1284.2397794887877,1466,1034
5100,1331.9574127434232,1443,1057
5200,1392.8357800295787,1418,1082
5300,1461.1784154055192,1401,1099
5400,1537.5225557216668,1379,1121
5500,1606.3147399993813,1370,1130
5600,1679.8398282176688,1371,1129
5700,1751.0079515055013,1386,1114
5800,1809.6917986197998,1357,1143
5900,1869.5716982065983,1352,1148
6000,1933.4325044213942,1359,1141
6100,2004.9500788073644,1334,1166
6200,2085.5411036676996,1307,1193
6300,2165.8901520592062,1260,1240
6400,2254.4309319106237,1232,1268
6500,2348.8811173371537,1239,1261
6600,2463.2809052925936,1223,1277
6700,2572.2779893448965,1210,1290
6800,2698.6637104547003,1188,1312
6900,2823.7127284327207,1177,1323
7000,2950.939436328654,1158,1342
7100,3083.758115527687,1143,1357
7200,3216.9085641863335,1131,1369
7300,3377.584453234057,1110,1390
7400,3533.5021598995036,1111,1389
7500,3670.954632155252,1100,1400
7600,3763.624461037576,1080,1420
7700,3868.059987617235,1078,1422
7800,4003.222968855664,1055,1445
7900,4142.026490550426,1038,1462
8000,4285.16454132598,1031,1469
8100,4455.229003030324,1017,1483
8200,4641.767029798827,1000,1500
8300,4797.826831576558,993,1507
8400,4944.157563922051,981,1519
8500,5117.069946625741,958,1542
8600,5293.232757925676,943,1557
8700,5480.083546602712,938,1562
8800,5657.33680573424,929,1571
8900,5832.864566519914,917,1583
9000,5970.757961279269,902,1598
9100,6146.958204460468,885,1615
9200,6331.137674008188,862,1638
9300,6544.375893239833,847,1653
9400,6759.583044549651,820,1680
9500,6965.518333632341,796,1704
9600,7229.373231752304,783,1717
9700,7518.265194963695,771,1729
9800,7834.354967083961,757,1743
9900,8157.172480634523,738,1762
10000,8497.697294038275,714,1786
10100,8851.412365300772,695,1805
10200,9172.898179112624,679,1821
10300,9473.40472976369,660,1840
10400,9809.470804961988,623,1877
10500,10107.087515734653,597,1903
10600,10330.68745379814,578,1922
10700,10583.872811012394,577,1923
10800,10878.8586022252,566,1934
10900,11184.70623427165,548,1952
11000,11536.94940683622,519,1981
11100,11912.467353322643,511,1989
11200,12292.177971562509,498,2002
11300,12654.155039619389,496,2004
11400,13043.705969799394,478,2022
11500,13463.147432881,466,2034
11600,13912.850108523155,462,2038
11700,14366.68705493589,452,2048
11800,14820.779000714463,446,2054
11900,15260.966677190685,443,2057
12000,15726.588417935884,443,2057
12100,16158.828247302312,433,2067
12200,16652.624337699686,422,2078
12300,17178.050126760354,418,2082
12400,17765.342124198603,413,2087
12500,18336.12156274821,395,2105
12600,18954.498730603842,383,2117
12700,19573.109394045485,377,2123
12800,20221.64459318595,368,2132
12900,20873.124930867678,367,2133
13000,21532.545933528643,353,2147
13100,22199.533362466558,340,2160
13200,22845.944186494165,325,2175
13300,23497.089615968882,313,2187
13400,24049.595013283095,305,2195
13500,24573.937773543734,291,2209
13600,25160.151640158965,277,2223
13700,25782.77092205395,268,2232
13800,26395.937283072883,253,2247
13900,27064.01278889168,253,2247
14000,27723.91692858144,244,2256
14100,28429.71725793319,243,2257
14200,29153.974378028368,228,2272
14300,29903.41192421813,214,2286
14400,30617.75388825488,208,2292
14500,31339.815839144587,204,2296
14600,32065.362092652063,196,2304
14700,32852.92961170732,185,2315
14800,33599.26592579656,173,2327
14900,34397.426954804236,166,2334
15000,35242.74889193938,159,2341
15100,36092.5161763554,146,2354
15200,36957.34157924676,138,2362
15300,37774.906817942465,134,2366
15400,38682.58818605735,126,2374
15500,39575.276989021775,110,2390
15600,40500.48215486815,103,2397
15700,41468.13758965249,87,2413
15800,42403.792696618584,77,2423
15900,43379.614353464545,61,2439
16000,44342.00447963693,47,2453
16100,45301.585216164174,27,2473
16200,46303.02699252612,17,2483
16300,47234.070101053214,15,2485
16400,48178.14469111503,14,2486
16500,49231.19974084288,8,2492
16600,50284.779096807855,7,2493
16700,51350.021718140095,7,2493
16800,52410.865252374875,7,2493
16900,53455.771991652546,7,2493
17000,54548.05326386434,8,2492
17100,55656.639343558694,7,2493
17200,56809.02920441191,7,2493
17300,57929.839457466485,7,2493
17400,59027.192993646706,7,2493
17500,60223.061503529134,8,2492
17600,61348.56709914647,7,2493
17700,62487.075618316616,7,2493
17800,63631.309088449976,7,2493
17900,64857.61848421061,7,2493
18000,66081.64602225038,6,2494
18100,67346.24510701068,7,2493
18200,68669.00491654067,6,2494
18300,70004.13292347925,6,2494
18400,71364.79434617168,6,2494
18500,72664.257982308,6,2494
18600,73936.88579331644,6,2494
18700,75242.77739578343,8,2492
18800,76514.73864702033,6,2494
18900,77843.08431987454,6,2494
19000,79172.63810818252,6,2494
19100,80479.87872793207,6,2494
19200,81759.92683585627,6,2494
19300,83189.56374038444,6,2494
19400,84688.21229682214,6,2494
19500,86095.29951588695,6,2494
19600,87652.86211682901,6,2494
19700,89113.76190926072,6,2494
19800,90649.85606546236,6,2494
19900,92234.34127651299,6,2494
20000,93767.97785843386,6,2494
20100,95368.84637875971,6,2494
20200,96977.76067552288,6,2494
20300,98478.18764528194,7,2493
20400,100038.31512706356,12,2488
20500,101615.00918426354,11,2489
20600,103254.01723768139,7,2493
20700,104924.17256957454,6,2494
20800,106517.25016118705,6,2494
20900,108230.30186177563,6,2494
21000,109879.39559441309,6,2494
21100,111629.93018494344,6,2494
21200,113338.27224912649,8,2492
21300,115100.0084796402,7,2493
21400,116888.30511027254,6,2494
21500,118606.47811330672,9,2491
21600,120313.22470319671,7,2493
21700,121934.47296245556,6,2494
21800,123661.91751300512,6,2494
21900,125347.56840466165,6,2494
22000,127038.86291623277,7,2493
22100,128827.6868834289,6,2494
22200,130674.49685199113,6,2494
22300,132516.27621357163,10,2490
22400,134319.6965638691,9,2491
22500,136275.69139271032,6,2494
22600,138116.00558721178,6,2494
22700,140085.64541673206,7,2493
22800,141962.446623272,6,2494
22900,143845.70195215128,6,2494
23000,145723.59924133925,6,2494
23100,147673.2691406987,6,2494
23200,149601.35909225486,6,2494
23300,151629.89903358245,6,2494
23400,153560.22080358805,6,2494
23500,155581.61493909702,8,2492
23600,157671.64741133404,8,2492
23700,159796.46077079172,9,2491
23800,161883.97570599223,8,2492
23900,163931.2104222793,7,2493
24000,166143.0929480404,6,2494
24100,168226.12187364168,6,2494
24200,170375.71759133748,6,2494
24300,172469.99425884627,6,2494
24400,174389.9083061771,6,2494
24500,176538.74551776412,6,2494
24600,178632.2882329974,6,2494
24700,180831.4881241116,6,2494
24800,183033.08572652814,6,2494
24900,185282.3589280944,6,2494
25000,187512.00485181945,6,2494
25100,189782.5204436487,6,2494
25200,192115.55326148128,6,2494
25300,194431.88078227555,6,2494
25400,196649.89263992914,8,2492
25500,198907.9246861626,7,2493
25600,201012.9158737231,6,2494
25700,203314.43366350184,6,2494
25800,205631.66616686728,6,2494
25900,208037.90095408636,7,2493
26000,210271.01987538143,6,2494
26100,212561.8621823645,6,2494
26200,214888.0824276596,6,2494
26300,217295.55123273697,6,2494
26400,219750.84598856565,6,2494
26500,222219.29625967817,6,2494
26600,224718.98029830752,6,2494
26700,227257.4242296836,6,2494
26800,229827.78983982824,6,2494
26900,232323.23394261923,6,2494
27000,234716.1766216179,6,2494
27100,237204.1579323819,6,2494
27200,239668.56430133915,6,2494
27300,242159.51435405127,6,2494
27400,244731.8693901358,6,2494
27500,247312.3778895669,6,2494
27600,249922.6243463183,6,2494
27700,252632.82637273488,8,2492
27800,255292.9157228154,7,2493
27900,258023.25070836087,6,2494
28000,260702.3303107935,6,2494
28100,263396.42209416116,6,2494
28200,266031.6097665283,6,2494
28300,268731.46221602353,6,2494
28400,271518.6010876277,6,2494
28500,274125.1541910654,6,2494
28600,276750.58860345144,6,2494
28700,279478.0367233792,6,2494
28800,282209.7415411956,6,2494
28900,285123.5882235106,6,2494
29000,287908.3425040649,6,2494
29100,290615.12305351155,6,2494
29200,293439.5793070639,6,2494
29300,296285.2022042808,6,2494
29400,299117.12540689844,6,2494
29500,301985.94265514996,7,2493
29600,304804.5847062349,7,2493
29700,307619.4260985361,7,2493
29800,310498.73006762454,8,2492
29900,313499.1661805337,6,2494
30000,316478.19527887093,6,2494
30100,319417.2494583432,6,2494
30200,322333.6661988679,6,2494
30300,325291.43799316516,6,2494
30400,328368.1826001413,6,2494
30500,331417.6873902287,6,2494
30600,334402.5031067606,6,2494
30700,337450.4955141964,6,2494
30800,340624.3204843525,6,2494
30900,343788.9927183341,6,2494
31000,346909.28045014193,6,2494
31100,350014.5329608043,6,2494
31200,353091.0243039156,7,2493
31300,356209.6084909786,7,2493
31400,359404.0601996448,7,2493
31500,362637.03976180294,7,2493
31600,365911.0677071245,6,2494
31700,369083.9771710271,6,2494
31800,372229.47192484216,6,2494
31900,375459.01569656265,6,2494
32000,378741.1082032385,6,2494
32100,382015.93596146465,6,2494
32200,385219.71502920694,6,2494
32300,388548.18179698056,6,2494
32400,391859.1820999028,6,2494
32500,395145.45980065694,6,2494
32600,398447.14743863704,7,2493
32700,401853.2689034202,6,2494
32800,405173.9336254148,6,2494
32900,408635.61845139554,6,2494
33000,411877.52413161256,6,2494
33100,415442.66711900785,6,2494
33200,418845.35049597867,6,2494
33300,422256.6773517389,6,2494
33400,425671.4307952617,6,2494
33500,429090.224399054,6,2494
33600,432624.97520929144,6,2494
33700,436003.0770083086,6,2494
33800,439422.99801715335,6,2494
33900,442962.8401369799,6,2494
34000,446531.2963769255,6,2494
34100,450206.0949340845,6,2494
34200,453901.66592846997,6,2494
34300,457684.79635961,6,2494
34400,461217.32131885376,6,2494
34500,464909.2374913451,6,2494
34600,468651.2814412809,6,2494
34700,472379.941271196,6,2494
34800,476000.48846119596,6,2494
34900,479707.8498658224,6,2494
35000,483407.16591471765,6,2494
35100,486935.14332308626,6,2494
35200,490799.41830394743,6,2494
35300,494714.1771601016,6,2494
35400,498667.02880944347,6,2494
35500,502392.41131313477,5,2495
35600,506034.96590803185,5,2495
35700,509859.1445223999,5,2495
35800,513675.4918674543,5,2495
35900,517522.4373395026,5,2495
36000,521240.6964105384,5,2495
36100,525197.5804799089,5,2495
36200,529057.6400615231,5,2495
36300,532803.8913969031,5,2495
36400,536677.3424769784,5,2495
36500,540477.1680639687,5,2495
36600,544190.851893099,5,2495
36700,548091.6437652466,5,2495
36800,552048.1920841887,5,2495
36900,556146.2201979598,5,2495
37000,560062.9974149412,5,2495
37100,564135.6384891922,5,2495
37200,568093.0234366826,5,2495
37300,572417.743492984,5,2495
37400,576559.5670627643,5,2495
37500,580770.1112633692,5,2495
37600,585008.7402272081,5,2495
37700,589395.2125735085,5,2495
37800,593490.7728470215,5,2495
37900,597889.2200619449,5,2495
38000,602143.6770851752,5,2495
38100,606461.386862342,5,2495
38200,610652.7572460389,5,2495
38300,614761.6511491281,5,2495
38400,619124.4100391798,5,2495
38500,623401.5885324703,5,2495
38600,627682.8494762122,5,2495
38700,631901.5065003397,5,2495
38800,636233.320285832,5,2495
38900,640481.8200847583,5,2495
39000,644590.139012736,5,2495
39100,648968.5976775927,5,2495
39200,653174.5832008375,4,2496
39300,657468.5722194243,4,2496
39400,661710.3051287566,4,2496
39500,666094.66009827,4,2496
39600,670400.7563533522,4,2496
39700,674808.4049533493,4,2496
39800,679155.3143449505,4,2496
39900,683474.7384011891,4,2496
40000,687701.5474801878,4,2496
40100,692174.5048181093,4,2496
40200,696670.4740518567,4,2496
40300,701273.132851975,4,2496
40400,706040.068220711,4,2496
40500,711028.5201852677,4,2496
40600,715651.2346808716,4,2496
40700,720660.8631550955,4,2496
40800,725256.868175719,4,2496
40900,730161.6794039471,4,2496
41000,734884.0784683302,4,2496
41100,739722.3380290285,4,2496
41200,744483.8298618282,4,2496
41300,749273.922106073,4,2496
41400,753681.6486576336,4,2496
41500,758584.3627261491,4,2496
41600,763123.5677158525,5,2495
41700,767772.4796555107,4,2496
41800,772465.3406269093,4,2496
41900,777122.0806442702,4,2496
42000,781686.4633447796,4,2496
42100,786486.2550708851,4,2496
42200,791124.5883743303,4,2496
42300,795923.6243628651,4,2496
42400,800743.9700747487,4,2496
42500,805632.2478844232,4,2496
42600,810333.8297217486,4,2496
42700,815021.3502963246,4,2496
42800,819846.0997152157,4,2496
42900,824837.624663375,4,2496
43000,829816.0347110601,4,2496
43100,834876.8330527318,4,2496
43200,839763.9666204954,4,2496
43300,844869.3969815613,4,2496
43400,849914.5867704493,4,2496
43500,855085.1755912037,4,2496
43600,860118.9543906727,4,2496
43700,865462.6195864761,4,2496
43800,870782.9818787649,4,2496
43900,875993.5739152961,4,2496
44000,881385.8894363197,4,2496
44100,886603.03843109,4,2496
44200,891854.2822809375,4,2496
44300,896954.2044132054,4,2496
44400,902103.9766298563,4,2496
44500,907115.5823427528,4,2496
44600,912278.2709312352,4,2496
44700,917542.0050874561,4,2496
44800,922543.7134000144,4,2496
44900,927725.1612226341,4,2496
45000,932954.0460796898,4,2496
45100,938104.2273738381,4,2496
45200,943214.3221022318,4,2496
45300,948331.8424079024,4,2496
45400,953344.8895407828,4,2496
45500,958577.5605452969,4,2496
45600,964009.9030688591,4,2496
45700,969378.651249897,4,2496
45800,974802.6122694678,4,2496
45900,980381.5062140026,4,2496
46000,985780.867048901,4,2496
46100,991218.5431368958,4,2496
46200,996866.3024867271,4,2496
46300,1002330.4244133356,4,2496
46400,1007770.7408766217,4,2496
46500,1013191.5099369572,4,2496
46600,1018817.3686237736,4,2496
46700,1024196.4389236213,4,2496
46800,1029935.7205376215,4,2496
46900,1035702.357268032,4,2496
47000,1041479.4466498207,4,2496
47100,1047012.3807587666,4,2496
47200,1052544.9810794997,4,2496
47300,1058240.0096087556,4,2496
47400,1063972.117086852,4,2496
47500,1069784.456922638,4,2496
47600,1075309.6847342693,4,2496
47700,1080980.4589263024,4,2496
47800,1086571.4084970013,4,2496
47900,1092112.4209789895,4,2496
48000,1097708.8352700602,4,2496
48100,1103244.1203031838,4,2496
48200,1108734.0047204762,4,2496
48300,1114595.8219026232,4,2496
48400,1120478.772121492,4,2496
48500,1126213.6192268608,4,2496
48600,1131952.2760362232,4,2496
48700,1137962.410028062,4,2496
48800,1143998.0819855381,4,2496
48900,1149848.0119151203,4,2496
49000,1155613.6923118385,4,2496
49100,1161509.6225544852,4,2496
49200,1167412.8092732583,4,2496
49300,1173374.277546481,4,2496
49400,1179076.6902885365,4,2496
49500,1184952.8858951873,4,2496
49600,1190737.2892482781,4,2496
49700,1196648.5396462902,4,2496
49800,1202487.3369268624,4,2496
49900,1208543.9460143633,4,2496
50000,1214591.9246155373,4,2496
