step,msd_global,n_round,n_elongated
0,0.0,2500,0
100,27.18031742926225,2500,0
200,33.31227784527963,2458,42
300,35.82574319341111,2425,75
400,41.08485888981255,2396,104
500,49.88543113676041,2352,148
600,57.2231023737103,2304,196
700,66.74008836672337,2256,244
800,79.49529960139013,2200,300
900,89.62478793840894,2167,333
1000,97.56800371330071,2130,370
1100,108.07039652569412,2083,417
1200,125.36038797851315,2028,472
1300,142.67801252832245,1994,506
1400,158.520335466107,1934,566
1500,180.35293206913482,1912,588
1600,205.21375127837985,1881,619
1700,229.231120039021,1848,652
1800,254.79266067718672,1810,690
1900,274.6119704076514,1778,722
2000,299.8834115026233,1764,736
2100,322.9278985149686,1751,749
2200,349.3688519886878,1725,775
2300,381.37291565333976,1697,803
2400,417.4199773259722,1668,832
2500,451.44761694438535,1636,864
2600,489.96247959230726,1630,870
2700,528.4249662798255,1620,880
2800,572.417148408232,1607,893
2900,623.312475793576,1619,881
3000,679.2441407777926,1618,882
3100,723.2940418887594,1603,897
3200,755.6845266366411,1598,902
3300,785.2659753709671,1587,913
3400,809.6414442075154,1583,917
3500,811.9665370427767,1576,924
3600,823.2535703767117,1592,908
3700,846.0519615780839,1598,902
3800,882.6273275224753,1590,910
3900,917.2112394432382,1576,924
4000,942.9117339918371,1582,918
4100,959.6713352755457,1563,937
4200,983.2807928479103,1564,936
4300,1013.5608439325763,1538,962
4400,1034.3228158191728,1523,977
4500,1069.590778070343,1517,983
4600,1119.30312621458,1484,1016
4700,1175.1878233220316,1464,1036
4800,1228.3700141342003,1435,1065
4900,1285.8925993963392,1416,1084
5000,1355.2459594435854,1412,1088
5100,1417.5047148476363,1399,1101
5200,1473.5008821219203,1382,1118
5300,1517.710909837644,1363,1137
5400,1584.8262251116212,1353,1147
5500,1650.6296694117254,1354,1146
5600,1731.262854030117,1353,1147
5700,1793.1227255416416,1340,1160
5800,1831.0966337695472,1327,1173
5900,1894.741875952493,1330,1170
6000,1941.550561252193,1330,1170
6100,1979.6562263314324,1312,1188
6200,2012.0300719311122,1305,1195
6300,2043.5316055228661,1282,1218
6400,2087.301682076146,1248,1252
6500,2142.7046036529687,1261,1239
6600,2193.4119010930435,1260,1240
6700,2267.2533211796735,1243,1257
6800,2335.850920908913,1227,1273
6900,2401.754406444487,1214,1286
7000,2487.154739986962,1199,1301
7100,2582.0219753092847,1180,1320
7200,2671.075152349393,1154,1346
7300,2780.8556466546347,1139,1361
7400,2851.0711223064995,1130,1370
7500,2918.860958930537,1101,1399
7600,3025.9292894511696,1095,1405
7700,3140.499038594673,1074,1426
7800,3267.832941201848,1063,1437
7900,3378.1372976928396,1047,1453
8000,3476.7201578008703,1034,1466
8100,3583.792574429889,1017,1483
8200,3687.312533354906,984,1516
8300,3797.8615626026185,952,1548
8400,3922.5805491240008,944,1556
8500,4068.732599284829,941,1559
8600,4220.170822174085,916,1584
8700,4352.9599165041855,901,1599
8800,4502.661106471618,866,1634
8900,4668.746603898943,844,1656
9000,4853.277321064663,823,1677
9100,5048.823005339561,831,1669
9200,5227.679129803411,810,1690
9300,5386.235509578446,820,1680
9400,5506.925690219717,825,1675
9500,5631.00815085044,839,1661
9600,5744.905260221287,845,1655
9700,5824.183965240995,824,1676
9800,5898.554814010417,809,1691
9900,5992.517781015679,795,1705
10000,6093.436572980475,802,1698
10100,6220.027387641004,787,1713
10200,6374.139796124127,793,1707
10300,6565.650444485815,770,1730
10400,6792.469445333567,783,1717
10500,7038.718468426825,784,1716
10600,7308.234494160347,766,1734
10700,7547.9462516099675,735,1765
10800,7781.292372539651,715,1785
10900,7988.480754385135,710,1790
11000,8124.172576487722,690,1810
11100,8302.787631535188,685,1815
11200,8512.868420497482,672,1828
11300,8711.911243123097,653,1847
11400,8887.818264092288,614,1886
11500,9152.986144428876,574,1926
11600,9451.217491655343,549,1951
11700,9772.209393626166,519,1981
11800,10122.008938177463,506,1994
11900,10427.05244771123,496,2004
12000,10767.312051987616,462,2038
12100,11090.20368778671,455,2045
12200,11480.497612817968,437,2063
12300,11863.939296236053,422,2078
12400,12282.165068263754,412,2088
12500,12717.333906189971,403,2097
12600,13162.575547557552,416,2084
12700,13676.912653243273,421,2079
12800,14183.572098610302,408,2092
12900,14691.363373958666,395,2105
13000,15189.296311048767,380,2120
13100,15664.717110364085,372,2128
13200,16098.834574391702,357,2143
13300,16540.610468418854,342,2158
13400,17002.754353793454,322,2178
13500,17431.629498381222,315,2185
13600,17851.113754154598,298,2202
13700,18302.27821268053,291,2209
13800,18678.69636247153,286,2214
13900,19103.396662039017,290,2210
14000,19529.16030898568,285,2215
14100,19986.335693689765,285,2215
14200,20453.73580036664,285,2215
14300,20916.022002693193,269,2231
14400,21415.4960211268,253,2247
14500,21899.235420229696,258,2242
14600,22409.247292849355,243,2257
14700,22924.619382327957,224,2276
14800,23501.56095198187,219,2281
14900,24075.75934443044,204,2296
15000,24695.97417350701,183,2317
15100,25228.03248051825,162,2338
15200,25725.65930871396,147,2353
15300,26301.436182262336,136,2364
15400,26843.57398706931,125,2375
15500,27426.078342124994,114,2386
15600,28020.978867612554,108,2392
15700,28695.790577363867,105,2395
15800,29299.63427092886,97,2403
15900,29906.057015492894,95,2405
16000,30550.802045776065,96,2404
16100,31167.640716664548,88,2412
16200,31809.723174598028,84,2416
16300,32520.632511737193,85,2415
16400,33235.93737536082,81,2419
16500,33965.87300166226,81,2419
16600,34741.198001394645,73,2427
16700,35444.20351022992,71,2429
16800,36276.532265617374,72,2428
16900,37082.721478155,68,2432
17000,37946.59521447442,65,2435
17100,38841.47848965691,67,2433
17200,39697.58330314037,56,2444
17300,40572.86944958515,50,2450
17400,41387.08892857379,38,2462
17500,42195.97504726898,30,2470
17600,43081.82643009304,26,2474
17700,43951.77437518996,22,2478
17800,44919.01930907212,19,2481
17900,45899.00136683985,18,2482
18000,46857.23107957397,18,2482
18100,47765.81124773616,18,2482
18200,48807.19657647101,19,2481
18300,49839.76419687663,19,2481
18400,50904.28056461789,19,2481
18500,52084.68831009865,18,2482
18600,53271.11469230288,17,2483
18700,54392.66753659511,14,2486
18800,55578.660970674304,12,2488
18900,56711.61049745114,11,2489
19000,57903.77355364847,9,2491
19100,59138.42441763107,6,2494
19200,60387.22508682792,6,2494
19300,61573.9479023699,8,2492
19400,62795.086094483195,13,2487
19500,63983.698885035265,11,2489
19600,65173.02582447615,8,2492
19700,66349.29489486704,6,2494
19800,67545.89887753219,6,2494
19900,68810.01547168853,6,2494
20000,70119.41099897391,6,2494
20100,71392.40516422183,6,2494
20200,72711.62672649641,6,2494
20300,74046.53373813204,6,2494
20400,75468.59335504529,6,2494
20500,76852.42760846851,6,2494
20600,78259.52391214744,6,2494
20700,79788.45836259479,6,2494
20800,81279.19401572517,6,2494
20900,82853.68721838875,6,2494
21000,84415.17826680816,6,2494
21100,85915.92133924802,6,2494
21200,87468.50734732937,6,2494
21300,89082.83890584853,6,2494
21400,90712.55957043557,6,2494
21500,92253.07136379876,6,2494
21600,93840.16114745996,6,2494
21700,95361.52258061664,6,2494
21800,96830.75534955454,6,2494
21900,98324.60693925965,6,2494
22000,99908.88370325809,6,2494
22100,101542.76634186694,6,2494
22200,103145.58595488923,6,2494
22300,104727.63084069689,6,2494
22400,106343.60670425672,6,2494
22500,108061.16430111032,6,2494
22600,109875.03800696244,6,2494
22700,111630.866747194,6,2494
22800,113501.1028516573,7,2493
22900,115288.55092884511,7,2493
23000,117106.77350301995,6,2494
23100,119061.24241199164,6,2494
23200,120923.89818210986,6,2494
23300,122829.02013429032,6,2494
23400,124734.61564750738,6,2494
23500,126688.50409560413,6,2494
23600,128576.71145533952,6,2494
23700,130404.00588937516,6,2494
23800,132306.75700982934,6,2494
23900,134170.03711393714,6,2494
24000,135996.41718829746,6,2494
24100,137849.0072154191,6,2494
24200,139679.5989276666,6,2494
24300,141458.99186130142,6,2494
24400,143423.42879855572,6,2494
24500,145264.50505230963,6,2494
24600,147299.259530192,6,2494
24700,149280.0045193943,6,2494
24800,151367.30575091377,6,2494
24900,153365.67586257367,6,2494
25000,155433.835771269,6,2494
25100,157519.2505583327,6,2494
25200,159678.0457437736,6,2494
25300,161872.34460582174,6,2494
25400,164028.18270684298,6,2494
25500,166072.76380861487,6,2494
25600,168195.9028001079,6,2494
25700,170239.17617470928,6,2494
25800,172354.61670472194,6,2494
25900,174467.07008006267,6,2494
26000,176380.63642712793,6,2494
26100,178380.34866385168,6,2494
26200,180406.1050380295,6,2494
26300,182387.46513723244,6,2494
26400,184377.43172460375,6,2494
26500,186495.85610456223,6,2494
26600,188596.7188962346,6,2494
26700,190685.71676490927,6,2494
26800,192824.04110987,6,2494
26900,195015.28440113083,8,2492
27000,197389.3869050961,8,2492
27100,199677.16174613647,8,2492
27200,201964.40167122844,8,2492
27300,204360.99315774126,8,2492
27400,206685.09895722155,8,2492
27500,209215.84612153828,8,2492
27600,211552.86963865993,8,2492
27700,213964.84922835053,8,2492
27800,216339.76562553854,8,2492
27900,218745.19540826048,8,2492
28000,221024.63002626528,8,2492
28100,223307.50601160995,8,2492
28200,225710.66434317103,8,2492
28300,228046.24790338878,8,2492
28400,230418.93314792763,8,2492
28500,232804.56407545277,8,2492
28600,235405.83069439788,8,2492
28700,237750.89735181924,8,2492
28800,240242.63950648412,8,2492
28900,242710.2272249712,8,2492
29000,245238.8559337584,8,2492
29100,247863.3539699118,8,2492
29200,250644.81141364784,8,2492
29300,253186.71807279348,8,2492
29400,255903.07799159354,8,2492
29500,258688.71757022262,8,2492
29600,261522.53520106117,8,2492
29700,264234.5859779503,8,2492
29800,266943.1409681648,8,2492
29900,269603.22299286287,8,2492
30000,272405.6157191431,8,2492
30100,275203.65971175756,8,2492
30200,277867.1867251593,8,2492
30300,280573.14448622515,8,2492
30400,283371.39292899455,8,2492
30500,286007.207842266,8,2492
30600,288810.665204214,8,2492
30700,291651.915997961,8,2492
30800,294658.4613362071,8,2492
30900,297481.9417106247,8,2492
31000,300445.14639294596,8,2492
31100,303314.5341728667,8,2492
31200,306247.49415307626,8,2492
31300,309396.3006696075,8,2492
31400,312459.04741553124,8,2492
31500,315527.4108505158,8,2492
31600,318731.5323050484,8,2492
31700,322001.63601254945,8,2492
31800,325138.2351019929,8,2492
31900,328261.06239051855,8,2492
32000,331382.56933523476,8,2492
32100,334465.83297489607,8,2492
32200,337633.52218515036,8,2492
32300,340690.29459528625,8,2492
32400,343975.3229847643,8,2492
32500,347098.1610077679,8,2492
32600,350252.7361309543,7,2493
32700,353240.2527417193,7,2493
32800,356559.1746737197,7,2493
32900,359898.025245354,7,2493
33000,363076.3810876564,7,2493
33100,366288.4750759249,7,2493
33200,369538.56492811133,7,2493
33300,372957.37324680167,7,2493
33400,376316.920605345,7,2493
33500,379683.43332291214,7,2493
33600,383180.5912962079,7,2493
33700,386582.2378989958,7,2493
33800,390047.53393777524,7,2493
33900,393613.3544384801,7,2493
34000,397228.41341132676,7,2493
34100,400969.39045965555,7,2493
34200,404574.5654380328,7,2493
34300,407961.9228640975,7,2493
34400,411576.2378303969,7,2493
34500,415081.26718732395,7,2493
34600,418392.76818997116,7,2493
34700,421735.20715830865,7,2493
34800,425268.9164669981,7,2493
34900,428955.74913665344,7,2493
35000,432441.01380592556,7,2493
35100,435952.7015794042,7,2493
35200,439503.77627780306,7,2493
35300,443177.34006856673,7,2493
35400,446848.8820030813,7,2493
35500,450484.0520202319,7,2493
35600,454186.35090948123,7,2493
35700,457958.1559112622,7,2493
35800,461710.93758580764,7,2493
35900,465453.9540749603,7,2493
36000,469337.27464389685,7,2493
36100,473268.5293719509,7,2493
36200,477167.7983099406,7,2493
36300,481141.1505067598,7,2493
36400,485234.2817538187,7,2493
36500,488838.16013857344,7,2493
36600,492548.5594822132,7,2493
36700,496060.7194727913,7,2493
36800,499886.93127348117,7,2493
36900,503752.02617230813,7,2493
37000,507496.26881769736,7,2493
37100,511203.3518053876,7,2493
37200,515052.8154039797,7,2493
37300,518840.1514803444,7,2493
37400,522667.77918834955,7,2493
37500,526560.433706723,7,2493
37600,530367.685253733,7,2493
37700,534005.4742294796,7,2493
37800,537819.0130421963,7,2493
37900,541756.1931662279,7,2493
38000,545656.7417082557,7,2493
38100,549520.7567337018,7,2493
38200,553610.9504638828,7,2493
38300,557378.4615637984,7,2493
38400,561482.0110280116,7,2493
38500,565759.3744253481,7,2493
38600,569603.1382384548,7,2493
38700,573484.940713902,7,2493
38800,576966.5151492119,7,2493
38900,580827.5993659439,7,2493
39000,584939.3064893263,7,2493
39100,588765.1703038361,7,2493
39200,592841.09720343,7,2493
39300,596742.0622925211,7,2493
39400,600640.6145955576,7,2493
39500,604582.0764610762,7,2493
39600,608715.5225406693,7,2493
39700,612484.3521579544,7,2493
39800,616550.5981209872,7,2493
39900,620553.2623329033,7,2493
40000,624880.7926680283,7,2493
40100,629080.5182866763,7,2493
40200,633094.201000762,7,2493
40300,637185.7240407877,7,2493
40400,641258.2233956814,7,2493
40500,645521.6251538532,7,2493
40600,650012.865613329,7,2493
40700,654171.5187237798,7,2493
40800,658649.5030808147,8,2492
40900,662762.364904588,8,2492
41000,666996.9876732773,8,2492
41100,671456.0088715688,8,2492
41200,676102.0835260389,8,2492
41300,680289.7910741845,8,2492
41400,684418.4529445112,8,2492
41500,688939.3616246191,8,2492
41600,693167.8375134863,8,2492
41700,697766.3264474565,8,2492
41800,702011.487866517,8,2492
41900,706303.7756690737,8,2492
42000,710592.5407631705,9,2491
42100,715276.3889975306,11,2489
42200,719716.2235275756,11,2489
42300,724242.7496188027,11,2489
42400,728732.7663978747,11,2489
42500,733217.6956876507,11,2489
42600,737869.4571471062,11,2489
42700,742657.8379081449,13,2487
42800,747371.8988736629,16,2484
42900,752089.3083334005,17,2483
43000,756768.0724929532,16,2484
43100,761444.0052325153,14,2486
43200,766182.1916955073,12,2488
43300,771138.8132429415,9,2491
43400,776101.4823097484,8,2492
43500,780755.1738314049,8,2492
43600,785658.1857765436,8,2492
43700,790449.7577125151,8,2492
43800,795489.0329513964,8,2492
43900,800616.3265034145,8,2492
44000,805349.4844788698,8,2492
44100,810145.0428166046,8,2492
44200,815177.4846755662,8,2492
44300,819982.2744885627,8,2492
44400,824945.8163141548,8,2492
44500,829659.831748834,8,2492
44600,834760.6405217286,8,2492
44700,839510.6942464317,8,2492
44800,844587.9045555874,8,2492
44900,849664.3547389571,8,2492
45000,854805.1593893432,8,2492
45100,859999.4901018789,8,2492
45200,865042.9321805176,8,2492
45300,870318.0488625102,8,2492
45400,875749.9298992055,8,2492
45500,880786.206629759,8,2492
45600,885925.0929736124,8,2492
45700,891290.4290155339,10,2490
45800,896542.1591716595,10,2490
45900,901917.4973656178,10,2490
46000,907407.7022797352,10,2490
46100,912480.2833270645,9,2491
46200,917698.0522458645,9,2491
46300,922775.0490673688,9,2491
46400,927741.3561400811,9,2491
46500,933289.6197820167,8,2492
46600,938540.2438911493,8,2492
46700,943984.1119838075,8,2492
46800,949169.5685397468,8,2492
46900,954590.883051232,8,2492
47000,959830.8370736584,8,2492
47100,965304.2713158146,8,2492
47200,970899.1626820425,8,2492
47300,976250.7558410072,8,2492
47400,981823.5604668568,8,2492
47500,987287.9598752717,8,2492
47600,992903.4172865413,8,2492
47700,998463.5771843422,8,2492
47800,1004003.7077580108,8,2492
47900,1009608.5570306431,8,2492
48000,1015275.6584986759,8,2492
48100,1021014.9486668286,8,2492
48200,1026274.5505179501,8,2492
48300,1031951.5518404983,8,2492
48400,1037246.1455910652,8,2492
48500,1042560.0410280449,8,2492
48600,1047979.2318847652,10,2490
48700,1053486.4385638398,10,2490
48800,1058670.3617434457,10,2490
48900,1064237.5390053482,10,2490
49000,1070140.5755770984,10,2490
49100,1075552.315935905,10,2490
49200,1081060.4624465962,10,2490
49300,1086657.0172754037,10,2490
49400,1091902.1182835456,10,2490
49500,1097621.149863423,10,2490
49600,1103036.4590290876,10,2490
49700,1108614.5176168506,10,2490
49800,1114068.204282966,10,2490
49900,1119481.6370735965,10,2490
50000,1125180.2838558324,10,2490
