step,mean_aspect_ratio,fraction_elongated,fraction_round,fraction_binary
100,1.0,0.0,1.0,0.0
200,1.0380835937499995,0.002109375000000001,0.888140625,0.10974999999999999
300,1.0289968750000003,0.0023750000000000012,0.9107890625000006,0.08683593749999999
400,1.0245140625,0.002171875000000001,0.9174062500000004,0.08042187500000005
500,1.0230078125000004,0.001937500000000001,0.9191328125000006,0.07892968750000001
600,1.021909375,0.0017421875000000011,0.9194218750000009,0.07883593750000002
700,1.02105859375,0.001726562500000001,0.9203515625000007,0.07792187500000004
800,1.0206312499999997,0.001585937500000001,0.9203593750000004,0.07805468750000005
900,1.0201304687500004,0.0014531250000000006,0.9201953125000006,0.07835156250000001
1000,1.0205562499999996,0.0014687500000000004,0.9185625000000004,0.07996875000000002
1100,1.020265625,0.0014140625000000004,0.918312500000001,0.0802734375
1200,1.0200812499999996,0.0013515625000000003,0.9176953125000006,0.08095312500000004
1300,1.0201109375000004,0.0012265625000000002,0.9165234375000004,0.08225000000000003
1400,1.0202625000000003,0.0013750000000000004,0.9181875000000006,0.08043750000000004
1500,1.0205546875000002,0.0013515625000000003,0.9180234375000002,0.08062499999999997
1600,1.0203421875,0.0014921875000000002,0.9176328125000005,0.08087500000000002
1700,1.0205117187500004,0.0015546875000000003,0.9181718750000006,0.08027343750000002
1800,1.0205437500000005,0.0016406250000000002,0.9184609375000008,0.07989843750000002
1900,1.0208445312500003,0.0016562500000000002,0.9183437500000003,0.08000000000000002
2000,1.021190625,0.0018203125,0.9185625000000006,0.07961718749999999
2100,1.0216320312499998,0.0019218750000000004,0.9178046875000005,0.08027343750000007
2200,1.021584375,0.0020156250000000005,0.9187265625000008,0.07925781250000004
2300,1.0217546875000003,0.0021093750000000006,0.9176328125000005,0.0802578125
2400,1.0223101562499999,0.0022265625000000002,0.9168515625000009,0.08092187500000002
2500,1.0226929687500002,0.0023046875000000003,0.9172187500000002,0.0804765625
2600,1.0234085937500006,0.0025468750000000005,0.9167890625000004,0.08066406250000002
2700,1.0240156250000003,0.0028359375000000004,0.9161484375000004,0.08101562500000001
2800,1.0244187499999993,0.0029375,0.91525,0.08181250000000004
2900,1.0248210937499993,0.0031875000000000002,0.9159296875000003,0.08088281250000003
3000,1.0251359375,0.0032968750000000003,0.9167500000000004,0.07995312499999999
3100,1.0258335937500003,0.0033828125000000004,0.9149609375000003,0.08165625
3200,1.0259085937500003,0.0037421875000000007,0.9158359375000004,0.08042187500000002
3300,1.0262257812500006,0.003898437500000001,0.9168984375000001,0.07920312499999996
3400,1.0266421874999998,0.003968750000000001,0.915835937500001,0.08019531249999996
3500,1.026428125,0.004117187500000001,0.9162031250000005,0.07967968750000001
3600,1.0269546875000002,0.0043125,0.9162890625000009,0.07939843750000002
3700,1.0275671875,0.0044609375000000005,0.9157343750000004,0.07980468750000001
3800,1.0281671875,0.004671875000000001,0.9158593750000005,0.07946875000000003
3900,1.0287203124999995,0.004906250000000002,0.9153281250000009,0.07976562500000002
4000,1.02999453125,0.005328125,0.9153281250000005,0.07934374999999999
4100,1.0302453125000004,0.00565625,0.9157734375000005,0.07857031250000003
4200,1.0307265625000004,0.005984375,0.9157187500000006,0.078296875
4300,1.0316914062499993,0.0063906250000000005,0.9147031250000003,0.07890625000000004
4400,1.03131796875,0.006359375000000001,0.9156796875000002,0.07796093750000002
4500,1.0318976562500002,0.006679687500000002,0.9150781250000005,0.0782421875
4600,1.0322023437499999,0.006898437500000001,0.9148125000000004,0.07828906249999998
4700,1.03327421875,0.007039062500000001,0.9133828125000005,0.07957812500000003
4800,1.0335117187499998,0.006882812500000001,0.9135078125000002,0.079609375
4900,1.0335718749999998,0.007156250000000001,0.9133828125000001,0.0794609375
5000,1.0339343750000003,0.007218750000000001,0.9140937500000005,0.07868750000000001
5100,1.03399375,0.0073437500000000005,0.9147500000000005,0.07790624999999998
5200,1.0345632812499994,0.0074687500000000006,0.9137265625000002,0.0788046875
5300,1.0344992187499995,0.007601562500000001,0.9154296875000004,0.07696874999999999
5400,1.0347007812500002,0.007523437500000001,0.9138125000000006,0.0786640625
5500,1.0348140625000002,0.007789062500000001,0.9151328125000007,0.07707812500000005
5600,1.0356125000000005,0.008039062499999992,0.9154609375000001,0.0765
5700,1.03571015625,0.008117187499999994,0.9146328125000001,0.07725000000000001
5800,1.0355625000000002,0.008148437499999996,0.9150546875,0.076796875
5900,1.0363046874999997,0.008453124999999994,0.9149531250000004,0.07659374999999999
6000,1.0362015625,0.008226562499999993,0.9143515625000004,0.07742187500000003
6100,1.03621640625,0.008281249999999993,0.9151093750000003,0.07660937500000001
6200,1.0368203124999995,0.008460937499999993,0.9147500000000008,0.07678906249999999
6300,1.0375640624999996,0.008460937499999988,0.9131718750000007,0.07836718750000002
6400,1.0373289062499997,0.008585937499999991,0.9130156250000004,0.07839843750000001
6500,1.037153125,0.008492187499999996,0.9142109375,0.07729687500000003
6600,1.0384039062500001,0.00887499999999999,0.9129453125000004,0.07817968749999998
6700,1.0389414062500004,0.00907812499999999,0.91321875,0.07770312500000003
6800,1.0392445312500007,0.009234374999999989,0.9142656250000004,0.07650000000000001
6900,1.0402164062500001,0.00967187499999999,0.9126093750000004,0.07771875000000002
7000,1.0416578124999998,0.01009374999999999,0.9121406250000001,0.07776562499999999
7100,1.0415054687499998,0.010210937499999994,0.9136953125000006,0.07609375000000002
7200,1.04204296875,0.010726562499999991,0.9130312500000006,0.07624218750000004
7300,1.04289609375,0.010937499999999985,0.9123749999999999,0.07668749999999998
7400,1.0436234375000002,0.011234374999999987,0.9124609374999999,0.07630468749999998
7500,1.0442335937499996,0.011578124999999984,0.9121796875000004,0.07624218750000007
7600,1.0454601562499994,0.012023437499999984,0.9108124999999999,0.07716406250000003
7700,1.0474734375000003,0.012734374999999985,0.9105625000000005,0.07670312499999996
7800,1.0490796874999997,0.013085937499999986,0.9085625000000008,0.0783515625
7900,1.0499390625,0.013453124999999986,0.9089765625000003,0.07757031249999999
8000,1.0510859374999997,0.013742187499999984,0.9072890625000004,0.07896875000000005
8100,1.0522234375000004,0.014304687499999982,0.9074765625000003,0.07821875000000003
8200,1.05323671875,0.014906249999999982,0.9068984375000004,0.0781953125
8300,1.05418828125,0.015429687499999987,0.9068125000000002,0.07775781250000005
8400,1.0549601562499997,0.015999999999999983,0.9071953125000002,0.07680468750000001
8500,1.0567710937500003,0.016499999999999983,0.9055312500000002,0.07796875000000003
8600,1.0576257812499998,0.01693749999999998,0.9046406250000003,0.07842187500000004
8700,1.0590953125000002,0.017171874999999986,0.9036250000000006,0.07920312499999999
8800,1.0610414062500002,0.017992187499999982,0.9036250000000003,0.07838281250000001
8900,1.06116796875,0.01853906249999999,0.9037031250000005,0.0777578125
9000,1.06214453125,0.018867187499999993,0.9034843750000003,0.07764843750000004
9100,1.0628000000000004,0.019210937499999987,0.9030625,0.07772656250000001
9200,1.0651406249999997,0.020195312499999986,0.9017187500000006,0.07808593750000001
9300,1.0663328124999998,0.020703124999999982,0.9006328125000004,0.07866406250000002
9400,1.068028125,0.021101562499999987,0.8993515625000005,0.07954687499999998
9500,1.06861953125,0.021523437499999985,0.8995000000000002,0.07897656249999997
9600,1.0688281250000002,0.02174999999999997,0.8997890625000005,0.07846093750000001
9700,1.0703859375000004,0.022242187499999986,0.8993984375000005,0.07835937499999994
9800,1.0716664062500003,0.02289062499999998,0.8980156250000004,0.07909375
9900,1.0741062499999998,0.02363281249999999,0.8958828125000001,0.080484375
10000,1.0763210937499994,0.024531249999999987,0.8935781250000002,0.08189062500000004
10100,1.07798515625,0.024953124999999975,0.8923671875000004,0.08267968750000003
10200,1.0780046874999996,0.025039062499999987,0.8925234375000005,0.08243750000000004
10300,1.0783421875000003,0.02507812499999999,0.892203125,0.08271875
10400,1.0792257812499997,0.0251875,0.8919609375000003,0.08285156250000002
10500,1.0793695312500002,0.025289062499999983,0.891859375,0.0828515625
10600,1.0793140625000002,0.02539843749999997,0.8909374999999999,0.08366406249999998
10700,1.0793968749999998,0.025687499999999988,0.8924375000000001,0.08187500000000002
10800,1.0805750000000003,0.026374999999999996,0.8916484374999999,0.08197656250000002
10900,1.0809781249999997,0.02651562499999999,0.8918515625,0.08163281249999997
11000,1.0823703124999997,0.02700781249999999,0.8896718750000001,0.08332031249999998
11100,1.08334375,0.027296874999999988,0.8890703125000002,0.08363281250000003
11200,1.0845656249999995,0.02783593749999998,0.8901953124999996,0.08196875000000003
11300,1.0850476562499998,0.028054687499999984,0.8888828125,0.08306250000000003
11400,1.0871585937500006,0.028851562499999983,0.8877265625000006,0.08342187499999995
11500,1.0886437499999997,0.029726562499999984,0.88746875,0.08280468750000004
11600,1.0898609374999997,0.030093749999999975,0.8860781249999998,0.08382812500000002
11700,1.090553125000001,0.03054687499999999,0.8866015625000006,0.08285156249999999
11800,1.0910398437499995,0.03128124999999999,0.8864531250000004,0.082265625
11900,1.0923453124999993,0.031976562499999986,0.8849062499999998,0.08311718750000001
12000,1.09565859375,0.03255468749999999,0.8821484375,0.085296875
12100,1.0981570312500002,0.033789062499999994,0.8813359374999998,0.08487499999999999
12200,1.0995046875,0.034289062499999995,0.8809140625000008,0.08479687499999998
12300,1.10097265625,0.03516406249999999,0.8809453125000001,0.08389062500000002
12400,1.1029593750000002,0.035953124999999996,0.8786718750000004,0.085375
12500,1.1051999999999997,0.03615624999999997,0.8764921875000001,0.08735156249999998
12600,1.1055953124999998,0.036609374999999986,0.8773828124999998,0.0860078125
12700,1.1060109374999998,0.03688281250000001,0.8772031250000004,0.08591406250000003
12800,1.1064960937500006,0.03717187499999997,0.876171875,0.08665625
12900,1.1074023437500005,0.03777343749999997,0.8770703125000003,0.08515625
13000,1.1102226562500006,0.038749999999999986,0.8733984375,0.08785156250000009
13100,1.1099382812499998,0.03885156249999999,0.8759453125000001,0.08520312499999998
13200,1.1114499999999998,0.03967968749999998,0.8733593750000003,0.08696093749999997
13300,1.1127781249999997,0.03994531250000001,0.8717890624999997,0.08826562499999999
13400,1.1126304687499997,0.04007031249999999,0.8732734375000006,0.08665625000000003
13500,1.1114546875,0.039734374999999995,0.8743750000000002,0.085890625
13600,1.1109828124999999,0.039328125,0.8738749999999998,0.08679687500000002
13700,1.11033359375,0.03921874999999998,0.8755703125000004,0.08521093750000003
13800,1.1117984374999992,0.04007812499999999,0.8735000000000004,0.08642187500000002
13900,1.1120984375,0.04046093749999999,0.8744609375000001,0.085078125
14000,1.1133476562499995,0.041101562499999994,0.8734296874999998,0.08546875000000002
14100,1.1136593750000001,0.041281249999999985,0.8728750000000001,0.08584375000000004
14200,1.1157242187500003,0.041453124999999987,0.8711562499999996,0.08739062500000003
14300,1.1163976562500006,0.041351562499999994,0.8703281250000002,0.08832031250000007
14400,1.1171390625,0.041937499999999996,0.87090625,0.08715625000000002
14500,1.1178632812499998,0.04234374999999999,0.869625,0.08803125000000006
14600,1.1196546874999995,0.04302343749999998,0.8678046875000001,0.08917187500000003
14700,1.1211109375,0.043695312500000014,0.8676171874999998,0.0886875
14800,1.1229890624999999,0.044125000000000004,0.86625,0.08962500000000002
14900,1.1232976562499999,0.0447109375,0.8673203125000003,0.08796875000000005
15000,1.1243890624999997,0.04548437499999999,0.8662890625,0.08822656250000004
15100,1.1258523437500003,0.046046874999999994,0.8649374999999999,0.08901562500000001
15200,1.1276046874999996,0.04681249999999997,0.8633203125000002,0.08986718749999997
15300,1.128871875,0.0473125,0.8633046875000002,0.08938281250000002
15400,1.1293093749999998,0.048046874999999996,0.8638906250000001,0.08806249999999999
15500,1.1297312499999992,0.04764062499999997,0.8635781250000002,0.08878125
15600,1.1306632812499993,0.047906249999999984,0.8632343750000001,0.08885937500000002
15700,1.1326796875000003,0.049085937499999996,0.8616718749999999,0.08924218750000006
15800,1.134443750000001,0.049601562499999974,0.8600703125000003,0.09032812499999997
15900,1.1362992187499998,0.05014062500000001,0.8581328124999996,0.0917265625
16000,1.1364484375000004,0.0504375,0.8590546874999995,0.09050781249999999
16100,1.1390039062499997,0.05115624999999999,0.857359375,0.09148437499999998
16200,1.1415351562499998,0.051796874999999985,0.854484375,0.09371875000000002
16300,1.14410625,0.052710937499999964,0.85278125,0.09450781249999998
16400,1.1455421875,0.053062500000000005,0.8526796874999999,0.09425781249999998
16500,1.1456999999999997,0.05328906249999999,0.8533359374999996,0.09337500000000003
16600,1.1465484375000006,0.05352343750000001,0.8522421875000004,0.094234375
16700,1.1463148437500008,0.05378124999999999,0.8520546875,0.09416406249999999
16800,1.14556015625,0.053546874999999994,0.8534843749999996,0.09296875000000004
16900,1.14466328125,0.053070312499999994,0.85396875,0.09296093749999995
17000,1.1446492187500004,0.052554687500000016,0.8539453125000002,0.0935
17100,1.1438218750000002,0.0525,0.8544765625,0.09302343750000006
17200,1.1450140625000003,0.052539062500000004,0.8516250000000002,0.09583593749999995
17300,1.1476210937499995,0.05312499999999999,0.8482499999999997,0.09862499999999993
17400,1.1468609374999994,0.053609375,0.8510546874999998,0.0953359375
17500,1.1468101562500002,0.05323437500000001,0.850546875,0.09621875
17600,1.1473984375,0.05427343749999999,0.8510703125000002,0.09465625
17700,1.1481062499999997,0.054195312499999995,0.8501406250000004,0.09566406249999998
17800,1.1473421875,0.05430468749999997,0.851515625,0.09417968750000003
17900,1.1474875000000002,0.05438281249999999,0.8493515625,0.09626562500000005
18000,1.1483226562499993,0.05459375000000001,0.8509218749999999,0.09448437500000004
18100,1.14782109375,0.05435937499999997,0.8504296875000007,0.09521093750000001
18200,1.14779140625,0.05436718749999999,0.8504453125000005,0.0951875
18300,1.1480437500000005,0.05414062500000001,0.8509609375000002,0.09489843749999999
18400,1.14676328125,0.053515625,0.8518984375000003,0.09458593750000004
18500,1.1454875,0.053132812500000015,0.8519453125000003,0.09492187499999996
18600,1.1441906249999996,0.052515625,0.8515546874999999,0.09592968750000004
18700,1.1432874999999998,0.052078124999999975,0.8522890624999999,0.09563281250000001
18800,1.14343984375,0.05170312500000001,0.8519921874999998,0.09630468749999997
18900,1.143125,0.05153124999999998,0.8517890625,0.09667968750000003
19000,1.1426937499999998,0.051500000000000004,0.8536328124999998,0.0948671875
19100,1.1424484375000001,0.05114843750000001,0.8526015625000005,0.09625000000000003
19200,1.1431828125,0.052210937500000006,0.8524531249999999,0.0953359375000001
19300,1.14313984375,0.05232812499999999,0.8533046875000003,0.0943671875
19400,1.1440054687499996,0.05232812499999999,0.8531562500000004,0.094515625
19500,1.14398984375,0.05262499999999998,0.8527500000000003,0.09462500000000001
19600,1.14415078125,0.05285156249999999,0.8523046875000003,0.09484375
19700,1.1455648437500001,0.053304687499999975,0.8513750000000002,0.09532031250000003
19800,1.1463640625,0.05360937499999997,0.8513515625000001,0.0950390625
19900,1.1464484374999997,0.053257812500000015,0.8501953124999999,0.09654687500000002
20000,1.14674921875,0.053375000000000006,0.8509843750000001,0.09564062500000002
20100,1.1473468749999998,0.05339062499999999,0.8494218749999999,0.09718750000000002
20200,1.1475710937499999,0.053515625000000025,0.8498593749999998,0.09662500000000006
20300,1.1466765625000002,0.05336718749999999,0.85059375,0.09603906250000001
20400,1.1472156249999999,0.05374218749999999,0.8495156249999998,0.09674218750000003
20500,1.14836484375,0.054234374999999994,0.8498671875000003,0.09589843749999995
20600,1.1505179687500002,0.05520312499999994,0.849078125,0.09571875
20700,1.15104609375,0.05535937499999999,0.8486328124999998,0.09600781250000001
20800,1.1509054687499995,0.0555625,0.8500234375,0.09441406249999998
20900,1.1504554687500006,0.055359375000000016,0.8505078124999997,0.09413281250000002
21000,1.15071796875,0.05530468750000001,0.8494296875000003,0.09526562499999996
21100,1.1515125,0.056031249999999984,0.849765625,0.09420312499999997
21200,1.1507695312499997,0.056148437499999995,0.8510468750000001,0.09280468749999994
21300,1.1502507812500005,0.05563281249999998,0.8509765624999993,0.09339062500000003
21400,1.1480179687500005,0.05496874999999999,0.8530078125,0.0920234375
21500,1.1489414062500003,0.055257812499999996,0.8510468750000004,0.09369531250000003
21600,1.15064140625,0.05572656249999999,0.8491953124999997,0.09507812500000001
21700,1.15092265625,0.056039062499999986,0.8504140625000002,0.09354687500000002
21800,1.1506320312500005,0.055304687500000005,0.8498515625,0.09484375000000005
21900,1.1521187499999996,0.05607812500000001,0.8482968750000007,0.09562500000000006
22000,1.1529085937499999,0.05631249999999999,0.8468749999999999,0.0968125
22100,1.1546609374999997,0.057695312499999984,0.8472968749999996,0.09500781250000001
22200,1.15648203125,0.058171875000000005,0.8464218749999999,0.09540624999999996
22300,1.1591359375000003,0.05947656250000001,0.8449765625000002,0.09554687500000002
22400,1.1603453125000003,0.05999218750000001,0.8436796875000001,0.096328125
22500,1.1619039062499998,0.06050781249999997,0.8437812499999998,0.09571093749999998
22600,1.162915625,0.06083593749999997,0.8432109375000001,0.09595312499999994
22700,1.1626437499999995,0.061109374999999994,0.8432890625000001,0.0956015625
22800,1.1630726562499996,0.061289062500000005,0.8431328125000006,0.09557812500000003
22900,1.1649101562500004,0.062203125000000005,0.8422343749999999,0.09556250000000002
23000,1.1669773437500004,0.06321874999999999,0.8406328124999998,0.09614843749999999
23100,1.1676757812499996,0.06345312499999999,0.8409062500000005,0.09564062500000002
23200,1.17036328125,0.06407031249999998,0.8374999999999998,0.09842968749999999
23300,1.1721296875,0.06493750000000002,0.8370468749999999,0.09801562500000001
23400,1.1740226562499994,0.06550000000000002,0.8351406250000002,0.09935937500000006
23500,1.1748914062500002,0.06589843749999998,0.8346484375000001,0.09945312500000004
23600,1.1746289062499997,0.0658984375,0.8349843750000002,0.09911718749999997
23700,1.1769773437500002,0.06615625,0.8341015625000002,0.0997421875
23800,1.1768078124999999,0.066359375,0.8352656250000001,0.098375
23900,1.1772281250000005,0.06638281250000003,0.8347343749999998,0.09888281249999992
24000,1.17663046875,0.06633593749999997,0.8347421875000003,0.09892187499999996
24100,1.1771773437499993,0.06644531249999999,0.8332187499999997,0.10033593749999996
24200,1.1780445312499999,0.06689843750000003,0.8331328125000002,0.09996875
24300,1.1774585937500002,0.06659375,0.83321875,0.10018749999999998
24400,1.1777781250000003,0.06714062500000001,0.8331171875000001,0.09974218750000001
24500,1.1773500000000006,0.06725781249999999,0.8311250000000001,0.10161718750000001
24600,1.17796328125,0.06708593749999998,0.83125,0.1016640625
24700,1.1772296875,0.06675,0.8316250000000001,0.10162500000000002
24800,1.1771257812499996,0.0661875,0.8321640625000001,0.10164843750000002
24900,1.17702421875,0.06617187500000002,0.8325859375000001,0.10124218750000002
25000,1.1773125000000002,0.06668750000000001,0.8317109375,0.10160156250000003
25100,1.1794859375,0.0671640625,0.8302968749999999,0.10253906250000001
25200,1.1797187500000006,0.0673828125,0.8303203124999999,0.10229687499999998
25300,1.1805984375,0.06766406250000001,0.8288359375,0.10350000000000005
25400,1.1802078125000004,0.06719531249999999,0.8308671874999999,0.10193749999999999
25500,1.1784875,0.06619531249999999,0.8312421874999998,0.10256250000000001
25600,1.176975,0.06550000000000002,0.8306874999999997,0.10381250000000006
25700,1.1746937499999994,0.06489843749999999,0.833140625,0.1019609375
25800,1.1736023437500007,0.06374218750000002,0.8329375000000001,0.10332031250000001
25900,1.1710117187500004,0.0630859375,0.8360859375000002,0.10082812499999995
26000,1.1689312499999998,0.06254687500000002,0.8378359375000001,0.09961718750000005
26100,1.16857265625,0.0627109375,0.8389062500000001,0.09838281250000007
26200,1.16907890625,0.06282031249999999,0.8373437500000003,0.09983593750000001
26300,1.1689507812500002,0.06278906249999996,0.8375078124999998,0.099703125
26400,1.16932578125,0.06241406249999999,0.8370937499999999,0.10049218750000005
26500,1.1674328125,0.06167968749999999,0.8377500000000001,0.10057031250000002
26600,1.1683781250000005,0.06171875000000001,0.8364921874999998,0.1017890625
26700,1.1689070312499998,0.061648437499999986,0.8361484374999999,0.10220312500000002
26800,1.167996875000001,0.06179687499999997,0.8371562499999997,0.101046875
26900,1.1688765625,0.06216406249999999,0.83796875,0.09986718750000001
27000,1.1674273437500002,0.06164843750000001,0.8360546875000002,0.10229687500000004
27100,1.1665484374999997,0.06120312499999996,0.8372656249999996,0.10153125000000002
27200,1.1656250000000001,0.060835937499999986,0.8385156249999997,0.10064843750000002
27300,1.1654476562499994,0.061078125,0.8377734375000002,0.1011484375
27400,1.1663281250000002,0.06137500000000002,0.8376874999999999,0.1009375
27500,1.167425,0.06178124999999998,0.83653125,0.10168750000000001
27600,1.1695179687499995,0.06274218749999999,0.8366015624999997,0.10065625000000004
27700,1.1697171874999996,0.06290625,0.8368750000000005,0.10021874999999998
27800,1.1690757812499992,0.06296874999999999,0.8373593749999999,0.099671875
27900,1.1704500000000002,0.0628125,0.8370624999999996,0.10012500000000002
28000,1.1699273437500006,0.06327343749999999,0.8381406250000001,0.09858593750000008
28100,1.171584375,0.0634296875,0.8349765625000004,0.10159375000000005
28200,1.1722617187499997,0.063859375,0.8349140625000001,0.10122656249999996
28300,1.1731781250000002,0.06436718749999998,0.8331640625000002,0.10246875000000005
28400,1.1737320312499997,0.06439843749999999,0.8336953125,0.10190624999999995
28500,1.1745015624999997,0.06474218749999999,0.8323906249999994,0.10286718750000004
28600,1.1729773437499993,0.06423437499999998,0.8346718750000001,0.10109375000000004
28700,1.1711132812500005,0.06351562500000005,0.8359999999999993,0.10048437499999996
28800,1.169756250000001,0.06321875,0.8367578125,0.10002343749999999
28900,1.1697906249999999,0.06295312500000001,0.8365390625000002,0.10050781250000003
29000,1.1707906250000004,0.06300000000000001,0.8352109375000001,0.10178906250000008
29100,1.1710492187500003,0.0628671875,0.8356562499999999,0.10147656250000003
29200,1.17020625,0.06260156250000003,0.8367578124999996,0.10064062500000008
29300,1.1710585937500004,0.0631171875,0.8358515624999998,0.10103125
29400,1.17197890625,0.063453125,0.8340078124999997,0.10253906250000001
29500,1.17202734375,0.06277343750000001,0.8348906250000002,0.10233593750000004
29600,1.1703140625,0.06253906249999999,0.8358906250000002,0.10157031250000002
29700,1.16891171875,0.061773437499999986,0.8355078125,0.10271874999999998
29800,1.1680374999999998,0.06171093750000001,0.8356718749999995,0.10261718749999998
29900,1.1665031250000004,0.061718749999999996,0.8374453124999999,0.10083593750000001
30000,1.1661054687500008,0.06162499999999999,0.8389687499999999,0.09940625000000004
30100,1.1675195312500004,0.06216406250000001,0.8371406250000001,0.10069531250000005
30200,1.1673078125,0.06235156249999998,0.83903125,0.0986171875
30300,1.16666015625,0.06231250000000001,0.8401640624999999,0.09752343750000002
30400,1.1661828124999996,0.0624765625,0.8399453124999998,0.09757812500000004
30500,1.1660960937500005,0.06214062499999998,0.8401015625000001,0.09775781250000003
30600,1.1656312500000001,0.061867187500000004,0.8411953125000001,0.0969375
30700,1.1674734374999998,0.0621484375,0.8396953125000002,0.09815625000000003
30800,1.1676304687500003,0.06232031249999998,0.8376562500000001,0.10002343749999999
30900,1.1679148437500004,0.0630390625,0.8397265625000004,0.097234375
31000,1.16897578125,0.06324999999999997,0.8381875000000004,0.09856250000000004
31100,1.1704640624999998,0.06364062499999999,0.836890625,0.09946874999999997
31200,1.1706117187499998,0.06417968749999999,0.8372734375000004,0.09854687499999999
31300,1.1729953125000003,0.06503124999999997,0.8339921875,0.10097656249999998
31400,1.1727398437499998,0.06503125,0.8359843750000006,0.09898437499999996
31500,1.17217734375,0.06481249999999998,0.835796875,0.09939062500000005
31600,1.1716453125,0.06432812499999999,0.8371015625,0.09857031249999998
31700,1.1727460937499996,0.06470312500000001,0.8351640624999999,0.10013281249999999
31800,1.1728851562499996,0.06492968749999999,0.836046875,0.09902343750000005
31900,1.1733679687499998,0.064515625,0.8352031250000005,0.10028125000000002
32000,1.1748953125000003,0.06500781249999996,0.8324687499999999,0.10252343750000001
32100,1.1761234375000003,0.0656796875,0.8324921874999999,0.10182812500000003
32200,1.1767117187500005,0.06608593750000001,0.8318593750000002,0.10205468750000005
32300,1.1774976562499992,0.06614062500000001,0.8307812500000004,0.10307812499999998
32400,1.17640859375,0.06619531249999998,0.8320390625000003,0.101765625
32500,1.1766171874999998,0.06584374999999996,0.8314999999999996,0.10265625000000002
32600,1.1768343749999999,0.06590624999999997,0.8312500000000002,0.10284374999999997
32700,1.1782828125000004,0.06690625000000001,0.8326796875000005,0.10041406250000001
32800,1.1797132812499997,0.06728906250000001,0.8300859374999999,0.10262500000000004
32900,1.1821226562499991,0.06814062500000001,0.8273593749999997,0.10450000000000001
33000,1.1835062499999995,0.06864843749999998,0.8259687499999998,0.10538281250000002
33100,1.1826406250000008,0.06840625000000002,0.8270312500000001,0.10456249999999995
33200,1.1824249999999998,0.06871093750000001,0.8274531250000001,0.10383593749999996
33300,1.18363203125,0.06860156249999998,0.8266015624999999,0.104796875
33400,1.1852851562499997,0.0695625,0.8276875,0.10275000000000002
33500,1.1853335937499998,0.0698046875,0.8270390624999999,0.10315625000000002
33600,1.1878242187500008,0.07114843750000001,0.8267109374999995,0.10214062500000007
33700,1.1892507812500004,0.0722578125,0.82559375,0.1021484375
33800,1.1894429687500003,0.07232812499999998,0.82571875,0.10195312499999995
33900,1.19026953125,0.07186718749999998,0.8238906249999999,0.10424218750000003
34000,1.1912414062499999,0.07231249999999996,0.8226875,0.10500000000000004
34100,1.19118203125,0.07313281249999998,0.82296875,0.10389843750000001
34200,1.1934031250000003,0.07380468750000002,0.8229531250000005,0.10324218750000003
34300,1.1961,0.0744609375,0.8210000000000001,0.10453906250000003
34400,1.1962460937500003,0.07480468750000001,0.820375,0.10482031250000003
34500,1.19712109375,0.07518749999999998,0.8196015625000006,0.1052109375
34600,1.1979585937500006,0.075046875,0.8180078124999999,0.1069453125
34700,1.2006984374999994,0.07574218749999999,0.816,0.10825781250000008
34800,1.20203203125,0.07578124999999997,0.8150546875,0.10916406250000005
34900,1.2035992187500004,0.076109375,0.8116640625000001,0.11222656249999999
35000,1.2031359374999997,0.07610156249999998,0.8140000000000001,0.10989843749999997
35100,1.2014164062500001,0.07566406250000003,0.8149609375,0.10937500000000003
35200,1.1991390625,0.07552343750000001,0.8180859374999999,0.10639062500000002
35300,1.197665625,0.0750078125,0.8196484375,0.10534374999999996
35400,1.1959617187499996,0.07394531249999999,0.8204843749999999,0.1055703125
35500,1.1927406250000006,0.07274218749999999,0.8213515625000002,0.10590625
35600,1.19139140625,0.07261718749999996,0.8241171874999997,0.10326562499999999
35700,1.1900117187500001,0.0726015625,0.8248749999999999,0.10252343750000004
35800,1.187990625,0.07171093749999999,0.8263281249999997,0.10196093750000002
35900,1.1865726562499999,0.07155468749999999,0.8273359374999999,0.10110937500000003
36000,1.1855468750000002,0.07115624999999998,0.8285390624999994,0.10030468750000004
36100,1.1849031249999997,0.07039062499999998,0.8289453124999998,0.10066406249999997
36200,1.1859382812500001,0.07071874999999998,0.8283046874999999,0.10097656249999999
36300,1.1871632812500001,0.07141406249999996,0.8256171875,0.10296874999999997
36400,1.1885171875000002,0.0714921875,0.8252265624999998,0.10328124999999998
36500,1.1902703125000005,0.07200781250000002,0.8241328125000001,0.10385937499999995
36600,1.1905375000000002,0.07231250000000002,0.8241484374999999,0.10353906249999997
36700,1.1912164062500006,0.07221093750000002,0.8224374999999998,0.10535156249999998
36800,1.1922007812499995,0.0729375,0.8224296874999998,0.10463281250000003
36900,1.1953445312499995,0.07357812500000001,0.8199140625000001,0.10650781250000003
37000,1.1964234374999996,0.07418750000000006,0.820390625,0.105421875
37100,1.1979203125000002,0.0746796875,0.8194296874999997,0.10589062499999999
37200,1.1985171875000002,0.07511718749999997,0.8184296875000004,0.10645312500000005
37300,1.1983539062500004,0.07575000000000003,0.8195156249999999,0.104734375
37400,1.1986046874999992,0.076296875,0.8190624999999998,0.10464062500000001
37500,1.1971953124999999,0.074828125,0.8203984374999997,0.10477343750000002
37600,1.1972367187500004,0.07525781250000001,0.8216015625000003,0.10314062500000003
37700,1.1970078124999997,0.074484375,0.8195781249999998,0.10593750000000007
37800,1.1956,0.07365624999999999,0.820265625,0.10607812500000001
37900,1.1919578125,0.07225000000000004,0.823625,0.104125
38000,1.19044375,0.07156249999999997,0.8237734374999998,0.10466406249999999
38100,1.1900648437499997,0.07123437500000002,0.8235703125000003,0.10519531249999997
38200,1.1882664062500006,0.0705859375,0.8250234375,0.10439062500000006
38300,1.18618203125,0.07025000000000003,0.826640625,0.103109375
38400,1.1854945312499998,0.07017187500000001,0.8273984374999996,0.1024296875
38500,1.1840859375,0.06935937500000001,0.8284140625000002,0.10222656249999998
38600,1.1819718749999992,0.06806249999999998,0.8282890624999998,0.10364843750000004
38700,1.1807945312500006,0.06761718750000001,0.8279218750000005,0.10446093750000007
38800,1.1808640625000002,0.0668359375,0.8274765624999999,0.10568749999999999
38900,1.1798945312499989,0.06675,0.8295859374999996,0.10366406249999999
39000,1.17884375,0.06636718749999998,0.8290078125000004,0.104625
39100,1.17821328125,0.0664140625,0.8315781249999996,0.1020078125
39200,1.1775210937499998,0.06654687500000003,0.8334921874999999,0.09996093750000005
39300,1.1782124999999999,0.06667187500000003,0.8333515625000001,0.09997656250000002
39400,1.1781656249999997,0.06679687499999995,0.8337343750000002,0.09946875000000002
39500,1.1800609375,0.06724218750000001,0.8310468750000002,0.10171093749999999
39600,1.1817546875000002,0.06728125000000001,0.82959375,0.10312500000000004
39700,1.18094765625,0.0670859375,0.8317656249999997,0.10114843750000001
39800,1.1820625000000002,0.06821875000000002,0.8311562500000002,0.10062500000000009
39900,1.18358515625,0.06840625000000003,0.8304374999999996,0.10115625
40000,1.1851773437499995,0.068671875,0.8275312499999998,0.10379687500000005
40100,1.1865999999999994,0.06998437500000003,0.8268671874999999,0.1031484375
40200,1.18852734375,0.07040624999999999,0.8252265624999997,0.10436718750000001
40300,1.1886218750000002,0.07065625,0.8245859375000005,0.10475781250000003
40400,1.1896351562499998,0.07091406249999999,0.8233828124999997,0.10570312499999995
40500,1.191103125,0.07112499999999998,0.8216875000000002,0.10718749999999998
40600,1.190538281250001,0.071328125,0.8246171875,0.10405468750000002
40700,1.1932749999999996,0.07212499999999997,0.8220078125000001,0.10586718749999996
40800,1.1936960937500003,0.07245312499999998,0.8218359375000001,0.10571093749999994
40900,1.1944640625,0.07272656249999997,0.8209453125,0.10632812499999998
41000,1.1930687499999997,0.072921875,0.8231328124999996,0.10394531249999994
41100,1.192684375,0.072484375,0.8230859374999996,0.10442968750000002
41200,1.1920976562499996,0.07244531250000003,0.8237812500000004,0.1037734375
41300,1.19045625,0.07207031250000001,0.8269296875,0.10100000000000003
41400,1.1897031249999999,0.072078125,0.8284453125000001,0.09947656250000005
41500,1.1903359375,0.07239843750000001,0.8263906249999998,0.10121093750000003
41600,1.190546875,0.07266406249999999,0.825265625,0.10207031249999998
41700,1.19056953125,0.07228124999999996,0.8253984375000001,0.10232031250000004
41800,1.1908570312499998,0.0724921875,0.8242968749999998,0.10321093750000002
41900,1.1907390625,0.07274218750000001,0.8243593750000002,0.10289843750000002
42000,1.1919093749999998,0.07250781249999998,0.8229609375,0.10453124999999998
42100,1.19143203125,0.07267187499999998,0.8241406250000004,0.10318749999999999
42200,1.1929812499999997,0.07276562499999999,0.8224140625000003,0.10482031250000003
42300,1.1954078125000003,0.07316406249999999,0.8206718749999999,0.10616406250000003
42400,1.1953531250000002,0.07311718750000003,0.8204687500000003,0.10641406249999999
42500,1.1954671874999998,0.07378124999999999,0.8198203125,0.10639843749999996
42600,1.1956648437500004,0.07366406249999999,0.8200624999999998,0.10627343749999998
42700,1.19554765625,0.07378906250000002,0.8209218749999998,0.1052890625
42800,1.197171875,0.07438281250000002,0.8195390625,0.10607812500000004
42900,1.19752421875,0.0747109375,0.8198828124999997,0.10540625
43000,1.1982601562500002,0.07502343749999998,0.818390625,0.1065859375
43100,1.1984218749999993,0.07487499999999998,0.8190703125000002,0.1060546875
43200,1.1981796875000006,0.07496875000000001,0.8179140625,0.10711718750000004
43300,1.1997562500000003,0.07549218749999999,0.8186484374999999,0.10585937499999999
43400,1.2009335937499996,0.0759921875,0.81709375,0.10691406250000006
43500,1.2019726562500002,0.07632031249999997,0.81621875,0.10746093750000003
43600,1.2025164062499993,0.07661718749999996,0.8163671875000001,0.10701562500000004
43700,1.2025015624999997,0.077203125,0.8170625000000001,0.10573437499999999
43800,1.2035906249999997,0.07742187499999999,0.8168828124999998,0.10569531250000001
43900,1.2031960937499997,0.07724218749999998,0.8163359375000004,0.10642187499999997
44000,1.2043687499999998,0.07813281249999997,0.8146640625,0.10720312499999997
44100,1.2040000000000002,0.07796093749999998,0.8153281249999996,0.10671093749999992
44200,1.2037250000000004,0.0778515625,0.816,0.10614843750000003
44300,1.20311953125,0.07696875000000002,0.8148749999999999,0.10815625000000004
44400,1.2016078125000003,0.0761484375,0.8155078124999998,0.10834375000000003
44500,1.20021015625,0.07503125000000002,0.81690625,0.10806249999999998
44600,1.1970117187500002,0.07372656249999995,0.8204375,0.1058359375
44700,1.1941242187500003,0.07266406250000002,0.8227187500000003,0.10461718749999997
44800,1.1915703125,0.07110937499999999,0.8229140625,0.10597656250000001
44900,1.18973984375,0.07036718750000001,0.8246171874999997,0.10501562500000002
45000,1.1897695312500003,0.07056250000000001,0.8242109375000001,0.1052265625
45100,1.1907304687500002,0.07144531249999998,0.8236875000000006,0.10486718749999999
45200,1.1905796875,0.07188281250000003,0.8242968750000003,0.10382031250000001
45300,1.1930304687499997,0.07257812500000002,0.8227968749999999,0.104625
45400,1.191849218749999,0.07208593749999999,0.8228906250000001,0.10502343750000005
45500,1.1938890624999998,0.07332812500000002,0.8208749999999998,0.10579687499999996
45600,1.1948171875000002,0.07367968749999997,0.8205859375000002,0.10573437500000003
45700,1.1958546875000005,0.07344531249999998,0.8194453124999999,0.10710937500000002
45800,1.1976390624999997,0.07527343749999998,0.8189453125000002,0.10578125000000003
45900,1.1974445312499995,0.07506250000000002,0.8203281249999997,0.10460937500000002
46000,1.19779609375,0.07533593749999999,0.8195937500000007,0.10507031249999998
46100,1.1965890625,0.07535937500000003,0.8211875000000002,0.10345312500000003
46200,1.1990234375000002,0.07635156249999998,0.8197578124999999,0.10389062500000004
46300,1.2012437499999986,0.07736718750000002,0.8183984375000003,0.10423437500000002
46400,1.2030382812499996,0.07815625000000001,0.8174374999999997,0.10440625
46500,1.2021234374999998,0.07799999999999999,0.8177578125,0.10424218750000006
46600,1.2019968749999996,0.07782812500000003,0.8180937500000001,0.10407812499999998
46700,1.19923203125,0.07664062499999999,0.8207031250000009,0.10265625000000005
46800,1.1981132812500004,0.07564062500000003,0.8221953125,0.10216406250000001
46900,1.1988335937499994,0.07613281250000001,0.8215624999999999,0.10230468750000003
47000,1.1989617187500003,0.0764609375,0.820359375,0.1031796875
47100,1.1993156250000006,0.07669531249999999,0.8202656250000001,0.10303906249999997
47200,1.2000554687500007,0.07673437499999998,0.8191484374999995,0.10411718749999999
47300,1.2014507812499997,0.07736718749999999,0.8169062500000001,0.10572656249999995
47400,1.20446875,0.0780859375,0.8146562499999997,0.10725781250000005
47500,1.2056742187499996,0.07809374999999999,0.8145781249999998,0.107328125
47600,1.20776484375,0.07853125,0.8130312500000001,0.10843749999999999
47700,1.20750625,0.07860937499999995,0.8150546875000004,0.10633593750000003
47800,1.2077125,0.07875781250000004,0.81325,0.10799218749999996
47900,1.2094226562500003,0.07928906249999998,0.8129765625000002,0.107734375
48000,1.2106914062499998,0.0797265625,0.8127187500000004,0.10755468749999997
48100,1.2107226562500004,0.07994531249999996,0.8128593749999997,0.10719531249999997
48200,1.2113203125000005,0.07988281249999998,0.812359375,0.10775781250000002
48300,1.2105820312500004,0.07997656249999997,0.8110781250000003,0.10894531250000004
48400,1.2086656250000003,0.07997656250000004,0.8148671874999998,0.10515624999999998
48500,1.2089695312499997,0.08003124999999997,0.8131249999999995,0.10684374999999996
48600,1.2084671875000004,0.08022656250000006,0.8144218749999997,0.10535156250000002
48700,1.2106882812500002,0.08078125000000004,0.8114609374999998,0.10775781250000002
48800,1.2112945312499999,0.08117968750000003,0.8118749999999999,0.10694531249999996
48900,1.2119468750000002,0.08109375,0.8118437500000002,0.10706250000000005
49000,1.2112984374999993,0.08026562499999997,0.8113593750000001,0.10837500000000003
49100,1.211365625,0.08020312499999999,0.8112421875,0.10855468750000005
49200,1.2106445312499996,0.07975781249999997,0.8106015624999996,0.10964062500000005
49300,1.2096476562499994,0.07964843749999997,0.8122421875000002,0.10810937499999998
49400,1.2092593749999998,0.07910937500000001,0.8122578125000004,0.10863281250000001
49500,1.2083507812499996,0.07939062499999998,0.8132500000000005,0.10735937499999998
49600,1.2078062499999995,0.079203125,0.8144609375000003,0.10633593749999999
49700,1.2080117187499997,0.07958593749999998,0.8148984374999994,0.10551562500000002
49800,1.20744765625,0.07942187499999999,0.8148671875000002,0.1057109375
49900,1.2076984374999997,0.07972656250000004,0.8136953124999999,0.10657812500000002
50000,1.2082796875,0.0799453125,0.8131718750000005,0.10688281250000004
50100,1.21011484375,0.0805078125,0.8109140624999996,0.10857812499999997
50200,1.2100242187499999,0.07990625,0.8109687500000005,0.10912500000000003
50300,1.2086835937500005,0.07909374999999999,0.8108906249999999,0.11001562499999998
50400,1.2080281250000002,0.07932812499999999,0.8137890625,0.10688281250000004
50500,1.2077656249999997,0.07921093750000005,0.8133281250000005,0.1074609375
50600,1.2062507812499996,0.07870312499999998,0.8139375,0.10735937500000005
50700,1.2069828124999997,0.07870312500000004,0.81384375,0.10745312500000004
50800,1.2075007812499996,0.078765625,0.8134843749999999,0.10775000000000001
50900,1.2079445312500001,0.0784296875,0.81190625,0.10966406250000002
51000,1.2087632812499995,0.07924218750000002,0.8125390625000006,0.10821875000000004
