step,mean_aspect_ratio,fraction_elongated,fraction_round,fraction_binary
100,1.0,0.0,1.0,0.0
200,1.2205960937499996,0.017070312499999976,0.487671875,0.4952578125000001
300,1.2566921875,0.03699999999999998,0.48309375,0.47990625000000003
400,1.2881882812499998,0.056015625000000006,0.4944765625000001,0.44950781249999994
500,1.3180296875,0.07642187500000007,0.5258203124999999,0.3977578124999999
600,1.3451890625,0.09726562500000004,0.55353125,0.3492031249999998
700,1.3721476562500001,0.11664062499999998,0.57575,0.307609375
800,1.39860703125,0.13638281249999992,0.5912031249999997,0.27241406249999994
900,1.42031875,0.15204687499999997,0.5997656249999995,0.2481875000000001
1000,1.4426218749999997,0.1679218750000001,0.6013671875,0.23071093749999996
1100,1.4619437499999999,0.18075781250000006,0.5988671874999998,0.22037499999999985
1200,1.4820335937499998,0.1919609375,0.5945000000000001,0.21353906250000004
1300,1.5047992187500003,0.20413281249999995,0.58478125,0.21108593750000004
1400,1.5187945312499995,0.21340625000000005,0.5805624999999995,0.20603125000000008
1500,1.5324468750000002,0.221390625,0.5792578125000001,0.1993515625
1600,1.54918046875,0.22904687500000004,0.5684609375,0.2024921875
1700,1.5634632812500002,0.23719531250000006,0.5622890625,0.200515625
1800,1.5786726562499998,0.24445312499999983,0.5553124999999999,0.20023437499999996
1900,1.5942867187500005,0.25230468749999996,0.54546875,0.2022265625000001
2000,1.6088273437500002,0.25876562500000017,0.5375234375000001,0.20371093750000005
2100,1.6235875000000002,0.2657656250000001,0.5277968749999996,0.20643749999999997
2200,1.6374625,0.27285156250000003,0.5203203125,0.20682812499999995
2300,1.6507242187499997,0.2786718749999999,0.5124062500000002,0.20892187500000003
2400,1.6626343749999994,0.2861562500000003,0.5080625,0.20578124999999997
2500,1.6727085937500001,0.28991406250000007,0.5046484375000002,0.2054375
2600,1.6805882812500001,0.29439062499999974,0.501140625,0.20446874999999998
2700,1.6882671874999993,0.29850000000000004,0.4965078124999999,0.20499218750000003
2800,1.6959382812500003,0.3037109374999999,0.4938671874999999,0.20242187500000003
2900,1.7021703125000003,0.3073281250000001,0.4919609375000001,0.20071093750000008
3000,1.7072054687499996,0.3090624999999999,0.49098437500000003,0.19995312499999993
3100,1.70955625,0.31078125000000006,0.49042968750000016,0.1987890625
3200,1.7127195312500003,0.313171875,0.488578125,0.19824999999999995
3300,1.7143789062499997,0.3141406249999999,0.4875937500000001,0.19826562499999997
3400,1.7198179687500004,0.3172187500000001,0.48518750000000005,0.19759375
3500,1.7235773437499997,0.32012500000000016,0.48423437500000005,0.19564062500000004
3600,1.7302453125,0.32431249999999984,0.48191406250000024,0.19377343749999995
3700,1.731880468750001,0.3250546875,0.4811015624999999,0.19384374999999987
3800,1.7361039062499997,0.3262343749999999,0.4775546874999999,0.19621093750000002
3900,1.7412484375000004,0.3283828124999999,0.4740781250000002,0.19753906250000008
4000,1.7428531249999992,0.33012499999999995,0.4746171874999998,0.19525781250000002
4100,1.7437906250000001,0.3320625000000001,0.47457812499999985,0.19335937499999994
4200,1.7447687499999995,0.3318828125000001,0.47482031250000006,0.19329687499999995
4300,1.747342187499999,0.33237500000000003,0.4709687500000002,0.19665624999999987
4400,1.7531312499999998,0.3341796874999999,0.4671640625000002,0.19865625000000003
4500,1.7555249999999991,0.3351562499999999,0.4646328125000001,0.2002109375
4600,1.7591843750000002,0.33741406249999983,0.46175,0.20083593749999998
4700,1.7618,0.33934375000000017,0.4613593750000001,0.19929687499999993
4800,1.7678812499999992,0.3427421875000001,0.45857812500000006,0.19867968750000004
4900,1.7702992187500002,0.3436015624999999,0.4575546875,0.19884374999999999
5000,1.7714281250000006,0.3441562500000001,0.4557890624999999,0.20005468749999997
5100,1.7744601562500004,0.3468906250000001,0.4566328125,0.19647656250000003
5200,1.7739781249999995,0.34625781250000004,0.45665625000000015,0.19708593750000003
5300,1.7757218750000001,0.3468203124999999,0.45573437500000014,0.1974453125
5400,1.7781656249999995,0.3480546874999999,0.45492187500000003,0.19702343749999993
5500,1.7815851562500002,0.3502187500000001,0.4528750000000001,0.19690625000000006
5600,1.7860460937500007,0.35154687500000004,0.4490390625000002,0.1994140625000001
5700,1.7914703124999993,0.35305468750000013,0.4459453124999999,0.2009999999999999
5800,1.7914601562499999,0.35432812500000005,0.4481562500000001,0.19751562499999994
5900,1.7924414062499998,0.3558203124999999,0.4499921875000002,0.1941875000000001
6000,1.7963820312499998,0.35734375,0.4475234375000001,0.1951328125
6100,1.7938140625000005,0.35574218750000003,0.44871093749999996,0.195546875
6200,1.7939304687499997,0.35682031249999996,0.4495546874999998,0.19362500000000005
6300,1.7975624999999997,0.35930468750000016,0.44839062499999993,0.1923046874999999
6400,1.80046015625,0.3607968750000003,0.44540625,0.19379687500000004
6500,1.803533593749999,0.36191406250000013,0.44246874999999986,0.19561718750000004
6600,1.8079312500000002,0.3638281249999999,0.43907812499999993,0.1970937500000001
6700,1.8100820312499997,0.36475781250000006,0.43859374999999995,0.19664843749999997
6800,1.8108484374999994,0.3646249999999999,0.43617187499999976,0.19920312500000004
6900,1.813514062499999,0.3654531249999999,0.432703125,0.20184374999999996
7000,1.8152773437500005,0.36629687499999986,0.43164843750000015,0.2020546875
7100,1.8190742187500009,0.36731249999999993,0.43049218750000007,0.2021953124999999
7200,1.821213281249999,0.3681250000000002,0.42771875,0.20415625000000004
7300,1.8216757812500004,0.3678203124999999,0.4292656250000002,0.20291406250000008
7400,1.822316406250001,0.36868750000000006,0.4303984374999999,0.2009140625
7500,1.82202734375,0.36909374999999983,0.4309375,0.19996874999999995
7600,1.8205640624999997,0.36909375,0.43306250000000013,0.19784374999999985
7700,1.8210265625000002,0.3699140625,0.4316562500000001,0.19842968750000012
7800,1.8252499999999994,0.37153125000000026,0.42765625,0.20081249999999995
7900,1.8255124999999996,0.37178906250000004,0.42883593749999993,0.19937500000000005
8000,1.8208664062499997,0.3698671875,0.4307578124999998,0.199375
8100,1.8175382812499994,0.36753125000000003,0.43479687499999986,0.19767187500000002
8200,1.8175539062499997,0.3678984375,0.4343828125000001,0.19771874999999994
8300,1.8196359374999997,0.36940625000000016,0.43334375000000014,0.19724999999999998
8400,1.8203656250000004,0.3691640625000001,0.43311718750000006,0.19771875000000008
8500,1.82108515625,0.36777343750000013,0.43199218749999996,0.200234375
8600,1.8221132812500003,0.368875,0.4316484375,0.19947656249999998
8700,1.8214,0.36948437499999964,0.43216406249999995,0.19835156249999994
8800,1.8188828124999994,0.3683984374999998,0.43427343749999986,0.197328125
8900,1.8158015625,0.36723437499999984,0.43514843750000004,0.19761718749999999
9000,1.8138234374999995,0.36643749999999997,0.4366875000000002,0.19687499999999994
9100,1.8148421875,0.36719531250000004,0.43631249999999994,0.19649218750000014
9200,1.8143539062500005,0.36708593750000007,0.43645312499999994,0.19646093749999996
9300,1.8140835937499997,0.36674218749999987,0.43608593750000013,0.19717187499999994
9400,1.8152273437500006,0.36707031249999994,0.43603124999999987,0.1968984374999999
9500,1.8193101562499998,0.36870312499999996,0.4331718749999998,0.19812499999999994
9600,1.8222453125000004,0.371015625,0.4306875000000001,0.198296875
9700,1.8236734375000003,0.3710000000000001,0.4293671875,0.19963281249999992
9800,1.82468984375,0.3719765624999999,0.4286640625,0.19935937499999998
9900,1.8276351562499997,0.3735156250000001,0.4279765625,0.19850781250000002
10000,1.8284882812499998,0.374453125,0.4281015625,0.19744531250000005
10100,1.8324226562500001,0.3758515625,0.4248671874999999,0.1992812499999999
10200,1.8327148437500003,0.3758671875,0.4244531249999999,0.19967968749999998
10300,1.8323343750000003,0.3756250000000002,0.42601562500000006,0.19835937499999995
10400,1.8325117187500002,0.3761953125,0.42670312499999996,0.19710156249999997
10500,1.8310031249999983,0.3760234375000002,0.42732031249999997,0.19665625000000003
10600,1.8282468750000003,0.3735859375,0.4295859374999999,0.1968281249999999
10700,1.8250921874999995,0.3731093750000001,0.4322890624999999,0.19460156250000007
10800,1.8205031249999992,0.37112499999999976,0.43516406249999995,0.19371093749999996
10900,1.816775781250001,0.36861718750000005,0.43755468750000004,0.19382812500000002
11000,1.8138562499999997,0.3671796875,0.43910156249999993,0.19371875
11100,1.81152734375,0.3659765625,0.4392031249999999,0.1948203125000001
11200,1.80778203125,0.3647265625000002,0.44150781249999993,0.193765625
11300,1.8102343749999996,0.36530468749999995,0.438625,0.1960703125
11400,1.8144281250000005,0.366640625,0.4367812499999998,0.1965781249999999
11500,1.81786484375,0.36892968750000005,0.4352343750000002,0.1958359375
11600,1.8195085937500002,0.36916406250000017,0.43484375000000003,0.19599218749999997
11700,1.8201765625000002,0.371203125,0.4353046875000001,0.1934921875000001
11800,1.8213554687500002,0.3709062499999999,0.43362499999999987,0.19546874999999997
11900,1.8196117187500005,0.37047656249999983,0.43597656249999994,0.193546875
12000,1.8175437499999996,0.36987499999999995,0.43596874999999985,0.19415625000000003
12100,1.8149976562499999,0.368109375,0.4354296875000002,0.1964609374999999
12200,1.8149726562500001,0.36817968749999996,0.43613281249999986,0.1956875000000001
12300,1.8127015625000003,0.36766406249999994,0.43657031250000017,0.19576562500000014
12400,1.8155609375000001,0.36888281250000005,0.4358125000000001,0.1953046875
12500,1.8174648437499996,0.37059374999999994,0.4353281249999999,0.19407812499999996
12600,1.8205312500000002,0.37134375,0.4325078125000003,0.19614843749999997
12700,1.8220523437499998,0.372515625,0.43136718750000025,0.1961171875
12800,1.82305546875,0.3727343750000001,0.43239062500000003,0.1948750000000001
12900,1.8272874999999993,0.374921875,0.4300468749999998,0.19503125
13000,1.8275640624999991,0.3758046875000001,0.4296015624999999,0.19459374999999995
13100,1.8305929687499995,0.3777578125000001,0.42903906249999985,0.19320312500000011
13200,1.8362671874999998,0.3802265625000003,0.42514843750000014,0.194625
13300,1.8366757812500014,0.3814609374999999,0.42665625,0.19188281249999986
13400,1.83367578125,0.3804374999999998,0.4289843750000002,0.19057812500000001
13500,1.8311453124999992,0.3799843750000002,0.4305546875000002,0.18946093750000007
13600,1.833642968750001,0.3811249999999998,0.4292421875000001,0.18963281250000008
13700,1.83523984375,0.37979687500000014,0.42616406250000016,0.19403906250000003
13800,1.8392015624999993,0.3822499999999999,0.42408593749999995,0.1936640625
13900,1.841790625,0.3841249999999998,0.4228749999999999,0.19299999999999995
14000,1.8401343749999997,0.3824375000000001,0.42353906249999995,0.19402343750000003
14100,1.8426234374999992,0.38453906250000003,0.4220390625000002,0.193421875
14200,1.8400382812499996,0.38301562499999986,0.42539062500000024,0.19159375000000003
14300,1.8392632812499998,0.38246875,0.4248046875000001,0.19272656249999998
14400,1.83964453125,0.3833124999999999,0.4264375,0.19024999999999997
14500,1.8379164062500002,0.38204687499999995,0.42688281249999993,0.19107031250000003
14600,1.8388648437500001,0.38269531250000016,0.42467187499999987,0.1926328125
14700,1.83768125,0.3826328124999998,0.42662500000000003,0.19074218749999988
14800,1.8388914062499995,0.38304687500000006,0.42381250000000004,0.19314062499999998
14900,1.8362507812500006,0.3812265625000001,0.42524218749999987,0.19353125000000007
15000,1.8397749999999986,0.3818359375,0.4218437499999998,0.19632031250000007
15100,1.8420960937499997,0.3836875,0.42130468749999983,0.19500781250000004
15200,1.8430507812500005,0.3838906249999999,0.42249218750000017,0.1936171875
15300,1.843577343750001,0.3841015625,0.4225703125000001,0.193328125
15400,1.8427429687499999,0.385203125,0.42339843750000006,0.1913984375
15500,1.8475484375000006,0.3874296874999999,0.41953124999999986,0.19303906250000008
15600,1.8504179687499998,0.3889765624999999,0.41744531249999994,0.19357812499999993
15700,1.8538757812500006,0.39048437500000016,0.4151015625,0.19441406250000004
15800,1.8568812499999994,0.3907421875000001,0.4132890624999999,0.19596874999999997
15900,1.8568742187500002,0.3897187500000001,0.41253906250000016,0.19774218749999994
16000,1.8571968749999999,0.38988281250000006,0.41251562499999983,0.19760156250000005
16100,1.8547718750000002,0.3894453125,0.41567187499999997,0.19488281250000003
16200,1.8535453125,0.38903125000000005,0.4166484374999999,0.19432031249999995
16300,1.8526140624999998,0.3887265625000001,0.41631250000000014,0.19496093749999993
16400,1.853390625,0.3889453125000001,0.41645312500000004,0.19460156249999996
16500,1.8545398437500002,0.3901875,0.4173125,0.19249999999999998
16600,1.85777265625,0.39228124999999997,0.4158125000000001,0.19190625000000006
16700,1.8574312500000003,0.39199218750000014,0.41608593750000006,0.19192187500000016
16800,1.8555656249999997,0.39137499999999986,0.4170078124999999,0.19161718749999998
16900,1.8550023437499996,0.39095312500000007,0.417234375,0.1918125
17000,1.8556875000000006,0.3916718749999998,0.4167265625000002,0.1916015625
17100,1.8586343749999987,0.39225781249999997,0.4145703125000003,0.19317187500000008
17200,1.8611843749999997,0.3930625,0.41033593750000014,0.19660156250000002
17300,1.8605226562499995,0.39221874999999995,0.41110937499999994,0.19667187500000002
17400,1.862798437500001,0.3932890625,0.40917187499999985,0.1975390624999999
17500,1.8658593749999997,0.3944687499999999,0.40696875000000005,0.19856250000000006
17600,1.8681718750000005,0.39471875000000006,0.4061015625,0.19917968749999995
17700,1.8696851562499996,0.39536718749999994,0.4061015625,0.19853125000000008
17800,1.8684250000000002,0.3956328125,0.4065390624999999,0.197828125
17900,1.86815078125,0.39622656250000005,0.4080156250000001,0.1957578125
18000,1.8674203125000002,0.3963203125,0.41017187499999996,0.19350781250000007
18100,1.8678601562499997,0.39722656250000005,0.40893749999999995,0.1938359375
18200,1.8664710937500004,0.3950546875000001,0.4087734375000001,0.19617187499999988
18300,1.8651390625000004,0.39409375,0.40946875000000005,0.19643750000000004
18400,1.8656773437500003,0.39472656249999993,0.40817968750000017,0.19709374999999982
18500,1.8654507812499996,0.39448437500000005,0.4086484374999998,0.19686718749999996
18600,1.8670195312500004,0.3948515625000001,0.40504687500000014,0.20010156249999997
18700,1.8685781249999998,0.39618749999999986,0.40513281249999994,0.1986796875
18800,1.8687874999999998,0.3971093750000001,0.4065468749999999,0.19634375000000012
18900,1.87123828125,0.39760937499999993,0.40610156250000007,0.19628906249999983
19000,1.8732640624999997,0.3991406250000001,0.40586718749999967,0.19499218750000002
19100,1.87321015625,0.3992109375,0.4058203125,0.19496875000000005
19200,1.869608593750001,0.3979296874999999,0.407953125,0.1941171875
19300,1.8669492187499994,0.39562499999999984,0.4083125,0.19606249999999997
19400,1.8648234375000006,0.39471875000000023,0.41165624999999983,0.1936249999999999
19500,1.8657835937499998,0.3965625000000002,0.4123281250000001,0.19110937499999994
19600,1.8665484375,0.396109375,0.41180468750000015,0.19208593750000005
19700,1.8679960937500002,0.397734375,0.4126093750000001,0.18965625000000005
19800,1.8699804687500001,0.39831249999999974,0.40949218749999977,0.19219531249999997
19900,1.87250546875,0.3993281249999999,0.40841406250000006,0.19225781249999999
20000,1.8732007812500007,0.3998515625,0.40766406250000015,0.19248437500000004
20100,1.8768601562499991,0.40014062500000014,0.40227343749999983,0.1975859375
20200,1.8813703125,0.40192968749999985,0.39971875,0.1983515625
20300,1.8831484375000016,0.4027421874999999,0.39901562499999993,0.19824218750000008
20400,1.8835234374999996,0.4037109374999998,0.3992812500000001,0.19700781250000002
20500,1.8850851562500002,0.404546875,0.3996015625000002,0.1958515625
20600,1.8883445312499996,0.40475781249999987,0.39545312499999985,0.1997890625
20700,1.8869093749999992,0.40453124999999984,0.3977968749999999,0.19767187500000008
20800,1.88747578125,0.4050781250000002,0.3978124999999998,0.19710937499999992
20900,1.886759375,0.40513281250000005,0.39760156250000006,0.19726562500000003
21000,1.8889304687500006,0.40531250000000013,0.39503125000000006,0.19965625
21100,1.8905859375000003,0.4071953124999999,0.3953359375,0.19746874999999997
21200,1.8916437499999994,0.4062421874999998,0.39393749999999994,0.19982031249999993
21300,1.8896609375000006,0.40596874999999993,0.39648437500000006,0.19754687499999998
21400,1.89024140625,0.40596093749999995,0.3960546875000002,0.19798437499999996
21500,1.8877421875,0.40462499999999985,0.39860937500000004,0.19676562499999997
21600,1.8864726562499998,0.4046406249999999,0.39838281249999996,0.19697656250000015
21700,1.8862703124999995,0.4046406249999999,0.39765624999999993,0.197703125
21800,1.884392187500001,0.404015625,0.40089062499999994,0.19509374999999998
21900,1.8831726562500002,0.40210937500000005,0.40119531250000007,0.19669531250000005
22000,1.8837765624999994,0.4035703125,0.4006953125000001,0.19573437500000004
22100,1.8835039062499996,0.40426562500000013,0.40185937499999985,0.19387500000000008
22200,1.8830359375,0.4051328125,0.40235156250000026,0.19251562500000005
22300,1.88577421875,0.40565624999999994,0.39941406250000006,0.19492968750000003
22400,1.8887187500000011,0.4090859374999999,0.3990078125,0.19190625000000003
22500,1.8912976562499995,0.40980468750000004,0.398015625,0.1921796875
22600,1.8912898437499996,0.40998437500000007,0.39696093750000006,0.1930546875
22700,1.89060390625,0.40803125000000007,0.39675,0.1952187499999999
22800,1.8929179687500002,0.4101249999999999,0.39617187499999973,0.193703125
22900,1.893740625,0.4101718750000002,0.39607031250000024,0.1937578125
23000,1.8950101562499995,0.4111718749999999,0.3940468750000001,0.19478124999999996
23100,1.894271093749999,0.4113124999999999,0.39577343750000016,0.19291406250000004
23200,1.8944875,0.4097421875,0.3954453125,0.19481250000000003
23300,1.8926570312499995,0.40932812499999977,0.39735937500000007,0.1933125
23400,1.89268984375,0.410140625,0.39703906250000004,0.19282031250000006
23500,1.8929835937499992,0.4106093749999996,0.39567187500000006,0.19371875
23600,1.8919593750000003,0.4095781250000002,0.39711718749999986,0.1933046875
23700,1.8918164062500014,0.40921093750000004,0.3969374999999998,0.1938515624999999
23800,1.8915281249999996,0.40900781249999996,0.3967656249999998,0.19422656249999998
23900,1.8934195312500004,0.4103515625000002,0.39628906249999984,0.19335937500000003
24000,1.8952914062499997,0.4113281249999998,0.3948828125000001,0.19378906249999997
24100,1.8953484374999998,0.41116406250000004,0.3949843749999998,0.1938515624999999
24200,1.8987585937500004,0.4108671875000002,0.39127343750000004,0.19785937500000003
24300,1.8982828124999989,0.41096874999999994,0.3917187500000001,0.19731250000000003
24400,1.8990023437500005,0.41205468749999974,0.39263281250000015,0.1953125
24500,1.899695312500001,0.4132421875,0.39083593750000006,0.19592187500000005
24600,1.9040343749999995,0.41462500000000024,0.3888593749999999,0.19651562500000003
24700,1.9059101562499996,0.41626562500000003,0.3893671875,0.19436718750000004
24800,1.9054710937500008,0.4168984374999999,0.38960156250000005,0.19350000000000003
24900,1.9058648437500005,0.41790625000000003,0.39066406250000024,0.19142968750000006
25000,1.9078648437499999,0.41861718750000015,0.389796875,0.19158593749999997
25100,1.90818984375,0.4186015625,0.38972656250000004,0.19167187499999988
25200,1.9113874999999996,0.41956250000000006,0.3873984374999997,0.1930390625
25300,1.9113390625000015,0.4195625000000003,0.38646874999999986,0.19396875000000008
25400,1.9129023437500006,0.41897656250000004,0.38554687499999996,0.1954765625000001
25500,1.9138320312500003,0.42028125000000016,0.38471875000000005,0.19499999999999998
25600,1.9154703125000003,0.4215625,0.3845078125,0.1939296875
25700,1.9177406249999998,0.4227734375,0.38385937499999995,0.19336718749999998
25800,1.9189031250000006,0.42394531250000017,0.38207812499999994,0.1939765624999999
25900,1.9224656250000003,0.4249062500000002,0.380953125,0.19414062499999993
26000,1.9232710937500002,0.42607812500000003,0.38107031249999984,0.19285156249999996
26100,1.9208515624999998,0.4246171875000002,0.38197656250000017,0.19340624999999997
26200,1.9195328124999997,0.4232343749999999,0.38219531250000005,0.1945703125000001
26300,1.9175593750000008,0.42267968750000007,0.38372656250000015,0.19359374999999995
26400,1.9163945312500001,0.4213281250000002,0.3831250000000001,0.195546875
26500,1.9131718749999997,0.4205781249999999,0.38663281250000003,0.19278906250000005
26600,1.9118132812500004,0.4191953125000001,0.385859375,0.19494531250000008
26700,1.9137312500000003,0.42019531250000014,0.38476562499999994,0.19503906250000005
26800,1.9119874999999997,0.41946874999999983,0.38509374999999996,0.19543749999999996
26900,1.9108320312500005,0.41900000000000015,0.3866328125000001,0.19436718749999998
27000,1.9102976562499998,0.4189531249999998,0.38751562500000014,0.1935312499999999
27100,1.9112421875,0.4187421875000001,0.386328125,0.19492968750000012
27200,1.9104703124999998,0.4172578125000001,0.3842499999999999,0.19849218750000008
27300,1.9104687500000006,0.4163671874999998,0.38428125,0.19935156249999997
27400,1.9150171875,0.41904687499999965,0.38295312499999995,0.19799999999999995
27500,1.9174007812500002,0.42078906250000003,0.3821718750000001,0.19703906250000017
27600,1.9202187500000003,0.4226015625000001,0.3808984374999998,0.1965
27700,1.9203164062500002,0.4223125000000001,0.3817890624999999,0.19589843750000002
27800,1.9209960937499992,0.4230078125000001,0.3816796875000002,0.19531250000000008
27900,1.9178453124999992,0.42175781250000005,0.3848359375000002,0.19340625
28000,1.91684453125,0.42038281250000015,0.3840312500000001,0.19558593749999997
28100,1.9139273437500006,0.42052343750000015,0.3853828125000002,0.19409374999999998
28200,1.9157328125,0.4223203125,0.3855390625000002,0.19214062499999995
28300,1.9179117187499994,0.4233828125,0.3827187500000001,0.19389843749999994
28400,1.9213109374999997,0.42359375,0.3805937500000002,0.19581249999999997
28500,1.9218843750000003,0.4233359375000001,0.3802578125,0.1964062500000001
28600,1.92198203125,0.42406249999999984,0.3786093749999999,0.19732812500000005
28700,1.9220000000000006,0.42314843750000003,0.3783359375,0.19851562500000003
28800,1.9221148437499997,0.4234843750000001,0.3800703124999998,0.1964453125
28900,1.9196117187500001,0.42263281250000007,0.38364843750000005,0.1937187499999999
29000,1.9158242187500003,0.42110937499999995,0.3852656250000002,0.19362500000000005
29100,1.9124523437500003,0.4196093750000001,0.3885859374999997,0.1918046874999999
29200,1.9088804687499994,0.4184921874999997,0.39119531249999984,0.1903125
29300,1.9033453125000013,0.4153046875,0.393609375,0.19108593749999983
29400,1.9040078124999995,0.41497656250000003,0.3914921875000001,0.19353125
29500,1.9020585937500005,0.4131953124999998,0.39129687500000015,0.19550781249999996
29600,1.9031789062500002,0.41353906250000017,0.3895312500000001,0.19692968749999995
29700,1.9074453125000008,0.41540625000000025,0.38662499999999994,0.19796875
29800,1.9108351562499997,0.415171875,0.38380468750000013,0.20102343749999993
29900,1.9125695312500006,0.41537499999999994,0.38310156250000016,0.2015234375
30000,1.9148843750000006,0.41673437500000005,0.38092968749999995,0.2023359375
30100,1.9122296875000007,0.4154531249999999,0.3847421875,0.19980468750000005
30200,1.9068765624999997,0.41384374999999984,0.3884218749999999,0.197734375
30300,1.9044656249999996,0.4126874999999998,0.38972656250000004,0.19758593749999995
30400,1.9045703124999995,0.41411718750000004,0.39083593750000006,0.19504687500000006
30500,1.9054632812499992,0.4138125,0.38903906250000003,0.19714843750000008
30600,1.9074664062499997,0.41410937500000006,0.38829687500000004,0.19759375000000004
30700,1.90508671875,0.4136875000000001,0.38935156250000014,0.19696093750000002
30800,1.90314296875,0.4136015625,0.3901015624999998,0.19629687500000007
30900,1.9021468750000001,0.41272656250000006,0.3902187500000001,0.19705468750000002
31000,1.9045890624999993,0.41425781249999993,0.387984375,0.1977578125
31100,1.90447578125,0.4136875000000001,0.3891250000000001,0.1971875000000001
31200,1.9048148437499992,0.41460156249999996,0.38924218749999995,0.19615625
31300,1.9043171875000007,0.41442968750000014,0.38979687500000015,0.19577343749999998
31400,1.9034515624999997,0.413875,0.38934375000000015,0.19678125000000002
31500,1.9014468750000002,0.4131015625000002,0.3922109375,0.19468749999999993
31600,1.9011265625000007,0.4133984375000001,0.3931093749999999,0.1934921875
31700,1.9032375000000001,0.41453906250000006,0.39242968749999974,0.19303125000000002
31800,1.90173046875,0.4130703125000001,0.3920624999999997,0.19486718749999998
31900,1.9047968750000004,0.41400000000000015,0.39035937499999995,0.19564062499999996
32000,1.9075937499999995,0.415453125,0.3869921875000001,0.1975546875
32100,1.9059773437499996,0.4136328125000001,0.38708593749999987,0.19928125000000005
32200,1.90473671875,0.4135156250000002,0.3883828124999999,0.19810156250000002
32300,1.9028390625000005,0.4124687500000001,0.3898906249999999,0.19764062500000007
32400,1.9020359374999993,0.41246875000000016,0.3898515625000001,0.19767968750000003
32500,1.9026984374999987,0.4133671874999999,0.3902031249999998,0.19642968749999995
32600,1.901846875,0.41375000000000006,0.389421875,0.1968281250000001
32700,1.9015492187500003,0.41446093750000007,0.38925781249999986,0.19628125000000002
32800,1.8999656250000012,0.4141640625,0.3916875000000001,0.19414843750000002
32900,1.89896640625,0.41260937499999994,0.3929296875000001,0.19446093750000001
33000,1.9006640625,0.413921875,0.3908046875,0.19527343749999998
33100,1.9017109375,0.41374218749999997,0.3908203125000001,0.19543749999999996
33200,1.9044882812499997,0.41543749999999996,0.38879687500000004,0.19576562499999994
33300,1.9018039062500005,0.41375,0.3909062499999999,0.19534374999999995
33400,1.9030031250000008,0.4145390625,0.39021874999999995,0.19524218750000008
33500,1.9016148437499993,0.41435937499999986,0.39334374999999994,0.19229687500000006
33600,1.9006710937499995,0.41368750000000004,0.3938437500000001,0.19246875
33700,1.9002546875000006,0.41389062499999973,0.39417968750000015,0.19192968749999995
33800,1.8996578125,0.4139921875,0.3945624999999999,0.19144531250000002
33900,1.8969437500000004,0.412625,0.3968828125000002,0.19049218749999994
34000,1.8928367187500004,0.4108203124999998,0.39927343750000005,0.18990625
34100,1.8908484375000012,0.4094062500000001,0.399921875,0.190671875
34200,1.888921875,0.4083671875000004,0.3996953125000001,0.19193749999999998
34300,1.88454921875,0.4060390624999999,0.40170312500000005,0.19225781250000004
34400,1.8828374999999995,0.4049687500000001,0.4042031250000001,0.19082812500000002
34500,1.8825109374999995,0.40435156249999993,0.4039843749999999,0.19166406249999998
34600,1.8810601562499996,0.4029609375,0.4038906249999999,0.19314843749999994
34700,1.8815179687500014,0.4031874999999998,0.4025312500000001,0.19428125
34800,1.8827304687499997,0.4030937500000001,0.4013437500000002,0.19556250000000003
34900,1.8841992187499996,0.4042890625,0.40148437499999984,0.19422656249999992
35000,1.8851195312500009,0.40413281250000016,0.399578125,0.19628906249999994
35100,1.8865406250000005,0.4052890625000001,0.40049999999999997,0.1942109375
35200,1.8870218749999992,0.4056875000000001,0.399796875,0.19451562499999991
35300,1.88774375,0.40700000000000014,0.39870312500000005,0.19429687500000012
35400,1.8873476562500002,0.40642968750000025,0.39833593749999996,0.19523437500000007
35500,1.8879234374999996,0.40650781249999995,0.3980546875,0.1954375
35600,1.8875210937500002,0.4060390624999998,0.39765624999999993,0.1963046875
35700,1.88861328125,0.4062343750000003,0.3959765625,0.19778906250000006
35800,1.8913039062500003,0.407515625,0.39558593750000015,0.19689843749999983
35900,1.8928874999999998,0.40964062500000004,0.3956874999999999,0.19467187500000008
36000,1.8919546875000008,0.4093203125000003,0.39678906250000007,0.19389062499999998
36100,1.8903140625000001,0.4086328125,0.3981250000000002,0.19324218750000005
36200,1.8902507812499998,0.40891406250000006,0.3980078124999999,0.19307812499999988
36300,1.8896734375000002,0.4088984374999997,0.39800781250000017,0.19309374999999987
36400,1.8884906250000006,0.4072890625000004,0.39841406249999994,0.19429687499999998
36500,1.885959375000001,0.40672656249999994,0.4004531250000001,0.1928203125000001
36600,1.88468515625,0.40483593750000024,0.3997421874999999,0.19542187499999997
36700,1.8829289062499996,0.4035781249999999,0.40275,0.19367187500000002
36800,1.8802132812499992,0.4027968749999999,0.40438281249999974,0.19282031250000004
36900,1.8774742187499995,0.4024453125,0.40884375000000006,0.18871093750000004
37000,1.8757781249999999,0.40192187500000015,0.40831249999999986,0.18976562499999997
37100,1.8767132812499996,0.4030937499999999,0.4073515625,0.1895546875
37200,1.8773320312500004,0.40274999999999994,0.40620312499999983,0.19104687499999992
37300,1.8796593750000008,0.40339062499999995,0.40297656250000014,0.19363281250000006
37400,1.8817757812499998,0.4041250000000001,0.402890625,0.19298437499999996
37500,1.8817531250000004,0.40345312500000013,0.40122656250000016,0.1953203125000001
37600,1.8818421874999995,0.4031171875000001,0.4014296875,0.1954531249999999
37700,1.8808015624999992,0.40210156249999995,0.4010546875,0.1968437499999999
37800,1.88340625,0.4023671875000002,0.3985859375,0.19904687500000004
37900,1.8849250000000004,0.40271875,0.3973046875,0.19997656249999995
38000,1.8848625000000003,0.40208593749999993,0.3971796875000002,0.2007343749999999
38100,1.8855828125000003,0.4012890624999999,0.3980000000000001,0.20071093750000005
38200,1.882853125,0.4001875,0.39851562500000015,0.20129687500000013
38300,1.8827828125000003,0.40067968750000005,0.3982578125000001,0.2010624999999999
38400,1.8846796875000005,0.4015312500000002,0.39707031249999997,0.2013984375
38500,1.8839875000000001,0.40171875000000024,0.3979921875000001,0.20028906249999992
38600,1.8854484375000007,0.40389062500000006,0.39880468750000003,0.19730468750000016
38700,1.8875406250000006,0.40525781250000004,0.3976796875000001,0.19706249999999995
38800,1.8883765624999993,0.4067265624999998,0.3984531250000001,0.19482031250000006
38900,1.886893750000001,0.40529687499999983,0.39915625000000016,0.19554687499999995
39000,1.8846835937499995,0.40426562499999996,0.40039062500000017,0.19534374999999998
39100,1.8835054687500004,0.40310937500000005,0.4019296874999999,0.19496093750000007
39200,1.8833406250000009,0.40270312499999994,0.40082031249999994,0.19647656249999998
39300,1.884527343750001,0.4024375000000001,0.40046875,0.19709374999999998
39400,1.8842140624999997,0.4020625,0.4016093750000001,0.19632812499999996
39500,1.8855968749999996,0.4027421874999999,0.39979687499999983,0.19746093749999996
39600,1.886793750000001,0.40337499999999993,0.3983515624999999,0.1982734375000001
39700,1.8858585937500003,0.40348437500000006,0.3998515624999998,0.1966640625
39800,1.88579140625,0.4043671875,0.3997109375,0.19592187500000008
39900,1.8853984375000001,0.403625,0.3996562499999999,0.19671874999999997
40000,1.8848406249999994,0.4028750000000001,0.3994375000000002,0.19768750000000002
40100,1.8884890625000004,0.40478125000000015,0.3977578124999999,0.19746093749999988
40200,1.8907023437500006,0.40624999999999994,0.3974453125000001,0.19630468749999996
40300,1.8879468750000001,0.4050859374999999,0.3986015625000001,0.1963125
40400,1.88628046875,0.40385156250000004,0.3995937500000001,0.1965546875
40500,1.8847078125000007,0.4033515625,0.39899999999999997,0.1976484375
40600,1.8869257812499993,0.404703125,0.39860156249999995,0.1966953125
40700,1.8896179687500008,0.405203125,0.39731249999999996,0.19748437500000005
40800,1.8867023437500006,0.40357812500000007,0.39687500000000014,0.199546875
40900,1.8876054687499992,0.40382812499999976,0.39496875000000004,0.201203125
41000,1.8871031249999999,0.4035859374999999,0.39630468750000014,0.20010937499999987
41100,1.8862007812499995,0.40335156249999965,0.39680468750000003,0.19984375000000001
41200,1.886153125,0.4029921875000001,0.39670312500000016,0.20030468750000002
41300,1.8874023437500005,0.40360937500000016,0.3968046875000001,0.19958593749999995
41400,1.887485937499999,0.40449999999999986,0.3967343750000002,0.19876562500000008
41500,1.8851953125000007,0.4037031249999997,0.3989531250000001,0.19734374999999998
41600,1.8844421875,0.40299218750000004,0.39900000000000013,0.19800781250000005
41700,1.8852484375,0.40346875,0.39925000000000005,0.19728124999999994
41800,1.8864312500000004,0.4050156250000001,0.3987421874999999,0.19624218749999997
41900,1.88863046875,0.40590625000000025,0.396734375,0.19735937500000006
42000,1.8898539062499995,0.4063437499999997,0.3964140625,0.1972421874999999
42100,1.8901820312500006,0.4062734375,0.39555468750000017,0.19817187500000003
42200,1.8925914062499998,0.40720312500000017,0.3931250000000002,0.199671875
42300,1.8963859374999994,0.40850781250000007,0.3909296874999999,0.20056250000000003
42400,1.896472656250001,0.40779687500000006,0.39098437499999994,0.20121875
42500,1.9001679687499988,0.40941406250000006,0.3869921874999999,0.20359375000000013
42600,1.8992984375000002,0.41000000000000014,0.38889843749999997,0.2011015625
42700,1.8923632812500002,0.40677343750000017,0.3953984374999998,0.19782812500000002
42800,1.88746328125,0.40503125,0.3993046875,0.19566406249999999
42900,1.8833304687499997,0.40369531250000007,0.40172656249999983,0.194578125
43000,1.8807429687500004,0.4033437500000001,0.4049375,0.19171874999999994
43100,1.8817171875,0.4031093750000001,0.4034374999999997,0.19345312499999995
43200,1.883174218750001,0.40372656250000005,0.4015937499999998,0.19467968749999995
43300,1.8824148437499995,0.40353124999999995,0.4018750000000001,0.19459375
43400,1.8812039062500003,0.4022968750000001,0.40210156250000006,0.19560156249999996
43500,1.8796820312499996,0.4028828125,0.40396874999999977,0.19314843750000008
43600,1.8788281249999998,0.4029062499999998,0.40371874999999996,0.19337500000000007
43700,1.876382031249999,0.40180468750000004,0.4060312499999999,0.1921640625
43800,1.8755664062499995,0.4001874999999999,0.4057265625000001,0.19408593749999994
43900,1.8776429687499991,0.4016874999999998,0.4037734375000001,0.19453906250000008
44000,1.87724765625,0.40049218750000004,0.4033281250000001,0.19617968750000006
44100,1.8757632812500011,0.398859375,0.4045000000000001,0.19664062499999996
44200,1.8735304687500005,0.39879687499999994,0.40505468750000007,0.19614843750000008
44300,1.8712398437500006,0.39760156249999995,0.4081640625,0.194234375
44400,1.8709054687500006,0.3975468749999999,0.40685937499999997,0.19559374999999998
44500,1.8704203124999996,0.39753125000000006,0.4066328125,0.1958359375
44600,1.8676945312499997,0.395578125,0.4091328124999999,0.19528906249999994
44700,1.8678281250000015,0.3954765625,0.4093124999999999,0.19521093750000001
44800,1.8654539062499997,0.394078125,0.41057812500000024,0.19534375
44900,1.8655812499999997,0.39307031249999996,0.4087343750000001,0.1981953125
45000,1.8678398437499992,0.39534375000000016,0.4064296874999999,0.19822656249999993
45100,1.8753328125000004,0.39949218749999993,0.4022890625,0.19821875000000005
45200,1.8798671875000006,0.4013046875,0.3996718750000001,0.1990234375
45300,1.8828742187500005,0.40340624999999986,0.40036718749999983,0.19622656249999995
45400,1.883884375,0.40392968750000013,0.3996640624999999,0.19640625000000003
45500,1.8839382812499998,0.40429687500000017,0.4008359375000002,0.19486718749999993
45600,1.8812710937500001,0.4030156249999999,0.40175781250000003,0.19522656249999995
45700,1.8805484375000003,0.40239843750000004,0.4013515625,0.19625000000000004
45800,1.8799468749999992,0.4014374999999999,0.40053906250000015,0.19802343750000012
45900,1.8781335937499999,0.4007421874999999,0.40193750000000006,0.19732031249999998
46000,1.8763367187499986,0.40023437499999986,0.4024374999999999,0.197328125
46100,1.8784953125000003,0.40143750000000006,0.401421875,0.1971406250000001
46200,1.8801687500000004,0.40114062499999986,0.39999999999999997,0.198859375
46300,1.8777382812499999,0.40093749999999995,0.4037499999999999,0.19531250000000006
46400,1.8736929687500001,0.39928906249999985,0.4064218749999998,0.19428906249999991
46500,1.8688406250000007,0.3976562499999999,0.4105859375000001,0.19175781250000007
46600,1.8658031250000007,0.39697656249999985,0.41200000000000003,0.19102343750000014
46700,1.8650375,0.39583593750000007,0.4136093749999998,0.1905546875000001
46800,1.8621531249999996,0.3952890625,0.41629687499999996,0.18841406250000003
46900,1.8641078125000008,0.3964453125000002,0.41351562499999983,0.1900390625
47000,1.8653109375,0.3985703125000001,0.4134296874999998,0.188
47100,1.86371328125,0.3965234375,0.41523437499999993,0.18824218750000007
47200,1.86350234375,0.3965859375000001,0.414296875,0.1891171875
47300,1.8652226562500003,0.39635156250000003,0.410984375,0.19266406250000004
47400,1.8690828125000003,0.39696874999999987,0.407875,0.19515624999999992
47500,1.8728140624999998,0.39840625000000024,0.4035781250000002,0.198015625
47600,1.8754835937500005,0.3998906250000001,0.4029140625000001,0.1971953125
47700,1.8793039062500005,0.40188281250000013,0.40100781250000017,0.19710937500000003
47800,1.8798242187499994,0.4017265625000001,0.40314843750000007,0.19512499999999997
47900,1.8781468749999999,0.40055468749999995,0.40354687500000014,0.19589843750000008
48000,1.8809429687500003,0.4016875000000001,0.4020000000000001,0.19631250000000003
48100,1.8805679687500003,0.4007343750000001,0.40077343750000016,0.19849218750000014
48200,1.878703124999999,0.3987812500000001,0.40140625000000024,0.1998125
48300,1.8737632812500002,0.3976093749999998,0.40536718750000006,0.19702343749999998
48400,1.8719710937499998,0.3962734375,0.4068203124999997,0.19690625000000003
48500,1.8676734374999995,0.39453125000000017,0.4066250000000001,0.19884375000000004
48600,1.8663734374999994,0.3931406249999999,0.4077343750000002,0.199125
48700,1.8687476562499994,0.394515625,0.4069218749999999,0.19856249999999998
48800,1.8709195312499993,0.39631250000000007,0.4063593749999999,0.19732812499999988
48900,1.871278124999999,0.39656249999999993,0.4064140625000001,0.19702343749999998
49000,1.8699531250000003,0.39593750000000005,0.40760937500000005,0.19645312499999998
49100,1.8685546875000005,0.39605468750000017,0.4093515624999998,0.19459375
49200,1.8659546874999997,0.3946171875000001,0.4107890625,0.19459374999999995
49300,1.864697656250001,0.394203125,0.411578125,0.19421875000000008
49400,1.8617257812499997,0.39360156250000017,0.41225781250000004,0.19414062500000007
49500,1.8623265624999998,0.3918359375000002,0.4112578125000001,0.19690625
49600,1.8623695312500004,0.39165625000000015,0.4115468749999999,0.1967968750000001
49700,1.8626624999999999,0.39160937500000026,0.41059375000000015,0.197796875
49800,1.86390078125,0.39367187499999995,0.41128906249999997,0.1950390625
49900,1.8639375,0.39375000000000016,0.4119374999999999,0.19431249999999994
50000,1.8621789062500003,0.39362499999999995,0.4121328125,0.19424218749999997
50100,1.8636578124999996,0.3943984374999998,0.41067187499999996,0.19492968750000012
50200,1.8653656250000004,0.3951093749999999,0.4100234375,0.19486718750000007
50300,1.86609609375,0.39532031249999966,0.40936718750000006,0.19531250000000006
50400,1.8693203125000006,0.39613281250000015,0.4073515625,0.19651562500000017
50500,1.8668695312499999,0.39473437500000014,0.409609375,0.19565625
50600,1.8665187500000002,0.39399999999999996,0.4093515625,0.19664843749999997
50700,1.8615867187499995,0.3927109375,0.4130937500000003,0.19419531250000002
50800,1.85839765625,0.3931484374999999,0.41819531250000014,0.18865625000000003
50900,1.8616953124999995,0.39405468749999994,0.4127578125,0.19318750000000004
51000,1.8639523437499996,0.3935078124999999,0.41133593749999997,0.19515625000000006
51100,1.8675,0.3945390625,0.4077734374999997,0.1976875
