step,mean_aspect_ratio,fraction_elongated,fraction_round,fraction_binary
100,1.0,0.0,1.0,0.0
200,1.5413992187499999,0.08135937500000001,0.1815859374999999,0.7370546875000004
300,1.7034320312500004,0.1964687499999999,0.262671875,0.5408593749999999
400,1.7872734374999997,0.27863281249999994,0.31285937500000005,0.4085078124999999
500,1.8305515624999997,0.32926562499999995,0.3410468750000002,0.32968750000000013
600,1.8521414062499997,0.35721093749999977,0.3565859375,0.28620312500000017
700,1.8657132812499995,0.3748906249999999,0.3631328124999998,0.2619765624999999
800,1.8742367187500002,0.38608593749999986,0.36836718749999997,0.24554687500000005
900,1.8794257812500015,0.39339843750000003,0.37129687499999997,0.23530468749999991
1000,1.8834398437500008,0.39983593749999996,0.3740781250000002,0.22608593750000003
1100,1.8831890624999996,0.4020390625000001,0.37671093750000006,0.2212500000000001
1200,1.89007734375,0.40700781250000007,0.374203125,0.21878906250000005
1300,1.8937828125000007,0.410078125,0.3745937499999999,0.2153281250000001
1400,1.89875234375,0.413546875,0.3741406250000002,0.21231249999999996
1500,1.90223046875,0.4165312500000001,0.3724765624999999,0.21099218749999993
1600,1.9073179687500001,0.420546875,0.37060156250000015,0.2088515625
1700,1.9181789062499996,0.4249062499999997,0.3633515625,0.21174218750000004
1800,1.9288984375000007,0.43110937499999996,0.3565312499999999,0.21235937499999996
1900,1.9406859375000005,0.43724218750000005,0.35134375,0.21141406250000008
2000,1.9498093750000003,0.44344531249999997,0.3474374999999999,0.2091171875000001
2100,1.9618101562499999,0.450796875,0.34228124999999987,0.20692187500000017
2200,1.9701890625,0.4554999999999999,0.33990625000000024,0.20459375000000002
2300,1.9768812500000006,0.4599453124999999,0.3356875000000001,0.2043671875
2400,1.9840601562499998,0.4613359375,0.33044531250000003,0.20821875000000017
2500,1.9910296875000002,0.4647734374999998,0.32671875000000006,0.20850781250000003
2600,1.9952375000000009,0.46786718750000006,0.3265703124999999,0.20556249999999998
2700,1.9978757812500005,0.4687578124999998,0.3250156249999998,0.2062265625000001
2800,2.0000374999999995,0.4702343749999998,0.3257187500000002,0.20404687500000002
2900,2.001359375,0.4715390624999999,0.3247578125000001,0.2037031249999999
3000,2.0010843750000005,0.47155468750000007,0.3259765624999999,0.20246875
3100,2.000048437499999,0.4715703124999999,0.3257890625000001,0.2026406249999999
3200,2.0046664062500006,0.4746328125,0.3237265625000001,0.20164062500000005
3300,2.011765625,0.47665625000000017,0.31767187500000016,0.20567187500000003
3400,2.0179609375,0.48005468749999985,0.3158750000000001,0.2040703125
3500,2.0197320312500002,0.4836874999999999,0.3161406249999999,0.20017187500000003
3600,2.024542187499999,0.4867187500000001,0.31438281250000005,0.19889843749999997
3700,2.029187500000001,0.48972656250000013,0.3122890625,0.19798437500000007
3800,2.0354992187500005,0.4935390625,0.3094843750000001,0.19697656250000012
3900,2.042809375000001,0.49940624999999994,0.3062265625000001,0.19436718750000007
4000,2.0484429687500008,0.5031171875000001,0.3042734375,0.1926093749999999
4100,2.0498179687499993,0.5032343750000001,0.3041875000000001,0.19257812500000002
4200,2.0451429687499996,0.500640625,0.30843750000000014,0.19092187500000002
4300,2.04453359375,0.5011171875000002,0.30807031249999994,0.19081250000000002
4400,2.0438859375000002,0.499921875,0.3094140624999999,0.19066406250000006
4500,2.04580703125,0.5010625000000002,0.3069843750000001,0.19195312500000003
4600,2.049890625,0.5025859374999998,0.30532031249999997,0.19209375000000006
4700,2.05373359375,0.5045468750000003,0.30300781249999986,0.19244531250000005
4800,2.0562578124999993,0.5054843749999999,0.30142968750000004,0.19308593750000008
4900,2.059159375000001,0.5083203124999998,0.30074218750000015,0.19093749999999998
5000,2.0628273437500004,0.5091874999999999,0.2992578125000001,0.19155468750000001
5100,2.067007812500001,0.5111328125,0.2965468749999999,0.19232031249999998
5200,2.0696054687499994,0.5113359374999998,0.29492187499999994,0.19374218750000005
5300,2.0721710937499993,0.5137968750000002,0.29378125000000016,0.19242187499999996
5400,2.074728124999999,0.5156015625000001,0.2931015624999999,0.19129687500000003
5500,2.0761281249999985,0.5170468749999999,0.29270312499999995,0.19024999999999995
5600,2.0783695312499995,0.5180703124999998,0.2911406250000001,0.1907890625
5700,2.0806679687500003,0.5193515625000001,0.291390625,0.18925781250000004
5800,2.0849843749999994,0.5213593750000001,0.28817187500000013,0.19046875000000005
5900,2.085825781250001,0.522453125,0.28804687499999987,0.18950000000000003
6000,2.084957812500001,0.5219921875000001,0.2877500000000002,0.1902578124999999
6100,2.0853781249999996,0.5222031249999999,0.28732812499999993,0.19046875000000002
6200,2.0897289062500004,0.5233124999999998,0.2830703125,0.19361718750000004
6300,2.09430625,0.5263046874999999,0.2818515625000001,0.19184374999999992
6400,2.0948109374999992,0.5262812500000003,0.28412499999999996,0.18959375000000006
6500,2.093859375000001,0.5264062500000002,0.2845703125,0.18902343749999995
6600,2.0938109375,0.5265156249999999,0.28365624999999994,0.18982812500000001
6700,2.095225781249999,0.5278281250000001,0.2835937500000001,0.18857812500000004
6800,2.097110937500001,0.5292656249999996,0.28235156250000015,0.1883828125000001
6900,2.097953125,0.5300859375,0.2817578125,0.18815625
7000,2.0992601562499993,0.5299765625,0.2820312499999999,0.18799218749999985
7100,2.1028203125,0.5325703125000003,0.2793515625,0.18807812499999998
7200,2.1060742187499994,0.5344999999999999,0.27611718749999997,0.18938281250000008
7300,2.1085773437499995,0.5344765625000001,0.27268749999999997,0.1928359375000001
7400,2.11472109375,0.5371171874999998,0.2697031249999999,0.19317968749999995
7500,2.118550781249999,0.5389921874999999,0.26903124999999994,0.19197656249999992
7600,2.1222453125000005,0.540921875,0.26692187500000003,0.19215625000000006
7700,2.1278718750000003,0.5450078124999999,0.2650625,0.18992968750000008
7800,2.1318953124999998,0.5478437500000001,0.26325,0.18890625000000005
7900,2.133760156249999,0.549125,0.2616953125,0.18917968749999997
8000,2.136732031250001,0.5510078124999999,0.26183593749999995,0.18715625000000002
8100,2.1356187499999995,0.55065625,0.26326562499999995,0.18607812499999998
8200,2.1329812500000003,0.5497578125000002,0.2646796874999999,0.18556250000000007
8300,2.1315742187499995,0.5486874999999997,0.26622656250000004,0.1850859374999999
8400,2.130639843750001,0.5485546875,0.26773437499999997,0.18371093750000006
8500,2.1315359375,0.5495859374999998,0.2673984375000001,0.1830156250000001
8600,2.1318828125000002,0.5494609375000004,0.265640625,0.18489843750000007
8700,2.1334445312500003,0.5505625,0.26405468749999994,0.18538281249999988
8800,2.1358648437500003,0.5517265625000001,0.2625390625,0.185734375
8900,2.1374523437499997,0.5523124999999997,0.26324218750000006,0.18444531249999999
9000,2.1410265625000013,0.5521953125000002,0.26004687500000007,0.18775781250000004
9100,2.1426374999999993,0.55359375,0.25911718749999996,0.18728906250000002
9200,2.1440320312500014,0.5555000000000001,0.2598359375,0.18466406250000003
9300,2.144288281250001,0.5570546875,0.2601484375,0.182796875
9400,2.1452226562499987,0.5578281250000001,0.2600312500000001,0.18214062499999994
9500,2.145391406250001,0.5577109375000001,0.2596171875,0.182671875
9600,2.1472250000000006,0.5582265624999999,0.2576953125,0.1840781250000001
9700,2.1473750000000007,0.5586328124999997,0.2578593750000001,0.18350781249999995
9800,2.1479617187500004,0.557421875,0.2574296874999999,0.18514843750000004
9900,2.1505281249999997,0.5578203125000002,0.2548984375,0.1872812499999999
10000,2.152408593749999,0.5593984375000001,0.2556953125,0.18490625
10100,2.154385937500001,0.561234375,0.25596875,0.18279687499999994
10200,2.1531976562500015,0.5611015625,0.2567968749999999,0.18210156249999995
10300,2.1533265624999998,0.5625234374999998,0.2570234375,0.18045312500000002
10400,2.15703828125,0.5635156250000003,0.25428906249999983,0.18219531249999998
10500,2.1577953125000007,0.5637890625000002,0.2533125,0.18289843750000007
10600,2.1617648437499994,0.5654453125000001,0.2507890625,0.18376562499999996
10700,2.1661078124999995,0.5676874999999999,0.2480859375000002,0.18422656250000005
10800,2.167204687500001,0.5687656249999999,0.24825781249999995,0.1829765624999999
10900,2.16603203125,0.5671015624999999,0.24869531249999993,0.18420312499999997
11000,2.1642054687499996,0.5666093750000002,0.2502968750000001,0.18309375
11100,2.1658929687499993,0.5680390625,0.24773437499999998,0.18422656249999997
11200,2.1699156250000002,0.5691484375000002,0.2459765625,0.18487500000000007
11300,2.1728968749999993,0.5716328125000002,0.24677343750000005,0.18159374999999991
11400,2.1713625000000008,0.5728203124999999,0.2477343750000001,0.17944531249999998
11500,2.1719851562499994,0.5729296874999997,0.2469218750000001,0.1801484375
11600,2.1721320312499994,0.5727265625000003,0.24582031250000003,0.18145312499999997
11700,2.1760710937499996,0.5746640625000002,0.24464843749999998,0.18068749999999997
11800,2.1784843750000005,0.5757265625000002,0.2427265625,0.18154687499999997
11900,2.1819585937499997,0.5766640625,0.24157031249999997,0.18176562500000007
12000,2.1809867187499994,0.5768593750000001,0.24171875000000007,0.18142187500000007
12100,2.1796203125000004,0.5762812500000001,0.24295312500000008,0.18076562499999996
12200,2.1760710937500005,0.5745312500000002,0.24636718750000003,0.17910156249999998
12300,2.1725781249999994,0.5725156249999999,0.24768749999999998,0.17979687500000013
12400,2.1699851562500005,0.5711796875,0.24932031250000009,0.17950000000000008
12500,2.1680835937500005,0.5693046875000001,0.24868749999999995,0.18200781249999998
12600,2.1714960937500005,0.5707734375000001,0.24742187499999999,0.18180468749999998
12700,2.172453906250001,0.5713046874999997,0.24591406249999984,0.18278124999999998
12800,2.170946093749999,0.5702265624999998,0.2479921875,0.18178125
12900,2.1715468749999993,0.5702812500000001,0.24629687499999997,0.18342187500000004
13000,2.1730734375,0.5712265624999999,0.2454296875000001,0.18334375000000003
13100,2.175639062500001,0.572609375,0.24442187499999998,0.18296874999999996
13200,2.17880625,0.5744218749999999,0.24232031250000005,0.18325781249999995
13300,2.1768648437499993,0.5732031249999999,0.24485156250000012,0.1819453125
13400,2.1764554687500004,0.5745546875000002,0.2453359375,0.180109375
13500,2.1765398437500005,0.5748359375,0.2450156250000001,0.1801484375
13600,2.175883593749999,0.5742890625000001,0.2448749999999999,0.18083593749999993
13700,2.1766726562499996,0.5760390625000001,0.2463984374999999,0.17756249999999996
13800,2.1789468750000007,0.5777109375000001,0.24432031249999997,0.17796874999999998
13900,2.1813195312499993,0.5778203124999998,0.241328125,0.18085156249999998
14000,2.18532890625,0.5792656249999998,0.23872656250000002,0.1820078125
14100,2.189384375000001,0.5815156250000001,0.235921875,0.18256249999999996
14200,2.1935484375,0.5836953125000001,0.23439062500000005,0.18191406250000003
14300,2.1940625000000002,0.584203125,0.23452343749999996,0.18127343750000008
14400,2.1951906249999995,0.5846406249999999,0.23466406250000002,0.18069531249999998
14500,2.1936843750000006,0.5846328125000002,0.2351796875,0.1801875
14600,2.1905312500000007,0.5829453125000001,0.2378828125,0.17917187499999998
14700,2.1870140625000016,0.5814687499999998,0.23985156250000006,0.17867968750000002
14800,2.1844296875,0.580078125,0.24118749999999997,0.17873437499999983
14900,2.182279687500001,0.5787421875,0.24289062500000008,0.1783671875000001
15000,2.1850984375000007,0.5807031250000001,0.24261718750000003,0.1766796875
15100,2.1867937500000005,0.5813984374999999,0.24062499999999995,0.17797656250000002
15200,2.1888406249999997,0.5830078125,0.23942187499999992,0.17757031249999994
15300,2.1922523437500003,0.5850546875,0.23785156250000003,0.17709375000000002
15400,2.1938249999999995,0.5869296875000001,0.2361874999999999,0.17688281250000004
15500,2.19775625,0.5884687500000001,0.23364843750000008,0.17788281250000013
15600,2.200242187499999,0.5896171874999999,0.23145312499999993,0.17892968750000007
15700,2.20384296875,0.5918359375,0.23032031250000004,0.1778437499999999
15800,2.2095531250000002,0.5943984374999997,0.22740625000000012,0.17819531249999992
15900,2.2105828124999998,0.595609375,0.22777343749999998,0.1766171875
16000,2.2097085937500007,0.5952578124999998,0.22807031250000012,0.17667187499999992
16100,2.20667265625,0.5931171875,0.2304765625000001,0.17640625
16200,2.2078437500000003,0.594015625,0.22908593750000006,0.1768984375000001
16300,2.211360937499999,0.5970234375000002,0.2265234375,0.17645312499999985
16400,2.2149078124999995,0.5977656250000001,0.22296875000000008,0.17926562500000004
16500,2.21784765625,0.5996640625000002,0.22213281250000005,0.17820312499999988
16600,2.220829687500001,0.6009296875000001,0.219875,0.17919531250000006
16700,2.224596874999999,0.6020390624999998,0.21763281250000002,0.180328125
16800,2.2255718749999995,0.6031171874999998,0.21882031249999997,0.17806250000000004
16900,2.224823437500001,0.6037578124999999,0.22090625000000003,0.1753359375
17000,2.224290625000001,0.6042187500000001,0.22068750000000015,0.17509375000000005
17100,2.222190625000001,0.6021953125000002,0.2223359375,0.17546875
17200,2.22035859375,0.6013671875000002,0.22380468750000002,0.1748281250000001
17300,2.2202484375000004,0.6008984375,0.22256249999999997,0.17653906250000004
17400,2.22339453125,0.6025624999999996,0.22098437500000007,0.176453125
17500,2.2239960937499994,0.6030859374999997,0.22011718750000006,0.176796875
17600,2.22772734375,0.6052343749999999,0.21768749999999992,0.177078125
17700,2.2336625000000003,0.6083671875000001,0.21510156249999993,0.17653125
17800,2.23688359375,0.6101406249999998,0.2123515625,0.17750781249999997
17900,2.2355109374999995,0.6085234375000002,0.21407812500000006,0.17739843749999995
18000,2.23619375,0.6091250000000001,0.21301562499999996,0.177859375
18100,2.23655546875,0.6091640625000002,0.21211718750000003,0.17871875
18200,2.2393484375000003,0.6109140625000001,0.21139062500000003,0.17769531249999995
18300,2.24438515625,0.6135703125000003,0.20890625000000013,0.1775234374999999
18400,2.2435617187500005,0.6138203125,0.21051562500000012,0.17566406249999997
18500,2.2395335937499996,0.61190625,0.213203125,0.17489062499999994
18600,2.2364156249999994,0.6101953124999999,0.21549999999999994,0.17430468750000006
18700,2.23426875,0.6092343750000001,0.21643750000000006,0.17432812500000003
18800,2.23384375,0.6080625000000001,0.21550000000000014,0.1764375
18900,2.2347375,0.6079453125000002,0.21570312500000005,0.17635156250000003
19000,2.2332359375000004,0.6072968750000001,0.21689843750000007,0.17580468750000008
19100,2.2306562499999996,0.60675,0.21785156249999996,0.1753984374999999
19200,2.2329375,0.6067968750000001,0.21542968750000005,0.1777734374999999
19300,2.23679375,0.6076953125000002,0.21302343750000013,0.17928125
19400,2.2370226562500006,0.6093125000000001,0.21277343750000002,0.17791406249999994
19500,2.2347523437500016,0.6083281249999998,0.214828125,0.17684374999999994
19600,2.2338218750000003,0.6082109375,0.215671875,0.17611718749999988
19700,2.2326929687499986,0.6075390625,0.21623437500000003,0.17622656250000004
19800,2.2347382812500007,0.6087031249999999,0.21497656250000013,0.1763203125
19900,2.236782031249999,0.609265625,0.21446093750000003,0.1762734375
20000,2.235300000000001,0.6097109374999998,0.2155390625000001,0.17475
20100,2.235021093750001,0.6084999999999997,0.2156328125,0.17586718750000002
20200,2.233392968749999,0.6082031250000003,0.21632812500000004,0.17546875000000003
20300,2.234878125,0.6083671874999997,0.2141484375,0.177484375
20400,2.236164062500001,0.6091328124999998,0.21419531250000004,0.17667187500000003
20500,2.2367484375000015,0.6097421875000003,0.21446874999999996,0.1757890625
20600,2.2371156249999995,0.6098203125000001,0.21375000000000002,0.17642968749999993
20700,2.2341601562499993,0.608171875,0.21555468750000004,0.17627343750000005
20800,2.2327390624999994,0.6075624999999999,0.2171484375,0.17528906250000004
20900,2.2336687499999988,0.6086796875000002,0.2154296874999999,0.17589062500000002
21000,2.2332953125,0.6091093750000002,0.2172734375,0.17361718750000002
21100,2.23500390625,0.6098671874999998,0.2160859375000001,0.17404687499999996
21200,2.2375796875000002,0.6114296874999999,0.21529687500000005,0.17327343749999993
21300,2.2337085937500007,0.6104765625,0.21785937500000008,0.1716640624999999
21400,2.2311140624999988,0.6077890625000001,0.2178984375,0.17431250000000004
21500,2.23306171875,0.6086015625,0.21560156250000004,0.17579687499999994
21600,2.2318625,0.6075156249999999,0.21623437499999998,0.1762499999999999
21700,2.2320210937500002,0.6075078124999997,0.21712499999999987,0.17536718750000002
21800,2.2327718750000005,0.6084062499999997,0.2166874999999999,0.17490624999999996
21900,2.233805468750001,0.6086171874999997,0.216703125,0.1746796875
22000,2.23437265625,0.6099843749999999,0.2167890625,0.17322656250000004
22100,2.23555078125,0.6109609374999998,0.21623437500000003,0.17280468750000008
22200,2.2358374999999993,0.6100390625000001,0.2154921875,0.1744687500000001
22300,2.234480468749999,0.6101796875,0.21688281250000005,0.1729375
22400,2.234467187499999,0.6097499999999999,0.21605468749999995,0.17419531249999998
22500,2.2373078124999988,0.6106562500000001,0.21493750000000003,0.17440625
22600,2.2390609374999997,0.6107499999999999,0.21271874999999996,0.17653124999999992
22700,2.23764765625,0.6099453125000001,0.21366406249999997,0.17639062499999997
22800,2.23567734375,0.609046875,0.2163046875,0.17464843750000006
22900,2.23615234375,0.6092968749999997,0.2146328124999999,0.17607031250000005
23000,2.236917968750001,0.6096718749999999,0.2147187500000002,0.17560937499999998
23100,2.2384343749999998,0.6098359375000003,0.21303124999999992,0.17713281249999996
23200,2.24180703125,0.6107734375,0.21088281250000002,0.17834374999999997
23300,2.2432289062500015,0.6124765625,0.21131249999999996,0.17621093750000003
23400,2.2440429687499996,0.613640625,0.21161718749999986,0.1747421875
23500,2.243511718750001,0.6127031250000003,0.21267187500000004,0.174625
23600,2.245122656250001,0.6146953124999998,0.2107343749999999,0.17457031250000002
23700,2.2449898437499995,0.6143750000000001,0.21103125000000014,0.17459375
23800,2.2413914062499996,0.6119296875,0.21263281250000002,0.17543749999999994
23900,2.2383835937499996,0.6114062499999999,0.21607031250000006,0.1725234375000001
24000,2.23611171875,0.609546875,0.21762500000000007,0.17282812500000003
24100,2.2376078124999994,0.6095078125,0.21503125000000003,0.17546093749999994
24200,2.2395968749999997,0.6106484375000003,0.21347656249999997,0.17587500000000006
24300,2.2394617187500008,0.6099609375000005,0.2123906249999999,0.17764843749999998
24400,2.241782812499999,0.6108359374999999,0.21185156249999992,0.1773125
24500,2.2452101562499998,0.6115390624999999,0.20875,0.17971093750000003
24600,2.2468835937500002,0.6130859374999998,0.2084765624999999,0.1784375
24700,2.2516617187500003,0.61578125,0.20506250000000004,0.17915625000000004
24800,2.2546031250000005,0.6175468750000002,0.20467187499999998,0.17778125000000017
24900,2.2543195312500006,0.6176484375000003,0.20538281250000004,0.17696875000000004
25000,2.2527718749999996,0.6164531249999999,0.20600000000000004,0.17754687499999994
25100,2.249439062500001,0.6154062499999999,0.20757031250000002,0.1770234374999999
25200,2.248207812500002,0.6149453125000003,0.207984375,0.17707031249999997
25300,2.2471437499999998,0.6144687500000001,0.20901562499999993,0.176515625
25400,2.24744609375,0.6149296874999998,0.2095703125000001,0.17550000000000013
25500,2.2485562499999996,0.6156562499999999,0.20900781249999992,0.1753359375000001
25600,2.2476101562500004,0.6141093749999997,0.21016406250000005,0.17572656249999996
25700,2.246624218750001,0.6136640624999996,0.2101640625,0.17617187500000006
25800,2.2443734374999993,0.6131328125000001,0.21196874999999998,0.17489843749999992
25900,2.24219765625,0.612203125,0.21396093750000003,0.17383593749999993
26000,2.2431171874999998,0.613015625,0.21299218749999999,0.17399218750000006
26100,2.2461156250000003,0.6140937500000003,0.20907031249999997,0.17683593749999998
26200,2.248460156249999,0.6163203125,0.20700781250000003,0.17667187499999995
26300,2.2517828124999997,0.6182500000000002,0.2064140625,0.17533593749999996
26400,2.2543359375,0.6197578125000001,0.20417968749999998,0.1760625000000001
26500,2.2553750000000004,0.6207812499999998,0.20461718749999994,0.17460156249999997
26600,2.2594210937499994,0.6232734374999997,0.20315625000000004,0.17357031250000007
26700,2.2576374999999986,0.6207578124999998,0.20296093750000005,0.17628124999999997
26800,2.256403125,0.620640625,0.20582812499999992,0.17353125
26900,2.2569796875000003,0.620703125,0.2042656249999999,0.17503125000000005
27000,2.2599507812499997,0.6211796875,0.20113281250000006,0.17768750000000014
27100,2.26157421875,0.6217968749999997,0.20098437499999997,0.17721875
27200,2.262500781250001,0.6224921874999999,0.20081250000000003,0.1766953125
27300,2.2648414062499995,0.6239531249999996,0.20023437499999994,0.17581249999999998
27400,2.266683593750001,0.6248281250000002,0.19823437500000007,0.17693749999999986
27500,2.269484375,0.6257343750000001,0.19639062499999993,0.17787499999999998
27600,2.2688375000000005,0.6260937499999999,0.19725781250000005,0.1766484375
27700,2.26734921875,0.6255624999999998,0.19858593750000003,0.17585156250000006
27800,2.2674546875000003,0.6244843750000001,0.19748437500000007,0.17803125000000006
27900,2.2660500000000012,0.623515625,0.197609375,0.178875
28000,2.2652296875000006,0.6234921875,0.1986015625,0.17790624999999996
28100,2.2621015624999994,0.6218281250000001,0.20041406249999996,0.17775781250000006
28200,2.26432578125,0.6229609375,0.1995234375,0.17751562499999998
28300,2.2643414062499994,0.6233125,0.19998437500000005,0.17670312500000002
28400,2.2624734374999993,0.6221640624999998,0.20101562500000003,0.17682031249999997
28500,2.2621999999999995,0.6219609375,0.20048437499999996,0.17755468749999986
28600,2.2605890625000016,0.6211562500000001,0.19994531250000003,0.17889843749999995
28700,2.256481250000002,0.6196093750000004,0.20431249999999992,0.17607812500000006
28800,2.2553000000000005,0.6190781250000001,0.20648437500000003,0.17443750000000002
28900,2.253594531250001,0.6190156250000001,0.20753906249999987,0.17344531249999995
29000,2.253021875,0.6185625000000002,0.20725000000000002,0.1741875
29100,2.2521187499999997,0.6169218750000002,0.20621875,0.176859375
29200,2.2547554687499995,0.6179453125000002,0.20514062499999994,0.1769140624999999
29300,2.254959375,0.6183828125,0.20535937500000004,0.17625781250000003
29400,2.2546429687500007,0.6184374999999999,0.20557031249999996,0.17599218750000004
29500,2.2558296875,0.6200000000000002,0.20455468749999992,0.17544531249999998
29600,2.256156249999999,0.6193125,0.2044453125,0.17624218750000004
29700,2.2575562500000013,0.6202812499999999,0.20389062499999996,0.17582812499999997
29800,2.257141406249999,0.6184921874999998,0.20287499999999997,0.17863281249999993
29900,2.2565804687499997,0.6186250000000001,0.203625,0.17775000000000013
30000,2.2554890625,0.6178203125000001,0.204125,0.17805468749999998
30100,2.2540640624999995,0.61703125,0.20603125000000008,0.17693749999999997
30200,2.2519523437500006,0.615359375,0.20717187500000003,0.17746875000000006
30300,2.2492562500000006,0.6145312500000001,0.20791406249999994,0.17755468750000009
30400,2.24880546875,0.6126718749999998,0.20798437499999997,0.1793437500000001
30500,2.2508140625000004,0.6146328124999999,0.20716406249999983,0.178203125
30600,2.249767968750001,0.6138359375,0.20771874999999998,0.17844531249999998
30700,2.2482539062499995,0.6133593749999998,0.2081015625,0.17853906250000004
30800,2.248868750000001,0.613140625,0.2078359374999999,0.1790234375
30900,2.2494750000000003,0.6132187500000004,0.20725000000000002,0.1795312499999999
31000,2.2531898437499995,0.6154531250000005,0.2040625,0.18048437499999995
31100,2.2565148437500007,0.6173046875000002,0.2031953125,0.1795
31200,2.2569140625,0.6184531250000002,0.20194531250000003,0.17960156250000003
31300,2.2599843750000006,0.6206718750000001,0.20142968750000012,0.17789843749999995
31400,2.2615070312499994,0.6202031249999999,0.20016406250000007,0.1796328125
31500,2.2592749999999997,0.6191328125,0.20180468750000005,0.1790625
31600,2.2581718750000013,0.6191093749999997,0.2032812500000001,0.17760937499999999
31700,2.2585101562499985,0.6195000000000002,0.20308593750000004,0.1774140624999999
31800,2.2596601562499994,0.6189843750000001,0.20195312499999998,0.17906250000000007
31900,2.2569054687500008,0.6178359374999997,0.20487500000000003,0.1772890625
32000,2.2522898437500003,0.6166015625,0.20669531249999998,0.17670312500000007
32100,2.2475812499999996,0.61409375,0.2091484375,0.17675781249999997
32200,2.2473843749999993,0.6127265624999999,0.21000781249999997,0.17726562500000007
32300,2.2453023437500006,0.6120781250000004,0.21008593750000004,0.17783593750000004
32400,2.245221875000001,0.6121874999999999,0.21020312500000002,0.177609375
32500,2.2471539062499994,0.6131953125,0.2081953125,0.17860937499999996
32600,2.2498960937499994,0.6142031249999997,0.20669531250000006,0.17910156249999998
32700,2.2500851562500004,0.615359375,0.2072578125,0.17738281250000004
32800,2.25027265625,0.6169687499999997,0.20842968750000004,0.17460156249999997
32900,2.2487484374999998,0.6165390624999999,0.20899999999999994,0.1744609375000001
33000,2.2504257812500006,0.6176093750000001,0.207765625,0.174625
33100,2.25193203125,0.6174921875000002,0.20789843749999995,0.17460937499999996
33200,2.252352343750001,0.6187578125,0.20786718750000005,0.17337500000000008
33300,2.253928906249999,0.6198046875000005,0.2069609374999999,0.17323437500000005
33400,2.255011718749999,0.6203359375,0.20612499999999992,0.17353906249999992
33500,2.25442734375,0.6198515625000002,0.20723437499999997,0.17291406249999997
33600,2.255208593750001,0.6199218750000001,0.2063203125000001,0.17375781250000005
33700,2.2538132812500007,0.6196015625000001,0.20778906249999995,0.172609375
33800,2.2557609375000003,0.6211406250000003,0.20613281249999998,0.17272656249999996
33900,2.25873203125,0.6226796875000004,0.20430468749999992,0.173015625
34000,2.2600179687500006,0.6219531250000001,0.20164062499999996,0.1764062499999999
34100,2.26015859375,0.6212500000000001,0.2018515625,0.1768984375000001
34200,2.2577078125,0.6209765625000002,0.20441406249999997,0.17460937499999998
34300,2.2581421875000003,0.6211484375000002,0.20387500000000003,0.17497656249999993
34400,2.259213281249999,0.6225078124999999,0.20329687499999996,0.17419531250000003
34500,2.260327343750001,0.6222812500000002,0.20233593749999984,0.17538281249999993
34600,2.2631273437500017,0.62284375,0.200484375,0.176671875
34700,2.261949999999999,0.6225624999999999,0.20159375000000004,0.17584375000000002
34800,2.2608609375000004,0.6225156250000005,0.20278906250000003,0.17469531249999995
34900,2.2597164062499995,0.6218203125000001,0.20323437499999994,0.1749453125
35000,2.2590914062499996,0.621609375,0.20303906249999998,0.17535156250000003
35100,2.2593437500000007,0.6219140625000004,0.20303125,0.17505468749999994
35200,2.260543750000001,0.62353125,0.20324999999999993,0.17321875000000003
35300,2.2589226562499998,0.6213046874999998,0.20407031250000002,0.17462500000000006
35400,2.2589601562499984,0.6221328125,0.2037578124999999,0.17410937499999996
35500,2.26285234375,0.6232109375000001,0.20158593749999987,0.17520312499999993
35600,2.2636343750000014,0.6243593750000002,0.2000625000000001,0.17557812500000006
35700,2.2628726562500003,0.6237734375000004,0.19973437499999996,0.1764921875
35800,2.26117265625,0.6232187500000003,0.20239843749999997,0.17438281249999996
35900,2.262985156249999,0.623625,0.2002968750000001,0.17607812500000003
36000,2.2620039062500013,0.6233125000000002,0.20192187500000003,0.17476562499999998
36100,2.2636578125000004,0.6241015625000002,0.20002343750000007,0.17587500000000003
36200,2.263215624999999,0.6238203125,0.20221874999999997,0.17396093750000005
36300,2.26261875,0.6228359374999998,0.20221093750000002,0.17495312500000001
36400,2.259700000000001,0.6219453124999997,0.2032578124999999,0.17479687500000002
36500,2.2585585937500006,0.6219140625,0.20309375000000007,0.1749921875
36600,2.25849140625,0.6223124999999997,0.20382031250000002,0.1738671875
36700,2.259453125,0.6230624999999999,0.2033984375000002,0.1735390625
36800,2.2630210937499986,0.6255234375000003,0.20077343749999993,0.17370312499999999
36900,2.2674867187500003,0.6273749999999997,0.19932812499999988,0.17329687500000002
37000,2.2684367187500003,0.6276484375,0.19939062500000007,0.1729609375
37100,2.26956640625,0.6281875000000002,0.19770312500000004,0.1741093750000001
37200,2.269303125,0.6282499999999999,0.19792968750000003,0.17382031249999982
37300,2.267296875000001,0.6261640624999999,0.19879687499999998,0.17503906250000006
37400,2.2664671875000004,0.6256796875,0.19952343750000004,0.17479687499999988
37500,2.2662984375000006,0.6258984374999998,0.19991406249999988,0.1741875
37600,2.26443359375,0.6248749999999998,0.20146093750000002,0.1736640625
37700,2.259477343750001,0.6219687500000002,0.20486718749999996,0.17316406249999994
37800,2.25758125,0.6205703125,0.2048125,0.17461718750000008
37900,2.2557265625,0.6193203125000001,0.2057187500000001,0.1749609375
38000,2.2515359375,0.6172734375000001,0.2073984375,0.17532812499999992
38100,2.2505929687499986,0.616578125,0.20842968750000007,0.17499218749999998
38200,2.2484679687499995,0.6149375000000002,0.21018749999999997,0.17487500000000006
38300,2.2455773437500004,0.6131640624999998,0.21089843749999992,0.1759375
38400,2.2438179687499997,0.6119687500000002,0.21196093749999997,0.17607031250000002
38500,2.240028125,0.6096874999999997,0.21427343749999997,0.17603906249999998
38600,2.2370984375000007,0.6087656249999999,0.21511718749999997,0.17611718749999997
38700,2.2398937500000007,0.6093203125,0.21254687499999997,0.17813281249999996
38800,2.2404765625000005,0.6094062500000001,0.2133750000000001,0.17721875000000015
38900,2.2412476562499997,0.6096953125000003,0.2129296875,0.17737499999999992
39000,2.2411328125,0.6096953124999998,0.21258593750000004,0.17771875000000004
39100,2.2427960937500004,0.6093749999999998,0.21039062500000014,0.18023437499999995
39200,2.244859375,0.6114453124999999,0.2095703125,0.17898437500000014
39300,2.2493265625000003,0.6131093749999996,0.2065859375,0.1803046875
39400,2.2505499999999996,0.6133984375000002,0.20597656250000007,0.180625
39500,2.249728125000001,0.6133203124999994,0.20550000000000002,0.1811796875
39600,2.2486984375000003,0.6127968750000001,0.20773437499999986,0.17946875
39700,2.2500820312499994,0.6131953124999999,0.20717187499999995,0.1796328125
39800,2.2513484375000004,0.6152812500000001,0.20603125,0.17868750000000008
39900,2.2539890625,0.6168671875000002,0.2037031249999999,0.17942968750000007
40000,2.257328125000001,0.6193124999999999,0.20250000000000004,0.1781875
40100,2.2573617187499995,0.6187265625000004,0.2033359375,0.17793749999999994
40200,2.2570414062499986,0.6189453124999998,0.20346874999999998,0.17758593749999996
40300,2.2575890625,0.6191796874999999,0.20340625000000004,0.17741406249999994
40400,2.260115625,0.6205156249999998,0.2012421875,0.17824218749999995
40500,2.26291484375,0.6220234374999998,0.198671875,0.1793046875
40600,2.26676796875,0.6249062500000001,0.19797656249999995,0.17711718749999988
40700,2.2684296874999994,0.6269140625000003,0.1989296875000001,0.17415625000000004
40800,2.2667734375000013,0.6254921875,0.1991171875,0.175390625
40900,2.271671093750001,0.627625,0.19604687499999995,0.176328125
41000,2.2727273437499993,0.62790625,0.19608593750000003,0.1760078125
41100,2.2695585937500002,0.62703125,0.19843750000000004,0.17453124999999994
41200,2.26756328125,0.6254765625,0.19875000000000015,0.17577343749999993
41300,2.264409375,0.6245390624999998,0.20157031249999996,0.17389062499999994
41400,2.2620453125000006,0.624140625,0.203390625,0.17246874999999992
41500,2.2615523437500005,0.6237578125000001,0.20253906249999998,0.17370312499999996
41600,2.2618203125000003,0.6237656250000001,0.20245312499999993,0.17378124999999997
41700,2.2630859375,0.6237031249999997,0.19998437499999994,0.17631249999999996
41800,2.2646609375,0.6253281250000001,0.19964062499999993,0.17503125
41900,2.264872656249999,0.6254609375000002,0.19977343750000004,0.17476562499999995
42000,2.26426796875,0.6244296875000003,0.19964062500000013,0.17592968749999996
42100,2.26512890625,0.6250390624999999,0.20042968749999998,0.17453125
42200,2.2636867187500007,0.6240781249999999,0.20171875000000003,0.17420312500000007
42300,2.2624734375,0.6242109375000001,0.20158593749999992,0.17420312499999996
42400,2.2638945312499996,0.6248671875,0.20003125000000005,0.17510156249999995
42500,2.2634453125000005,0.6241718749999997,0.19998437500000002,0.17584374999999997
42600,2.26278671875,0.6230937500000001,0.20004687499999999,0.17685937499999996
42700,2.2684320312499993,0.6262343749999998,0.1970781249999999,0.17668749999999997
42800,2.2710265625,0.6283359375,0.19588281249999995,0.17578124999999994
42900,2.2748945312499997,0.6313437499999999,0.19485156250000005,0.17380468750000005
43000,2.2769640624999994,0.6327812500000004,0.1948125,0.17240624999999996
43100,2.2740546875,0.6317109375000001,0.19754687500000004,0.17074218749999998
43200,2.2724250000000006,0.6311249999999999,0.19800781250000007,0.17086718750000005
43300,2.2706132812499993,0.6297109375,0.19909375,0.17119531250000009
43400,2.2691023437500006,0.6284843750000002,0.19979687499999998,0.17171875000000006
43500,2.2682546874999994,0.6271875000000001,0.19951562499999997,0.17329687500000007
43600,2.266608593749999,0.625296875,0.20006249999999998,0.1746406249999999
43700,2.265778125000001,0.6261249999999999,0.20080468749999988,0.1730703125
43800,2.268042187499999,0.62675,0.199671875,0.173578125
43900,2.2679992187499995,0.6264296875000003,0.19991406250000002,0.17365625000000004
44000,2.2679414062500003,0.6271796875,0.199515625,0.1733046875
44100,2.2667109375000005,0.6268515625000002,0.20071093749999996,0.1724375
44200,2.26753046875,0.6262890624999998,0.19955468749999988,0.17415625000000004
44300,2.2717085937500014,0.6277734375,0.19680468749999994,0.175421875
44400,2.27324921875,0.6290468750000004,0.19631249999999992,0.17464062499999997
44500,2.2747179687500005,0.6289062500000006,0.19594531250000002,0.17514843750000003
44600,2.2737679687499996,0.6287265625,0.19642968749999998,0.17484375000000013
44700,2.2728953125000007,0.6285078125000001,0.19702343749999998,0.17446874999999995
44800,2.2730593750000008,0.6282343749999997,0.19678906249999992,0.17497656250000002
44900,2.2732921875000005,0.62809375,0.1973125,0.17459375
45000,2.2705343749999995,0.6270468750000001,0.19919531250000005,0.17375781249999994
45100,2.269978125,0.6271875000000001,0.1993046874999999,0.17350781249999994
45200,2.2719328125,0.6271406249999999,0.19660156249999997,0.1762578125
45300,2.273100781250001,0.6272421874999997,0.19443749999999993,0.17832031250000005
45400,2.27239140625,0.6268593750000002,0.19475000000000006,0.17839062500000002
45500,2.273017187499999,0.6270781249999999,0.1960234375,0.17689843749999995
45600,2.271487500000001,0.6262265625000001,0.1966953125000002,0.17707812499999998
45700,2.2701671875000002,0.6254531250000004,0.19689843749999994,0.17764843750000003
45800,2.27011484375,0.6258906249999998,0.19646093750000002,0.17764843750000003
45900,2.2714296875,0.626140625,0.19522656249999995,0.17863281250000007
46000,2.2728187500000003,0.6273359375000002,0.19458593749999997,0.1780781249999999
46100,2.2729226562500005,0.6280234375,0.19612500000000002,0.17585156250000003
46200,2.271511718750001,0.627578125,0.19768750000000002,0.174734375
46300,2.26852578125,0.6273750000000002,0.20106250000000003,0.1715625
46400,2.2651414062499984,0.6262031250000003,0.20196093750000016,0.17183593749999992
46500,2.2607351562499987,0.6238203124999999,0.20496874999999998,0.1712109375
46600,2.261275781250001,0.6240546874999999,0.20315625000000007,0.17278906250000003
46700,2.2657210937500007,0.6258749999999997,0.19982031249999999,0.1743046875
46800,2.2666265625,0.626375,0.19932031249999993,0.17430468749999997
46900,2.26624375,0.6256953124999998,0.19938281250000003,0.17492187499999998
47000,2.26437578125,0.6249687499999999,0.200578125,0.17445312500000001
47100,2.261535937499999,0.6241328125000002,0.20273437499999997,0.17313281249999998
47200,2.2613374999999993,0.6234296875000003,0.202765625,0.1738046875
47300,2.2629140625000006,0.6237421875000002,0.20164062500000005,0.17461718749999994
47400,2.2626710937500003,0.6245234375,0.2022265625,0.17324999999999988
47500,2.2638304687499993,0.6245078124999999,0.20057812500000005,0.17491406250000002
47600,2.2636726562500002,0.6245312500000001,0.2006015625,0.1748671874999999
47700,2.2663281249999994,0.6245624999999998,0.1983203125000001,0.1771171875
47800,2.2653718749999996,0.6245625,0.20028906249999992,0.1751484374999999
47900,2.2669195312499992,0.6258515625,0.19945312500000006,0.17469531249999995
48000,2.2669007812500004,0.6266874999999996,0.1992031250000001,0.174109375
48100,2.2704179687499995,0.627515625,0.19607031249999987,0.17641406249999997
48200,2.27268671875,0.6284531250000001,0.19512499999999994,0.17642187500000006
48300,2.2728906249999987,0.6286796874999997,0.19499218749999994,0.17632812499999992
48400,2.2741921875000006,0.6293593750000002,0.19380468749999993,0.17683593749999998
48500,2.2730617187499993,0.6279296874999998,0.19382031249999998,0.17825000000000005
48600,2.272986718749999,0.6282968750000001,0.19513281249999997,0.17657031249999997
48700,2.2701226562500008,0.6275703125,0.1976640625,0.174765625
48800,2.269864062500001,0.627546875,0.19888281249999992,0.17357031250000002
48900,2.2701523437499986,0.6275390625000002,0.19870312500000015,0.17375781249999994
49000,2.2710093749999993,0.6285078125000001,0.1979296875,0.17356249999999995
49100,2.2697796875,0.6281093749999999,0.19845312500000004,0.1734375
49200,2.269667187500001,0.6288046874999997,0.19689843750000005,0.17429687499999996
49300,2.2738062500000007,0.6300312499999997,0.19410937500000008,0.175859375
49400,2.2772078125,0.6307109375000001,0.1916171875,0.17767187499999998
49500,2.275880468749999,0.6303203125000001,0.19285156250000002,0.176828125
49600,2.274666406249999,0.6289921874999999,0.19298437499999999,0.17802343749999988
49700,2.2749796874999992,0.6298124999999998,0.194265625,0.17592187500000003
49800,2.271492187499999,0.6282109374999999,0.1969453125000001,0.17484375000000005
49900,2.2684734374999995,0.6269531250000001,0.19915624999999998,0.17389062499999994
50000,2.267403906250001,0.6258281250000001,0.19836718750000007,0.17580468750000008
50100,2.2648968750000003,0.6248828125000001,0.19921093750000005,0.17590625000000004
50200,2.2657492187500003,0.6253593749999996,0.19930468749999988,0.1753359375
50300,2.2691476562499995,0.6265468749999998,0.197203125,0.17624999999999985
50400,2.272028906249999,0.6288203125000001,0.1952187499999999,0.17596093750000008
50500,2.272945312499999,0.6291953125000002,0.19407812500000002,0.17672656250000002
50600,2.2711460937499988,0.6291171874999999,0.19558593750000003,0.17529687500000002
50700,2.2690031249999993,0.6287734375000003,0.19686718750000007,0.17435937499999998
50800,2.2670640625,0.6264531249999999,0.19839843750000002,0.1751484375000001
50900,2.2662421875000014,0.6245859375000002,0.19812499999999997,0.1772890625
51000,2.2644820312500005,0.6232812500000002,0.19830468749999988,0.17841406250000005
51100,2.2656960937500004,0.6237109375,0.19840625,0.17788281250000004
51200,2.263378906250001,0.6221406250000003,0.20031250000000006,0.17754687500000005
51300,2.2635890625,0.6216562499999999,0.19920312500000006,0.17914062500000008
51400,2.2628351562499986,0.6217343749999998,0.200453125,0.17781249999999998
51500,2.259624999999999,0.6206093750000002,0.20270312500000007,0.1766875000000001
51600,2.257472656249999,0.6190546875,0.2034921875,0.17745312500000004
51700,2.2559507812499993,0.6183281250000003,0.2039999999999999,0.17767187500000003
