step,mean_aspect_ratio,fraction_elongated,fraction_round,fraction_binary
100,1.0,0.0,1.0,0.0
200,1.1173828124999998,0.007523437500000006,0.68896875,0.3035078125000001
300,1.1187695312500003,0.013312499999999982,0.6965546875000003,0.29013281249999995
400,1.1248664062500005,0.017234374999999986,0.6850312499999999,0.29773437499999994
500,1.1342460937500003,0.021367187499999978,0.6776640624999998,0.30096875000000006
600,1.1459874999999997,0.026382812499999988,0.6741953124999999,0.299421875
700,1.1587882812500003,0.03228124999999998,0.6776250000000001,0.29009375000000004
800,1.1712874999999998,0.03938281249999998,0.6861875000000001,0.27442968749999996
900,1.185207812500001,0.046726562500000006,0.6947265624999999,0.258546875
1000,1.1989460937499998,0.05480468749999998,0.7026484374999995,0.24254687499999997
1100,1.2131703124999997,0.0628046875,0.7079687500000001,0.22922656249999993
1200,1.2307953125000004,0.07193749999999999,0.7072421874999997,0.22082031250000003
1300,1.2484242187499999,0.0816640625,0.7078828125000001,0.21045312500000002
1400,1.2645289062500003,0.09136718750000004,0.7070156249999998,0.2016171875
1500,1.2830671874999997,0.10007031250000005,0.7036953124999996,0.19623437500000007
1600,1.30031328125,0.10924218749999999,0.6997890625,0.19096875
1700,1.3151867187499997,0.11669531250000008,0.696375,0.1869296875
1800,1.3324687499999994,0.12389062499999996,0.6875859374999996,0.18852343749999997
1900,1.3497718750000003,0.13255468750000002,0.6824531249999999,0.18499218749999996
2000,1.3667257812500004,0.14071875000000003,0.6737187499999998,0.18556250000000007
2100,1.3799617187500002,0.1482499999999999,0.6722734374999995,0.1794765625
2200,1.3945640624999993,0.1556171875,0.6650468750000001,0.17933593750000004
2300,1.40670078125,0.16235156250000005,0.6588124999999999,0.1788359374999999
2400,1.4192937499999998,0.16840625,0.6519843750000003,0.179609375
2500,1.4330828125000008,0.1741875,0.6451874999999998,0.18062500000000006
2600,1.4444374999999998,0.17868749999999992,0.6397421875000001,0.18157031250000008
2700,1.4544765625000002,0.18347656250000002,0.6332890624999997,0.18323437499999995
2800,1.4651445312499998,0.18854687500000006,0.6270234375,0.1844296875
2900,1.4760234374999996,0.19394531249999997,0.6224062500000003,0.18364843750000007
3000,1.4849945312500004,0.19842968750000012,0.6179609375000004,0.18360937500000002
3100,1.4920742187499991,0.20266406250000002,0.6138046875000003,0.18353125
3200,1.4987359374999998,0.2055078125,0.609828125,0.18466406249999998
3300,1.5082570312500005,0.20892187499999998,0.60525,0.18582812499999984
3400,1.5172468750000008,0.21384375000000003,0.6001484375000001,0.18600781249999992
3500,1.5265343750000002,0.21797656249999997,0.5957500000000001,0.18627343750000006
3600,1.5325007812500002,0.22136718750000006,0.5928593750000001,0.18577343749999997
3700,1.5360585937499995,0.22343749999999998,0.5914062499999997,0.18515625
3800,1.53965234375,0.22622656250000012,0.5900390625,0.18373437500000003
3900,1.5436218749999997,0.22789062500000004,0.5884218749999999,0.1836875
4000,1.54762265625,0.23037499999999989,0.5862578125,0.18336718749999986
4100,1.5525328124999997,0.23328906250000006,0.5841718749999999,0.18253906249999993
4200,1.5606367187500003,0.2376250000000001,0.5781328125,0.18424218750000004
4300,1.5677976562500007,0.2400546875000001,0.5738906250000002,0.1860546875
4400,1.5710156249999996,0.2418515625,0.5748046875000002,0.1833437500000001
4500,1.5753382812499996,0.24417968749999996,0.572,0.18382031250000008
4600,1.5782117187500004,0.24586718749999997,0.5719453125,0.18218749999999995
4700,1.58014609375,0.2479609375000001,0.5704453125000001,0.18159375000000005
4800,1.5825406250000003,0.24929687499999995,0.5695625000000004,0.18114062500000008
4900,1.5849492187500003,0.25050781250000004,0.5707734374999999,0.17871875
5000,1.5859109374999996,0.25205468749999993,0.5693671875000004,0.17857812499999987
5100,1.5892062499999988,0.253703125,0.5677656250000002,0.17853125000000006
5200,1.5910421874999996,0.25562499999999994,0.5668359375,0.17753906249999996
5300,1.5965648437500002,0.25703124999999993,0.5630937500000002,0.17987499999999998
5400,1.6004203125,0.25775781249999996,0.56,0.18224218749999999
5500,1.6030406249999998,0.25824218750000005,0.5573359375000003,0.18442187499999996
5600,1.6055328125000001,0.25981250000000006,0.5546796875000002,0.18550781249999998
5700,1.6089359374999992,0.26069531250000005,0.5540156250000005,0.18528906249999996
5800,1.6109898437499994,0.2612421874999999,0.5526484375,0.186109375
5900,1.6122578124999998,0.26171875,0.5534140624999999,0.18486718750000003
6000,1.6169375000000004,0.26344531250000003,0.5500000000000002,0.1865546875000001
6100,1.6157101562500011,0.2636171875000001,0.551828125,0.18455468749999998
6200,1.6123601562499998,0.26221875,0.5523828124999999,0.18539843750000007
6300,1.6104031250000004,0.26250000000000007,0.5537812499999999,0.1837187499999999
6400,1.61265078125,0.26390625,0.5530859374999999,0.18300781250000003
6500,1.615646875,0.2642187499999999,0.5505234375000002,0.1852578125
6600,1.6173976562499992,0.2655390625,0.5487968750000003,0.18566406250000006
6700,1.6227890624999999,0.26790625,0.5457500000000001,0.18634374999999995
6800,1.6247757812499997,0.26821093750000014,0.5448749999999998,0.18691406250000003
6900,1.6262906250000007,0.2687187500000001,0.5438749999999999,0.18740625
7000,1.6256671874999995,0.26928906250000006,0.5457578124999999,0.18495312499999997
7100,1.6262765624999997,0.26863281249999993,0.5454453125000002,0.18592187499999996
7200,1.6244851562500007,0.2687031250000001,0.5456015625000001,0.18569531249999993
7300,1.6224453125000005,0.2667578125,0.5449062500000003,0.18833593749999994
7400,1.621525,0.265359375,0.544484375,0.19015625000000003
7500,1.6204921874999996,0.2659921874999999,0.5470546875000001,0.186953125
7600,1.6201484374999995,0.2654453125000001,0.5476406249999997,0.1869140625
7700,1.6211289062499994,0.26617187500000017,0.5477031250000002,0.18612499999999996
7800,1.6236367187500003,0.2672500000000001,0.5453671875,0.18738281250000008
7900,1.6218304687499996,0.2659062500000001,0.5441796874999999,0.18991406249999998
8000,1.6204835937500004,0.2652499999999999,0.5441640625000002,0.19058593750000005
8100,1.6210304687499997,0.2653984374999998,0.5446250000000001,0.1899765625
8200,1.6208687500000005,0.26415625000000004,0.544984375,0.19085937500000014
8300,1.6201984374999996,0.2641796875000002,0.5448515625000003,0.19096875
8400,1.6210085937499996,0.265171875,0.5469375,0.18789062499999992
8500,1.6214039062500003,0.26578906250000006,0.5474140625,0.186796875
8600,1.6230875000000007,0.2661171875,0.5469375000000001,0.18694531249999996
8700,1.6231921875000002,0.26683593749999995,0.5474296875,0.18573437500000003
8800,1.6279710937500005,0.2687109375,0.5437734374999998,0.18751562500000005
8900,1.6298109375000007,0.268984375,0.5422343749999998,0.18878124999999998
9000,1.6323601562499992,0.27082031250000005,0.5407890625000001,0.1883906250000001
9100,1.6347046875000002,0.2725312500000001,0.5390859374999999,0.18838281250000005
9200,1.6360609375000004,0.2733359374999999,0.5388046875,0.18785937499999997
9300,1.635135156249999,0.27264843750000006,0.5402031250000002,0.18714843750000004
9400,1.6336039062499994,0.2714687500000001,0.5409843750000003,0.18754687499999997
9500,1.63215234375,0.27136718750000005,0.5422265625000001,0.1864062499999999
9600,1.6310765625,0.2715234375000002,0.5432343749999998,0.1852421875
9700,1.6296132812500004,0.2715937499999999,0.5459375000000002,0.18246875
9800,1.63006171875,0.2720078125,0.5459609374999999,0.18203125
9900,1.6316921875000006,0.2723359375000001,0.5431875000000002,0.1844765625
10000,1.6319812499999997,0.27302343750000013,0.5423828124999999,0.18459375000000003
10100,1.6298656249999992,0.2718749999999998,0.5432499999999998,0.18487500000000007
10200,1.6299226562499998,0.2715781250000001,0.5440390625000001,0.18438281249999997
10300,1.6285304687499993,0.27203906249999993,0.5458437500000001,0.18211718749999997
10400,1.6279570312499996,0.270796875,0.5437656249999997,0.1854375
10500,1.6290523437499993,0.27146093750000005,0.5423671874999999,0.18617187500000001
10600,1.630890624999999,0.2713750000000001,0.5422578125000002,0.1863671875
10700,1.63254609375,0.2717421875,0.5412109375,0.18704687500000003
10800,1.6368101562500001,0.27258593749999993,0.5361328124999999,0.19128125000000004
10900,1.64245546875,0.275109375,0.5330624999999999,0.19182812500000004
11000,1.6422421874999993,0.27481249999999985,0.53196875,0.19321874999999994
11100,1.6454429687499994,0.27690625,0.5308203125000003,0.1922734375000001
11200,1.6440421875000004,0.2765546875,0.5327031250000003,0.19074218750000005
11300,1.6452281249999992,0.276859375,0.5330234375000003,0.1901171875000001
11400,1.6466882812499992,0.2770468749999999,0.5328125,0.19014062500000004
11500,1.6478359375000005,0.27745312499999997,0.5305078125000002,0.19203906250000002
11600,1.6507757812500001,0.2789453125,0.5282890624999999,0.1927656249999999
11700,1.6526632812499995,0.28046093749999984,0.5267968750000002,0.19274218750000005
11800,1.6554421875000005,0.2811328124999999,0.5259218749999999,0.19294531250000005
11900,1.6558953124999998,0.28217968749999994,0.525546875,0.19227343750000012
12000,1.6581140625000006,0.28365625000000005,0.5259218749999999,0.19042187500000013
12100,1.65619609375,0.2843593749999999,0.5298593749999999,0.18578125000000004
12200,1.6596984375000003,0.2858359375000001,0.5254765625,0.18868750000000004
12300,1.6619601562499997,0.28701562499999994,0.525046875,0.1879375
12400,1.6589640625,0.286609375,0.5284453124999999,0.1849453125
12500,1.6584781250000005,0.2856875000000001,0.5292421874999998,0.18507031250000003
12600,1.6562515624999998,0.2851015624999999,0.5311171874999999,0.18378124999999998
12700,1.6546304687499997,0.2842968750000001,0.531203125,0.18450000000000008
12800,1.6541445312499992,0.2843906250000001,0.5328593749999999,0.18274999999999988
12900,1.6549218750000003,0.28415625000000005,0.5302734375000001,0.18557031250000003
13000,1.6512296875,0.2833203124999999,0.5319140624999996,0.1847656249999999
13100,1.6508796874999996,0.283078125,0.533015625,0.18390625
13200,1.6528749999999994,0.28366406250000004,0.5305078124999999,0.18582812499999996
13300,1.65355703125,0.28460156249999996,0.5314140624999998,0.18398437500000006
13400,1.6519578125000005,0.28364062500000004,0.5290546875000003,0.18730468750000015
13500,1.6480249999999999,0.2818984375000002,0.5328281250000002,0.18527343749999994
13600,1.6477515624999992,0.28138281249999997,0.5332265625000001,0.185390625
13700,1.6473093750000003,0.28117187499999985,0.533921875,0.18490624999999997
13800,1.648957031250001,0.2819375000000001,0.5327421875000001,0.18532031249999992
13900,1.6512039062500001,0.28128125,0.530375,0.18834374999999995
14000,1.6496164062500005,0.28102343750000014,0.5308984375000002,0.188078125
14100,1.6495171874999996,0.2812812499999999,0.53140625,0.1873125
14200,1.650190625,0.2815468749999998,0.5312734374999998,0.18717968749999994
14300,1.65365625,0.2829843749999999,0.5279218749999999,0.18909374999999998
14400,1.6529289062499997,0.2822265624999999,0.52834375,0.18942968750000014
14500,1.6535015625000005,0.2822656250000001,0.5296093750000004,0.18812500000000004
14600,1.6525671875,0.28263281250000005,0.5299843749999997,0.1873828124999999
14700,1.6535890625000003,0.28252343750000003,0.5300078125000001,0.18746874999999993
14800,1.6510062499999998,0.28077343749999994,0.5326171875,0.18660937500000005
14900,1.6479773437499994,0.2798593749999999,0.5339843750000001,0.18615624999999997
15000,1.6467257812500005,0.27880468750000015,0.5328359375,0.188359375
15100,1.6465281250000008,0.27944531250000015,0.5341406249999998,0.18641406249999995
15200,1.6465968750000015,0.27895312499999997,0.5342109375,0.18683593749999997
15300,1.6449359375000003,0.278890625,0.5357578124999998,0.18535156250000007
15400,1.6429890624999997,0.27852343750000014,0.5371718750000001,0.1843046875000001
15500,1.6398046875000007,0.2771484375,0.5394609375000001,0.18339062499999997
15600,1.6397984374999994,0.277578125,0.5401093749999999,0.18231250000000004
15700,1.6370804687500005,0.27590625000000024,0.5416015624999999,0.18249218749999999
15800,1.6363851562500003,0.27415625,0.5400234374999999,0.18582031250000006
15900,1.6351281249999996,0.27342187500000004,0.5398125000000003,0.18676562499999994
16000,1.6346398437499998,0.27333593750000024,0.539796875,0.18686718749999998
16100,1.635821875000001,0.27349218749999993,0.53915625,0.1873515625
16200,1.6340476562500001,0.272625,0.5398749999999999,0.18750000000000003
16300,1.6332976562500008,0.272109375,0.5381484375,0.18974218750000002
16400,1.63431796875,0.271640625,0.5372343750000003,0.191125
16500,1.6372914062500004,0.2728203125000001,0.5364374999999998,0.19074218749999997
16600,1.6411789062500004,0.27450781249999995,0.5338593750000001,0.1916328125
16700,1.64290078125,0.2764218750000001,0.5360234375000001,0.1875546875000001
16800,1.6428734375,0.27740625,0.5356484374999998,0.1869453125
16900,1.6446328124999998,0.2789062499999999,0.5356406250000002,0.18545312500000002
17000,1.6422140625000008,0.27740625000000013,0.537265625,0.18532812500000004
17100,1.6393296875000003,0.27640625,0.5401718750000002,0.18342187499999998
17200,1.6366421875000003,0.2755390625,0.5434609374999999,0.1809999999999999
17300,1.63528046875,0.27459375000000014,0.5419765625000001,0.18342968750000008
17400,1.6329445312499997,0.2735156250000001,0.54371875,0.18276562500000004
17500,1.63118359375,0.2718359375000001,0.5430703125000004,0.18509375
17600,1.6299132812499997,0.271,0.5437421874999999,0.1852578125
17700,1.62798828125,0.27087500000000003,0.5441640624999999,0.18496093749999998
17800,1.6288226562499994,0.2706640624999999,0.5436406249999999,0.18569531250000013
17900,1.6268453125000004,0.2695156250000002,0.5451640624999998,0.18532031250000006
18000,1.6283140624999988,0.2699687500000001,0.5447500000000004,0.18528124999999993
18100,1.6307070312500003,0.2713750000000001,0.5429374999999999,0.1856874999999999
18200,1.630438281250001,0.27126562499999995,0.5438671875000001,0.1848671875
18300,1.63080625,0.27153124999999995,0.5425546874999998,0.1859140624999999
18400,1.6308804687499994,0.2713593749999999,0.5427343749999997,0.18590624999999994
18500,1.6320539062500008,0.271609375,0.5414765625000001,0.18691406249999992
18600,1.6326898437499997,0.2730703125,0.5439375,0.1829921874999999
18700,1.6334765625,0.27382812500000014,0.544609375,0.18156250000000004
18800,1.6340968750000002,0.27289062499999994,0.5431171875,0.18399218750000004
18900,1.634053125,0.27301562500000004,0.5420468749999998,0.18493750000000003
19000,1.6354570312500005,0.274046875,0.5412578125000002,0.1846953125
19100,1.6362804687500003,0.2737578125,0.5400468749999997,0.18619531250000004
19200,1.6350953125000005,0.27277343750000005,0.5411874999999998,0.18603906250000002
19300,1.6350500000000006,0.27358593750000004,0.5429062499999999,0.1835078125
19400,1.6349640624999997,0.27339062499999994,0.5411562499999998,0.18545312500000002
19500,1.6361734374999997,0.27296093749999994,0.5384921874999998,0.18854687500000003
19600,1.640709375000001,0.2748125000000001,0.5355078125,0.18967968750000005
19700,1.6445609375,0.27633593750000013,0.5332812499999997,0.19038281250000005
19800,1.6463648437499998,0.2773281249999999,0.5319296874999999,0.19074218750000002
19900,1.6457390625000001,0.27682812499999987,0.5322734374999999,0.1908984375
20000,1.6438898437500002,0.2765625,0.5347578125,0.18867968750000005
20100,1.64276328125,0.2757500000000001,0.5340624999999999,0.19018749999999993
20200,1.6411304687499997,0.2752656250000002,0.5355781250000001,0.18915624999999997
20300,1.6429281250000005,0.27559374999999997,0.533328125,0.19107812500000007
20400,1.6438515625000003,0.2761874999999998,0.53575,0.18806250000000005
20500,1.6431023437499994,0.27632812500000015,0.5358124999999999,0.18785937499999994
20600,1.64023359375,0.27553125000000006,0.5381796875000002,0.18628906250000002
20700,1.6378656249999999,0.27540625000000013,0.5392734375000001,0.18532031250000006
20800,1.6382835937499993,0.27509375,0.537375,0.18753124999999998
20900,1.6407976562499997,0.2747343749999999,0.5354374999999998,0.18982812500000004
21000,1.6397187499999994,0.27427343750000005,0.5362656249999999,0.18946093750000015
21100,1.6387804687500005,0.275015625,0.5359531249999999,0.18903124999999993
21200,1.6385031250000002,0.2740078125,0.5366718749999998,0.18932031250000006
21300,1.6411499999999997,0.27514843750000006,0.5350234375000001,0.18982812500000001
21400,1.6426820312500006,0.2750781250000002,0.5352421875,0.18967968749999992
21500,1.6434039062499988,0.27553124999999995,0.5335625,0.19090624999999994
21600,1.6432179687499997,0.27610937499999993,0.53453125,0.18935937500000005
21700,1.6441945312499993,0.27659374999999997,0.534765625,0.1886406249999999
21800,1.6426726562499998,0.2773046875,0.5360703124999999,0.18662499999999999
21900,1.6399546874999995,0.27635156250000004,0.5378671875000002,0.18578125000000004
22000,1.63658125,0.2763828125,0.5396718750000001,0.18394531249999999
22100,1.636540625000001,0.27485156250000015,0.53884375,0.18630468750000007
22200,1.6342210937500006,0.2734609375,0.5402421875,0.18629687500000006
22300,1.6310265625,0.27160937500000004,0.5419531249999998,0.1864375
22400,1.6274734374999997,0.2698906250000001,0.5435703124999999,0.18653906250000005
22500,1.625646875,0.26876562500000006,0.5448671874999998,0.1863671875
22600,1.62405390625,0.26728124999999997,0.5456171874999999,0.18710156249999996
22700,1.6251281249999991,0.26885937500000007,0.54459375,0.186546875
22800,1.626626562499999,0.2690625,0.5432499999999998,0.18768750000000006
22900,1.6261515625,0.26904687500000013,0.5449531249999996,0.18600000000000008
23000,1.6267273437499996,0.2692343750000001,0.5445000000000003,0.18626562499999988
23100,1.6267117187499995,0.2694531249999999,0.545,0.18554687500000003
23200,1.6254546875000013,0.26915624999999993,0.5460234374999998,0.1848203125
23300,1.6243257812499994,0.2696796875,0.5475703125,0.18274999999999994
23400,1.6246734374999994,0.2696718749999999,0.5479687500000001,0.18235937500000005
23500,1.620615625,0.2683828125000001,0.5520859375000001,0.17953125000000003
23600,1.6195351562499996,0.26852343749999996,0.5528671874999999,0.17860937500000001
23700,1.617219531250001,0.26742187500000003,0.5535937500000002,0.17898437499999997
23800,1.6132390625000004,0.264234375,0.5546953125,0.18107031249999994
23900,1.6130726562499997,0.2631875000000001,0.55403125,0.18278124999999998
24000,1.6118960937499995,0.262546875,0.5518593750000002,0.18559375000000009
24100,1.6129718750000002,0.262703125,0.5503671874999999,0.18692968750000005
24200,1.6116031250000005,0.26199999999999984,0.5504609375,0.18753906250000002
24300,1.61727421875,0.2645078124999999,0.5477343749999999,0.1877578125
24400,1.6209578125000004,0.266171875,0.5446796875,0.18914843749999996
24500,1.6230890624999992,0.267609375,0.5437265624999998,0.1886640625000001
24600,1.62678828125,0.270046875,0.5426328125,0.1873203125
24700,1.6280710937500003,0.270515625,0.5418203125000002,0.1876640625
24800,1.6304601562499998,0.27148437499999994,0.5407578125,0.18775781249999998
24900,1.6311296874999994,0.27181249999999985,0.5401250000000001,0.18806250000000002
25000,1.6323328125000012,0.27312499999999995,0.5417734375,0.1851015624999999
25100,1.634203125,0.273984375,0.540796875,0.18521875000000002
25200,1.6334906249999985,0.2744687500000002,0.5428828125,0.1826484375
25300,1.6319625,0.2744296874999999,0.5439609374999999,0.18160937500000002
25400,1.631684375,0.2743203125,0.5448906249999997,0.1807890625
25500,1.62768046875,0.27250781250000006,0.5465859375,0.18090625000000002
25600,1.6281085937499993,0.2733984374999999,0.5461484375000002,0.18045312500000008
25700,1.6253726562499997,0.271859375,0.5482890625,0.17985156250000006
25800,1.6222539062499992,0.2709609375000001,0.549859375,0.17917968749999988
25900,1.6218695312500004,0.27003124999999983,0.5488281249999999,0.181140625
26000,1.6238398437500001,0.2696484375,0.5464687500000003,0.18388281249999996
26100,1.62463046875,0.2700000000000002,0.5459609374999999,0.18403906250000002
26200,1.6262109374999998,0.2700859375,0.5443359374999996,0.18557812500000015
26300,1.6323468750000012,0.27338281249999974,0.5402421875000002,0.18637500000000012
26400,1.6374031249999998,0.2765703124999999,0.5390078125,0.184421875
26500,1.6395960937499996,0.27626562500000007,0.5377031249999998,0.18603124999999995
26600,1.63666328125,0.2758671874999999,0.5402812499999999,0.18385156249999998
26700,1.6357648437499999,0.27515624999999994,0.5403750000000003,0.18446875000000001
26800,1.63596484375,0.2752734374999999,0.5394062500000002,0.18532031250000008
26900,1.6342984375,0.27453125,0.5409843750000001,0.18448437500000012
27000,1.63450546875,0.2752734375000001,0.5417656250000004,0.18296093749999984
27100,1.6365281249999994,0.27567968750000016,0.5395624999999998,0.1847578125
27200,1.6368070312499998,0.2752578124999999,0.53975,0.18499218749999996
27300,1.6369109374999997,0.2753515625,0.5405859375000001,0.18406249999999996
27400,1.6381999999999994,0.2752343750000001,0.5376328125000001,0.1871328124999999
27500,1.6398039062499992,0.27700781249999995,0.5374296874999999,0.1855624999999999
27600,1.6390726562499998,0.2772109375,0.5385859375,0.18420312500000005
27700,1.64025078125,0.27691406249999984,0.5378125000000001,0.18527343749999986
27800,1.6401367187499998,0.27546875,0.5368750000000001,0.18765624999999997
27900,1.6379546874999997,0.2753749999999999,0.5390859374999999,0.18553906250000005
28000,1.6379148437500004,0.27503124999999995,0.5393125,0.18565625
28100,1.6404382812499996,0.276859375,0.5370625,0.18607812499999996
28200,1.6427617187499994,0.2779453125000001,0.5371953125000002,0.184859375
28300,1.6431687499999998,0.27746875000000004,0.5363750000000002,0.1861562500000001
28400,1.6433359375000005,0.27866406250000003,0.53671875,0.18461718749999995
28500,1.6472500000000003,0.28048437499999984,0.5339765624999999,0.1855390625000001
28600,1.6492125000000002,0.28230468749999993,0.5322109375000001,0.18548437499999995
28700,1.6501124999999999,0.2822109375,0.5302187500000001,0.1875703125
28800,1.65089140625,0.28258593750000005,0.5290078125,0.18840625
28900,1.6540710937500003,0.28426562499999986,0.5286015624999999,0.18713281250000005
29000,1.6568140624999994,0.2854843750000001,0.527890625,0.18662499999999999
29100,1.6559,0.28411718749999987,0.5287890625,0.18709374999999998
29200,1.6554390624999997,0.2843515625,0.5274140625000002,0.18823437500000004
29300,1.6568554687500003,0.2844140625,0.5289140625000002,0.186671875
29400,1.659776562500001,0.2856718750000001,0.5260468749999999,0.1882812499999999
29500,1.662262499999999,0.2870859375000001,0.5236562499999999,0.1892578125
29600,1.6614179687499995,0.28752343750000003,0.5249765625,0.18749999999999994
29700,1.6578085937499998,0.2866874999999999,0.5295,0.1838125
29800,1.6586976562500002,0.28789062499999984,0.5294453125,0.1826640625
29900,1.6569367187500004,0.28754687500000004,0.5318281250000001,0.18062500000000006
30000,1.6543156249999997,0.28682031250000006,0.5333281249999999,0.1798515625
30100,1.6523429687500004,0.28621093749999993,0.5353437499999998,0.17844531249999998
30200,1.64781328125,0.28436718749999984,0.539046875,0.17658593749999998
30300,1.6464312500000002,0.28255468750000007,0.5376171875,0.17982812499999995
30400,1.6458953124999995,0.2825781249999999,0.5383750000000004,0.17904687500000008
30500,1.64738515625,0.28285156249999993,0.5360156250000001,0.18113281249999996
30600,1.6486554687500001,0.28370312499999994,0.5368984374999999,0.17939843749999992
30700,1.6493914062500001,0.28378124999999993,0.5348515625,0.18136718750000005
30800,1.6506953125000008,0.28377343750000017,0.5346406250000001,0.18158593749999996
30900,1.6518742187499993,0.284640625,0.5320312500000001,0.18332812499999993
31000,1.6549710937500006,0.28416406250000004,0.5301171875000001,0.18571874999999993
31100,1.6540906249999991,0.28264062499999987,0.5294765625000002,0.18788281250000008
31200,1.6535343750000002,0.2823515624999997,0.5298671874999998,0.18778124999999993
31300,1.65279296875,0.2814531249999999,0.5288437500000001,0.18970312500000003
31400,1.6502656249999998,0.28078906249999996,0.5300937500000001,0.18911718750000003
31500,1.6516234375,0.2813125,0.5303046875000004,0.1883828125000001
31600,1.6508914062499993,0.2810078124999999,0.5316562499999999,0.18733593749999997
31700,1.6484351562500004,0.2812187500000001,0.5352890625000004,0.18349218750000004
31800,1.6507796875000003,0.28252343750000014,0.5329765625,0.18450000000000008
31900,1.65060859375,0.2815312500000001,0.5325000000000001,0.18596875000000004
32000,1.649360937500001,0.28071093750000015,0.5340156250000001,0.18527343749999992
32100,1.64905859375,0.2801562499999999,0.5331640625,0.18667968749999994
32200,1.6504429687500004,0.2807734375000001,0.5320234374999999,0.187203125
32300,1.6518015625000002,0.2808125,0.5289375000000001,0.19024999999999997
32400,1.6503187499999998,0.2780078125000001,0.5282343750000003,0.19375781249999996
32500,1.651775,0.2788281249999998,0.5283046874999999,0.19286718749999995
32600,1.6500914062499996,0.2791093750000001,0.5314375000000001,0.18945312499999992
32700,1.6512632812499999,0.28071874999999996,0.5298671875000001,0.18941406249999992
32800,1.65240078125,0.2819687499999999,0.5318906249999998,0.18614062500000014
32900,1.6533999999999998,0.2826406249999999,0.5308749999999999,0.18648437499999998
33000,1.654580468749999,0.2839296874999999,0.529625,0.18644531249999996
33100,1.6555437500000003,0.2838828125,0.5300078125000001,0.18610937499999994
33200,1.6554820312500005,0.2842968749999998,0.5304765625,0.18522656250000005
33300,1.6551234375000003,0.28429687499999995,0.5305234375000002,0.1851796875
33400,1.654821875,0.28433593749999997,0.5312343750000001,0.18442968749999997
33500,1.6524703125000009,0.28285937500000014,0.5319921875000001,0.18514843749999987
33600,1.65296640625,0.2827421875,0.5315000000000001,0.18575781249999992
33700,1.6498562500000002,0.28114843749999985,0.5330625000000001,0.18578906250000002
33800,1.6449539062500003,0.27988281249999997,0.5378984375,0.18221875
33900,1.6435835937499996,0.27889062499999995,0.53896875,0.18214062499999994
34000,1.6400304687500002,0.2777109374999999,0.5411328124999998,0.18115625000000002
34100,1.6382859374999998,0.2768671875000001,0.5401562499999999,0.1829765625
34200,1.6378742187499995,0.2771171874999999,0.5417265625,0.18115625000000002
34300,1.6385453125000005,0.27699218750000004,0.5393046874999998,0.18370312500000005
34400,1.6400265624999997,0.27639062500000017,0.5382968749999999,0.18531249999999994
34500,1.6394390625000004,0.2763046874999998,0.5390390625000001,0.18465624999999994
34600,1.6372851562500002,0.27552343749999986,0.5428359375000001,0.18164062500000003
34700,1.6362523437499998,0.2750312499999999,0.5409140624999998,0.18405468750000004
34800,1.6325624999999993,0.27402343749999997,0.54603125,0.17994531249999998
34900,1.6290585937500002,0.2721796875000001,0.5479687499999998,0.17985156249999998
35000,1.6274898437500005,0.271671875,0.5484453125000001,0.17988281250000004
35100,1.624850781249999,0.2695703125000001,0.5488593750000001,0.18157031249999983
35200,1.62583359375,0.27035937500000007,0.5478906249999994,0.18174999999999994
35300,1.6315718750000006,0.272953125,0.5434140624999999,0.18363281249999996
35400,1.6346890625000006,0.27442968750000013,0.5422812499999997,0.18328906250000002
35500,1.63442421875,0.2738125,0.542625,0.1835624999999999
35600,1.6343804687499999,0.2741953124999999,0.5416718750000001,0.1841328124999999
35700,1.6367046875000006,0.27463281250000016,0.5399375000000002,0.18542968749999994
35800,1.6387757812500006,0.27515625000000005,0.5375312500000002,0.1873125
35900,1.6389015624999996,0.27465625,0.5367812500000002,0.18856249999999997
36000,1.6365328124999994,0.27369531250000007,0.5381015624999999,0.18820312499999994
36100,1.6389765625000006,0.273578125,0.5345546875,0.19186718750000004
36200,1.6446460937500003,0.27563281249999994,0.53121875,0.1931484375
36300,1.6464187499999998,0.2769921874999999,0.5298437500000001,0.19316406249999996
36400,1.6490359374999994,0.278125,0.5277265624999999,0.19414843750000002
36500,1.6501789062500003,0.279578125,0.5295625000000002,0.19085937500000003
36600,1.6518765625,0.28066406249999987,0.5275078125000001,0.19182812500000004
36700,1.6506703124999995,0.2812265625,0.5307890625,0.18798437499999993
36800,1.652553125000001,0.2814609374999999,0.5310234375000001,0.18751562500000013
36900,1.652168750000001,0.28164843750000007,0.5303046875000003,0.18804687499999995
37000,1.65103203125,0.2809296875000002,0.5322109374999998,0.186859375
37100,1.6495929687500002,0.2812031249999999,0.5344609374999999,0.18433593750000005
37200,1.6476296874999996,0.2803515625000001,0.5343437499999998,0.18530468749999998
37300,1.6451546875000005,0.2788359374999999,0.5370859375000001,0.18407812499999998
37400,1.6440437499999998,0.27828125,0.5376171875,0.1841015625000001
37500,1.6433117187499995,0.27789843750000004,0.5381875000000002,0.18391406250000003
37600,1.6433078124999996,0.2777421874999999,0.5381093750000001,0.18414843750000004
37700,1.6399812500000004,0.2764140624999999,0.5410703124999999,0.18251562499999988
37800,1.6370320312499997,0.2756406249999999,0.5416093750000001,0.18275000000000002
37900,1.6330289062499999,0.2737031249999998,0.5433046874999999,0.1829921875
38000,1.6314468749999997,0.2734765625,0.5442734375000002,0.1822499999999999
38100,1.6330242187500006,0.27341406249999994,0.5437031250000001,0.18288281249999996
38200,1.6334500000000007,0.27412500000000006,0.5447187500000003,0.18115624999999996
38300,1.6365039062499995,0.27657031249999997,0.542015625,0.18141406249999997
38400,1.6373273437500002,0.2766093750000001,0.5410546875000003,0.1823359374999999
38500,1.6393390624999997,0.27742187500000004,0.5388750000000001,0.18370312499999988
38600,1.6408468749999991,0.2784531250000001,0.5380546875000003,0.18349218749999996
38700,1.6420757812499993,0.27929687499999994,0.5392187499999999,0.18148437499999998
38800,1.6457500000000005,0.28046874999999993,0.5366640625,0.18286718750000006
38900,1.6472335937500004,0.2815546874999999,0.5364921874999999,0.181953125
39000,1.6481976562500003,0.28075781250000015,0.5361718749999999,0.18307031249999994
39100,1.6462640625000002,0.2793124999999999,0.5371093750000002,0.183578125
39200,1.6453609375,0.2787265625,0.5375625,0.18371093750000003
39300,1.6445164062500002,0.2780703124999999,0.5354453125000002,0.18648437500000004
39400,1.6437640624999998,0.27792187499999993,0.5358906249999998,0.18618749999999998
39500,1.6453078124999991,0.27803125000000006,0.5333515624999997,0.18861718750000006
39600,1.6475882812499998,0.2788437499999999,0.5323828125000001,0.18877343749999997
39700,1.6492398437500007,0.27888281249999997,0.529734375,0.19138281250000017
39800,1.6483109375000002,0.27892187500000015,0.5321953124999999,0.18888281250000002
39900,1.6474078125,0.27917187499999996,0.5326484375,0.18817968749999991
40000,1.6438328125,0.27828125000000004,0.5372109375,0.1845078125000001
40100,1.6425757812500001,0.27808593750000016,0.5380312500000003,0.18388281249999996
40200,1.6421296875000004,0.27815625,0.5382968750000002,0.1835468750000001
40300,1.6429968749999997,0.2791015624999999,0.5355937499999999,0.18530468750000012
40400,1.6449882812499992,0.2797734375000001,0.5368906250000001,0.18333593749999993
40500,1.64316796875,0.2792812499999999,0.5378281249999999,0.18289062500000003
40600,1.6405679687499997,0.27868750000000014,0.5384296875000003,0.18288281250000002
40700,1.6398359375,0.2778124999999999,0.5380703125000001,0.1841171875
40800,1.64094453125,0.27828125000000004,0.5373046874999997,0.18441406249999992
40900,1.6401437499999996,0.27673437500000003,0.5374921874999998,0.18577343750000005
41000,1.6413039062499997,0.27707031250000014,0.5373750000000004,0.18555468749999995
41100,1.6408328125,0.27618750000000003,0.5373593749999998,0.18645312500000005
41200,1.6414187499999993,0.2764062500000002,0.5378593749999999,0.1857343750000001
41300,1.6412249999999995,0.277125,0.5377734375,0.1851015625000001
41400,1.6398273437500013,0.27646875,0.5387734375000001,0.18475781249999998
41500,1.6418398437499997,0.27690625,0.5368046875000001,0.18628906250000005
41600,1.6413546875,0.27736718750000017,0.5363515624999999,0.18628124999999993
41700,1.6422796874999996,0.2780703125000001,0.5371640625,0.18476562500000004
41800,1.64442265625,0.27914062500000003,0.5359140625,0.18494531250000004
41900,1.6455367187499994,0.27985156250000004,0.5345468749999998,0.1856015625
42000,1.6454937499999998,0.27929687500000006,0.5348203125,0.18588281249999994
42100,1.6454296875,0.28014843750000007,0.5340859375000002,0.18576562500000005
42200,1.6476289062499994,0.28122656249999994,0.5327421874999997,0.18603125000000004
42300,1.650367968750001,0.2825625,0.5316250000000001,0.1858125000000001
42400,1.6525945312500008,0.2839453124999999,0.532328125,0.18372656250000005
42500,1.65329765625,0.2847578125,0.5331562500000001,0.1820859375
42600,1.6530195312500005,0.284734375,0.533953125,0.18131249999999993
42700,1.6544945312500003,0.28590625000000003,0.5333593749999999,0.18073437499999997
42800,1.656007812499999,0.2866250000000001,0.5323984374999998,0.18097656249999997
42900,1.6542382812499998,0.2859921875000002,0.5339375000000002,0.18007031249999994
43000,1.6545578125000004,0.28517968749999995,0.5324531249999999,0.1823671875
43100,1.6525937499999996,0.28420312500000006,0.5322890625,0.18350781250000006
43200,1.6527109375000006,0.28374999999999995,0.53125,0.18500000000000005
43300,1.6549117187499998,0.28377343750000006,0.5297343749999998,0.18649218750000002
43400,1.6572664062500004,0.2843906249999999,0.5264375,0.189171875
43500,1.6605796875000007,0.2862343749999999,0.5241093749999998,0.18965625000000003
43600,1.6604328124999999,0.2859999999999999,0.5253593749999997,0.18864062499999992
43700,1.6635046875000008,0.2873515625000001,0.5223203125000001,0.19032812500000004
43800,1.6636421875000003,0.288640625,0.5228359375,0.18852343749999997
43900,1.6657289062499998,0.28921093750000015,0.5205468749999997,0.1902421875
44000,1.6636414062499998,0.2889062499999999,0.5247187499999998,0.18637499999999993
44100,1.6639515624999992,0.28908593749999995,0.5242421875,0.18667187499999996
44200,1.6615507812500003,0.2882265625000001,0.5268828125,0.184890625
44300,1.6627437499999995,0.288546875,0.5257656250000002,0.18568749999999995
44400,1.6609250000000004,0.28724218749999997,0.5283750000000002,0.1843828124999999
44500,1.65848203125,0.28594531249999994,0.5285234375000002,0.18553125
44600,1.6570093750000003,0.28550781249999996,0.5285078125,0.18598437499999995
44700,1.6571843749999993,0.28539843750000005,0.5281796874999996,0.18642187499999996
44800,1.6580281250000004,0.286140625,0.5262812499999999,0.18757812499999998
44900,1.6582749999999997,0.28676562499999997,0.5267734374999997,0.18646093749999992
45000,1.6590296874999992,0.2860703125000001,0.5261562500000001,0.18777343750000006
45100,1.6579843750000003,0.2860703125,0.5272968749999999,0.18663281249999988
45200,1.6565570312500002,0.28417968749999994,0.5272109375000001,0.18860937500000002
45300,1.6566242187500002,0.28418750000000004,0.5282812500000001,0.18753125000000004
45400,1.6581984375,0.2849609375,0.5280312500000001,0.18700781250000004
45500,1.6574273437500004,0.2853984374999999,0.5306484374999999,0.18395312500000008
45600,1.6547648437499995,0.2848125,0.530609375,0.184578125
45700,1.6535039062499999,0.2848593749999999,0.5318593750000002,0.18328125000000003
45800,1.6540007812499993,0.2846171875000001,0.5310937499999998,0.18428906250000002
45900,1.6556539062499998,0.28564062500000015,0.5301406250000001,0.18421875
46000,1.6598320312500001,0.28706250000000005,0.5289218749999999,0.184015625
46100,1.6589695312499997,0.2873359374999999,0.5298984375,0.18276562499999985
46200,1.6594328125000004,0.2874921875000001,0.5298125000000002,0.18269531249999993
46300,1.6623289062499984,0.2878593749999998,0.5257812499999998,0.18635937499999994
46400,1.6638671875000006,0.2881015624999999,0.5247187499999999,0.1871796874999999
46500,1.664759375,0.2875937499999999,0.5240078124999998,0.18839843750000002
46600,1.6631210937499998,0.287265625,0.5252578124999999,0.18747656250000003
46700,1.6618484374999998,0.2870156249999999,0.5264453124999998,0.18653906250000005
46800,1.66394765625,0.2883515625000001,0.5258671875,0.18578124999999998
46900,1.663128125,0.28856250000000006,0.5281953124999997,0.18324218750000004
47000,1.6618335937500002,0.2887265625000001,0.5268515624999999,0.18442187500000015
47100,1.6614484375000005,0.2887109375000001,0.5268281250000002,0.18446093750000003
47200,1.6643820312500006,0.28939843749999994,0.5242109375000001,0.18639062499999995
47300,1.6678031249999998,0.29073437499999993,0.5216250000000001,0.18764062500000003
47400,1.6759289062499996,0.29427343749999985,0.5148124999999999,0.19091406250000004
47500,1.6789312500000004,0.2957265625000001,0.515609375,0.18866406250000003
47600,1.6809882812500005,0.2973750000000001,0.5149843749999998,0.18764062499999998
47700,1.6817257812500004,0.2981640625000001,0.5141171875000002,0.18771875
47800,1.6811234375000006,0.2973593749999999,0.5150390625,0.18760156250000004
47900,1.6806257812500007,0.29735937500000004,0.514171875,0.18846875000000002
48000,1.6775531249999995,0.2950625,0.5158671875000002,0.18907031250000003
48100,1.67611484375,0.2940156249999999,0.5160312499999999,0.18995312499999992
48200,1.6784343750000008,0.29516406250000005,0.5135000000000001,0.19133593749999997
48300,1.6789406249999999,0.29575000000000007,0.5123984375000002,0.19185156250000002
48400,1.6816257812499995,0.2961875000000001,0.5112578125,0.19255468749999993
48500,1.6801742187500002,0.29532031250000007,0.5131640624999999,0.19151562499999988
48600,1.6783585937500005,0.2948593749999999,0.5160468750000002,0.18909375000000003
48700,1.6750296875000001,0.29450000000000004,0.5205781250000001,0.18492187499999996
48800,1.6741257812500006,0.2934375,0.5198281249999999,0.18673437499999995
48900,1.6728632812500008,0.29399218750000006,0.520890625,0.18511718749999992
49000,1.6699609375,0.29262500000000014,0.5236640624999996,0.18371093749999998
49100,1.6680648437499999,0.2920703125000001,0.5256640624999999,0.18226562500000001
49200,1.6659718750000003,0.2912968750000001,0.5268906249999998,0.18181250000000007
49300,1.6645539062499994,0.2905390625000001,0.5271640624999999,0.18229687499999997
49400,1.6659929687500001,0.29121093749999993,0.525109375,0.18367968749999997
49500,1.665896875,0.29114843749999997,0.5253203125000001,0.1835312500000001
49600,1.6657578124999992,0.29110937500000006,0.5246796874999999,0.18421093749999995
49700,1.665638281250001,0.29056250000000006,0.52325,0.18618749999999998
49800,1.6645843750000002,0.290296875,0.5257968749999999,0.18390625000000008
49900,1.6647101562499997,0.2903203125,0.5250000000000002,0.18467968749999994
50000,1.6665156249999993,0.2906250000000001,0.5235234375,0.18585156249999998
50100,1.6688101562499997,0.2917421874999998,0.5231953125000001,0.18506250000000005
50200,1.6696937499999998,0.2932109375,0.5222187500000001,0.18457031250000008
50300,1.6711656250000004,0.29323437500000005,0.5207031250000002,0.18606250000000005
50400,1.6717632812500005,0.2934218750000001,0.5203515624999996,0.18622656250000014
50500,1.6718835937500007,0.2936250000000001,0.5195156250000003,0.18685937499999997
50600,1.6734085937499998,0.2939765625000001,0.5192734375,0.18674999999999992
50700,1.6757625000000014,0.2949609375000001,0.5176640625,0.18737500000000004
50800,1.6796125000000006,0.29585156250000005,0.5154765624999998,0.18867187499999993
50900,1.6811953124999997,0.29760937499999995,0.5144609375,0.18792968749999997
51000,1.6825632812499995,0.2985703125,0.5148203124999998,0.18660937499999994
51100,1.6846718750000005,0.2991406250000001,0.5114765624999998,0.18938281249999994
51200,1.68841015625,0.2997578125000001,0.5082343750000001,0.19200781249999993
51300,1.6919242187500005,0.3008046875,0.5061015625,0.19309375
51400,1.69376484375,0.3024921875000002,0.5043984375,0.19310937500000006
51500,1.6955687499999998,0.30367187500000015,0.5047265625,0.19160156250000007
51600,1.6975937500000011,0.30510937500000007,0.5041796875000001,0.19071093750000004
