step,mean_aspect_ratio,fraction_elongated,fraction_round,fraction_binary
100,1.0,0.0,1.0,0.0
200,1.2598710937499995,0.02310937499999998,0.42642968750000015,0.5504609375
300,1.3177429687499997,0.05256249999999999,0.41913281250000006,0.5283046875
400,1.3586851562499997,0.07942187500000002,0.4527265624999999,0.4678515624999999
500,1.39668203125,0.1062421875000001,0.4892500000000002,0.4045078124999998
600,1.4301578124999994,0.13340625,0.5195390625,0.3470546874999999
700,1.4613390625000002,0.156625,0.5402890624999999,0.3030859375
800,1.4861015625000005,0.17703125000000008,0.5494296875,0.2735390625
900,1.5071937500000003,0.19362499999999994,0.5546562499999999,0.2517187499999999
1000,1.5281976562499993,0.20793749999999997,0.5553671875,0.23669531250000006
1100,1.5449804687500008,0.2193437500000001,0.5538046874999997,0.2268515625
1200,1.5602976562499995,0.22907031249999998,0.5502265624999999,0.22070312500000006
1300,1.5756906249999998,0.23845312500000004,0.5434062499999999,0.218140625
1400,1.5893078125,0.24771093750000003,0.5410859375,0.21120312500000002
1500,1.6043437499999993,0.25675,0.5371953124999999,0.20605468749999994
1600,1.6176140624999995,0.26375000000000004,0.5306171875000002,0.2056328124999999
1700,1.6317062500000006,0.27146093750000005,0.5234687499999999,0.2050703125
1800,1.6413898437499996,0.27579687500000005,0.5179609375,0.2062421874999998
1900,1.6518515624999992,0.2813281250000002,0.5123984375,0.2062734374999999
2000,1.6650070312500007,0.2876953124999999,0.5068750000000003,0.2054296875
2100,1.6743968750000007,0.2936562499999999,0.504234375,0.20210937500000006
2200,1.6833562500000008,0.2979453124999999,0.4980078124999998,0.204046875
2300,1.688228125,0.30039062499999986,0.4958125000000001,0.203796875
2400,1.6935664062500007,0.30354687499999994,0.494984375,0.20146875000000006
2500,1.69922734375,0.3078593750000001,0.4937187499999998,0.19842187500000008
2600,1.7065164062499998,0.3117968750000001,0.49025,0.19795312500000004
2700,1.7132046875000002,0.3149453124999999,0.4856718750000001,0.19938281250000003
2800,1.720196875,0.31875781249999985,0.481609375,0.19963281250000006
2900,1.7286499999999996,0.3230078125000001,0.47632812500000005,0.2006640625
3000,1.7371945312499995,0.32527343750000004,0.4694765624999999,0.20525000000000002
3100,1.746409375,0.32932031250000016,0.4628984375,0.20778125000000003
3200,1.7547015625,0.3347578125,0.4606640625000003,0.20457812499999994
3300,1.7618718750000004,0.33795312499999985,0.45637500000000003,0.20567187500000003
3400,1.7683859375000008,0.342578125,0.4528515625000001,0.2045703125
3500,1.7748406249999997,0.3444375000000002,0.44895312500000023,0.20660937499999998
3600,1.78190625,0.3472734375,0.4455000000000001,0.20722656249999993
3700,1.790017187499999,0.3510078125000002,0.4414609375000001,0.20753125000000006
3800,1.7939023437499997,0.3552421875000002,0.44282812500000013,0.20192968750000004
3900,1.7978890625000008,0.35931250000000003,0.4399921875,0.20069531250000008
4000,1.801001562500001,0.3608984375000002,0.44025000000000025,0.19885156249999994
4100,1.8016203125,0.361296875,0.4398906250000002,0.19881249999999998
4200,1.8001203125000003,0.360859375,0.442796875,0.19634374999999998
4300,1.8014187499999996,0.36299218749999973,0.44378906250000005,0.1932187499999999
4400,1.8028218750000005,0.36396093749999997,0.44331250000000005,0.19272656250000003
4500,1.8015054687499994,0.36246875,0.4430703125000001,0.19446093749999993
4600,1.80434296875,0.36293749999999997,0.44003125000000004,0.19703124999999996
4700,1.8054015625000006,0.3637343750000001,0.4376484375,0.1986171875
4800,1.80780390625,0.362328125,0.43424218750000015,0.20342968749999998
4900,1.8124546875000003,0.364703125,0.4327187500000003,0.20257812499999991
5000,1.8178359375,0.36535937500000004,0.42771093750000005,0.20692968750000001
5100,1.8220000000000005,0.3678984375,0.42492968750000004,0.20717187500000006
5200,1.823103125000001,0.3693359375,0.42633593750000026,0.20432812499999997
5300,1.8254218750000002,0.37101562500000007,0.42564062500000005,0.2033437500000001
5400,1.823461718749999,0.372125,0.42839843750000006,0.19947656250000012
5500,1.8264906249999995,0.37189062499999986,0.4240546875,0.20405468749999997
5600,1.8273796875000001,0.37300781249999976,0.42375,0.20324218750000003
5700,1.8289828124999992,0.3736171874999998,0.4250781249999999,0.20130468749999994
5800,1.8323281249999999,0.37584375000000014,0.4216875,0.20246874999999986
5900,1.8320296875000002,0.3752890625,0.42345312500000026,0.20125781249999997
6000,1.8289882812500005,0.3743359375,0.4266015625000001,0.19906250000000006
6100,1.82948046875,0.37503125,0.4262890625000001,0.1986796875
6200,1.826890625000001,0.3744765624999998,0.4292109375,0.1963125000000001
6300,1.828615625,0.3751562499999999,0.4271953125,0.19764843750000002
6400,1.8310289062499994,0.37678906250000005,0.427375,0.1958359375000001
6500,1.8327851562499997,0.3787343749999999,0.4263124999999999,0.19495312499999995
6600,1.8358914062499996,0.3793359375,0.42250781249999997,0.19815625000000012
6700,1.8372749999999995,0.38085156249999996,0.42117187500000014,0.1979765625
6800,1.8402773437500004,0.38076562499999994,0.41816406250000016,0.20107031250000004
6900,1.8458742187499992,0.3829531250000001,0.41465625000000006,0.20239062499999996
7000,1.8450734375000002,0.3842968750000002,0.41577343750000006,0.19992968749999998
7100,1.8465992187499993,0.38443749999999993,0.41642187499999983,0.1991406250000001
7200,1.8478796875,0.3863515624999999,0.41698437499999996,0.19666406250000004
7300,1.84860390625,0.3859765625,0.41689843749999994,0.1971249999999999
7400,1.8517085937500004,0.386890625,0.41367187499999986,0.19943750000000002
7500,1.85526953125,0.38940625,0.411078125,0.19951562500000003
7600,1.856771875,0.38935156249999997,0.409578125,0.20107031249999996
7700,1.856909375,0.3905312500000001,0.41070312500000006,0.198765625
7800,1.8606296874999992,0.3909453125000002,0.40651562500000016,0.20253906250000006
7900,1.8653976562499994,0.39308593749999976,0.4045859374999998,0.202328125
8000,1.8641195312499999,0.39390625000000007,0.40667968750000005,0.19941406249999996
8100,1.8647156250000005,0.3938437500000001,0.407328125,0.19882812500000008
8200,1.8611289062499985,0.3927421874999999,0.4103437500000001,0.1969140624999999
8300,1.8596476562500013,0.39231249999999984,0.4118359374999998,0.19585156250000005
8400,1.8567406250000003,0.3905937499999998,0.4120859375,0.1973203125
8500,1.8563695312500008,0.39035156249999997,0.4133281250000001,0.19632031249999993
8600,1.8551710937500008,0.39014062500000035,0.4136484374999999,0.1962109374999999
8700,1.8538734374999999,0.3897578124999999,0.4137109375000001,0.19653125000000007
8800,1.8529843749999997,0.38949999999999996,0.41490625000000003,0.19559375000000004
8900,1.854053125,0.39067968750000004,0.41428906249999997,0.19503125000000002
9000,1.854140625,0.3910468749999999,0.4146875,0.19426562500000014
9100,1.8520273437499999,0.3905156249999998,0.41698437499999985,0.19250000000000014
9200,1.8524734375,0.389859375,0.41579687499999995,0.19434374999999998
9300,1.8527812499999998,0.38871093749999996,0.4144765624999999,0.19681249999999997
9400,1.8525859375000004,0.38843749999999994,0.4140390624999999,0.19752343749999993
9500,1.8548242187500004,0.38930468749999986,0.4122031250000003,0.19849218749999997
9600,1.8560499999999998,0.3903828124999999,0.41039843750000005,0.19921875000000003
9700,1.8546695312499994,0.39000781249999994,0.4141875000000001,0.1958046875
9800,1.8570109374999997,0.3914218750000001,0.4113046875,0.19727343750000004
9900,1.8584390625000007,0.3923046875000001,0.41066406250000015,0.19703125
10000,1.8599609375000004,0.3928906250000001,0.4101875000000001,0.196921875
10100,1.8645101562500006,0.39485937499999996,0.4078203124999999,0.19732031250000004
10200,1.8672156250000003,0.396703125,0.40801562500000005,0.19528125000000007
10300,1.8689710937499997,0.3978124999999999,0.4072578124999999,0.19492968750000006
10400,1.8678539062499995,0.39752343749999974,0.40924999999999995,0.1932265625000001
10500,1.8634070312500008,0.39599218750000015,0.41306250000000017,0.19094531250000005
10600,1.8620929687499999,0.3948515625,0.4128281249999998,0.1923203124999999
10700,1.8630140625000002,0.395453125,0.410734375,0.19381249999999997
10800,1.8643445312500004,0.3953593750000001,0.40782812499999993,0.19681249999999995
10900,1.87015625,0.3972968750000001,0.4030781249999999,0.1996249999999999
11000,1.8733898437499992,0.3981796875,0.4008359374999997,0.20098437500000005
11100,1.87617890625,0.3984843750000001,0.39937500000000015,0.202140625
11200,1.8768835937500001,0.3991953125,0.39688281249999985,0.20392187499999997
11300,1.8795359374999994,0.40054687499999997,0.39628124999999986,0.20317187499999997
11400,1.8846765624999995,0.4036328125000001,0.39376562499999995,0.20260156250000003
11500,1.8882734374999994,0.40556250000000005,0.3921796875000001,0.20225781249999997
11600,1.8927953124999994,0.4084453124999998,0.39308593750000004,0.19846875
11700,1.8935343749999993,0.4105312500000001,0.393765625,0.19570312499999987
11800,1.8936578124999999,0.4111015625000001,0.3959453124999999,0.1929531249999999
11900,1.8924515624999996,0.41050781250000007,0.3966796875,0.19281250000000005
12000,1.8883781249999998,0.4093437499999999,0.3995625000000001,0.1910937500000001
12100,1.8853398437500004,0.4082656249999999,0.4012656249999999,0.19046875
12200,1.8850265624999996,0.4083125000000002,0.400046875,0.19164062500000004
12300,1.884711718750001,0.40842187499999993,0.3992187499999999,0.19235937500000005
12400,1.8838609375000004,0.40682812500000015,0.39817968750000005,0.1949921875
12500,1.88537421875,0.40624999999999994,0.3971484374999999,0.19660156249999997
12600,1.888185937500001,0.4079843749999998,0.3942265625000002,0.19778906249999997
12700,1.8926304687499997,0.41007812499999996,0.39103906250000003,0.19888281250000003
12800,1.8940585937499999,0.4097421875,0.39057031249999996,0.19968749999999988
12900,1.8994390625000006,0.41358593749999994,0.3886796875000002,0.19773437500000005
13000,1.9025242187499996,0.41492968749999987,0.3871640624999998,0.19790624999999998
13100,1.9034500000000005,0.4163828125,0.3882343750000001,0.19538281250000006
13200,1.9022078124999997,0.41620312500000006,0.39007812500000005,0.1937187499999999
13300,1.8987960937499997,0.41465624999999995,0.3919062500000002,0.19343749999999987
13400,1.901587500000001,0.41672656249999995,0.39199218750000014,0.19128125000000004
13500,1.9008718749999998,0.4163671874999999,0.392234375,0.19139843749999985
13600,1.9007984375000002,0.4154453125000001,0.39134375000000005,0.19321093749999999
13700,1.9005109374999998,0.41502343750000004,0.3914375,0.19353906249999997
13800,1.9003789062500003,0.4157968750000001,0.39122656249999993,0.1929765625
13900,1.90093515625,0.41641406250000035,0.3911875000000001,0.19239843750000005
14000,1.9037460937499995,0.4174453125,0.3875000000000001,0.1950546875000001
14100,1.9062687500000008,0.4177109374999999,0.3854296875,0.19685937500000006
14200,1.9105539062499997,0.41881250000000003,0.38370312499999987,0.19748437499999993
14300,1.9120507812499996,0.41953906249999984,0.38180468749999996,0.19865625000000012
14400,1.9138796875000006,0.42106249999999995,0.38353906249999986,0.19539843750000008
14500,1.9124328124999996,0.421109375,0.3858984374999999,0.19299218749999994
14600,1.9120710937500005,0.4210937500000001,0.385453125,0.1934531250000001
14700,1.913946875,0.42195312499999993,0.38420312500000026,0.19384375000000006
14800,1.9142382812500005,0.4230937499999998,0.3838671875000001,0.19303906249999997
14900,1.9170687500000005,0.42375781250000005,0.3807343749999999,0.1955078125
15000,1.9175476562499993,0.42392968749999976,0.381,0.19507031249999993
15100,1.9203171874999994,0.42575781249999994,0.37900000000000017,0.19524218749999994
15200,1.9231257812499996,0.42629687500000013,0.3781328124999998,0.1955703125000001
15300,1.9247789062500005,0.4268515625000001,0.37814843750000005,0.19500000000000003
15400,1.927536718749999,0.42787499999999995,0.37528125,0.19684374999999998
15500,1.928023437500001,0.4271640625,0.3745390625,0.19829687499999996
15600,1.9280828124999996,0.42697656250000005,0.3768593749999999,0.19616406250000012
15700,1.92716640625,0.4271250000000001,0.37809375,0.19478124999999996
15800,1.9267273437500012,0.42719531249999987,0.3777343749999999,0.1950703125000001
15900,1.924396874999999,0.42726562500000015,0.3809296874999999,0.19180468750000007
16000,1.9225226562500002,0.4255078124999998,0.38179687500000004,0.19269531249999994
16100,1.9180265625000006,0.4228359374999999,0.3829453125000002,0.19421875000000005
16200,1.9172476562499998,0.4213125,0.38239062500000004,0.196296875
16300,1.9177593750000004,0.4225078125000001,0.38226562500000005,0.1952265625
16400,1.9189203125,0.4227265625,0.38128906249999994,0.19598437500000007
16500,1.9245023437499997,0.42475000000000007,0.37583593749999994,0.19941406250000007
16600,1.9263140624999995,0.42532812499999995,0.37525000000000003,0.19942187500000003
16700,1.9254492187499992,0.4272734375,0.37684374999999987,0.19588281249999995
16800,1.9243531249999999,0.42678124999999983,0.3781484375,0.19507031249999995
16900,1.9248976562500004,0.42797656249999994,0.3781406249999999,0.19388281249999995
17000,1.927257812500001,0.428703125,0.3757265625,0.19557031249999995
17100,1.9297562500000003,0.4299375000000003,0.37309374999999984,0.19696874999999994
17200,1.9342148437499997,0.4327421875,0.3709999999999999,0.19625781250000007
17300,1.9371671874999998,0.43402343750000016,0.37068749999999984,0.19528906250000003
17400,1.9369124999999996,0.4341562499999999,0.3725703124999999,0.19327343750000003
17500,1.9338187500000001,0.4342890625000001,0.3729609375,0.19275
17600,1.9356757812499994,0.43454687500000017,0.37261718750000017,0.19283593750000005
17700,1.9376499999999994,0.4361171875,0.37236718750000003,0.19151562499999997
17800,1.9400249999999997,0.4375156250000001,0.37228125000000006,0.19020312499999997
17900,1.9404273437499997,0.43670312499999997,0.3717421874999998,0.19155468750000004
18000,1.94060703125,0.4360468749999999,0.3705859375000001,0.19336718750000004
18100,1.941328125,0.43717187499999993,0.36935156250000006,0.1934765625
18200,1.942548437499999,0.43681249999999994,0.3684296874999999,0.19475781250000004
18300,1.9405007812499997,0.4368437499999998,0.37085937500000016,0.19229687500000006
18400,1.93795,0.43499999999999994,0.37142968750000005,0.19357031249999995
18500,1.93850078125,0.43475781249999984,0.3694531250000002,0.19578906250000008
18600,1.9388320312500005,0.43490624999999994,0.3692343749999998,0.19585937500000003
18700,1.93987109375,0.4350859375,0.36793750000000025,0.19697656250000004
18800,1.9429882812500003,0.436,0.36619531250000004,0.19780468749999996
18900,1.9445835937500004,0.43735156250000007,0.3671328124999999,0.19551562499999997
19000,1.9437718750000001,0.4369843750000001,0.36753124999999986,0.19548437500000007
19100,1.9431203125000005,0.43606250000000013,0.36616406250000016,0.19777343749999998
19200,1.9423164062499996,0.43500781250000015,0.3656953125000001,0.19929687499999993
19300,1.9434281250000005,0.43596874999999996,0.36557031250000005,0.1984609374999999
19400,1.9406929687500005,0.4352578125000002,0.3680625,0.19667968750000006
19500,1.9412406250000003,0.4360234375000002,0.36941406250000014,0.19456250000000005
19600,1.9406687500000004,0.4367890625000002,0.3708828125000001,0.1923281249999999
19700,1.94255,0.43800000000000006,0.3691875000000002,0.19281249999999991
19800,1.9443015625000002,0.4391875000000001,0.36788281249999993,0.19292968750000003
19900,1.9438749999999996,0.44011718749999995,0.3694062500000001,0.1904765625000001
20000,1.9431781249999998,0.4391171874999999,0.3705156250000001,0.19036718749999995
20100,1.94279609375,0.43921093749999995,0.3701171874999997,0.19067187500000002
20200,1.9440398437500006,0.4395312499999999,0.3693515625,0.19111718750000004
20300,1.9445015625000006,0.43926562499999994,0.3683203124999999,0.1924140625
20400,1.9454632812500006,0.4395156249999999,0.3682578125,0.19222656249999995
20500,1.9456328124999998,0.43964843750000004,0.369140625,0.19121093749999996
20600,1.9455359375000003,0.43972656249999975,0.3692265625000001,0.19104687499999998
20700,1.9454132812500007,0.439921875,0.3686562499999999,0.19142187499999996
20800,1.94909296875,0.44272656250000014,0.3663281249999999,0.19094531250000005
20900,1.953430468749999,0.4442890625000001,0.36266406250000016,0.193046875
21000,1.9552242187500009,0.44371093749999996,0.3608671875,0.19542187499999994
21100,1.9590578125,0.4455,0.3591406250000001,0.19535937499999997
21200,1.963110937499999,0.4475156249999998,0.3562734374999998,0.19621093750000004
21300,1.9629804687499994,0.44765624999999987,0.357328125,0.19501562500000008
21400,1.9633148437500005,0.4471015625,0.3563437500000001,0.1965546874999999
21500,1.961616406249999,0.446703125,0.358703125,0.19459374999999998
21600,1.9622570312500005,0.44647656250000045,0.35788281249999987,0.19564062500000007
21700,1.9625101562499991,0.44697656250000006,0.35821093749999994,0.19481249999999997
21800,1.9613367187499988,0.44689062500000015,0.3581171875,0.1949921875000001
21900,1.9620656249999997,0.44598437500000015,0.3571640625,0.19685156249999994
22000,1.9588976562500002,0.44542187500000013,0.35921093750000005,0.19536718749999996
22100,1.960909375,0.44619531250000016,0.35767968749999984,0.19612499999999997
22200,1.9628296875,0.44650781249999993,0.3564062500000001,0.1970859375
22300,1.9649609375000003,0.4482968749999998,0.3562499999999998,0.1954531250000001
22400,1.9665742187500002,0.44942187500000014,0.355484375,0.19509375
22500,1.9656937500000005,0.4480234375000002,0.3558984375000001,0.19607812500000005
22600,1.9664562500000005,0.44735156249999997,0.35481250000000003,0.19783593749999995
22700,1.964762499999999,0.4467265625,0.3568671875000001,0.1964062499999999
22800,1.9586625000000006,0.4436796875000001,0.3596796874999999,0.19664062499999996
22900,1.95319140625,0.4417499999999998,0.3645390625,0.19371093749999996
23000,1.9528460937499992,0.44121093750000007,0.3625781249999999,0.19621093749999996
23100,1.95343203125,0.4420156249999999,0.3626406249999998,0.19534375000000007
23200,1.9587773437500002,0.44561718749999996,0.36108593749999995,0.193296875
23300,1.9585445312500003,0.4455781250000001,0.3611406249999999,0.19328125000000002
23400,1.9612476562500005,0.4473281250000003,0.35839062500000013,0.19428125
23500,1.9653796874999996,0.44847656250000006,0.3561249999999999,0.19539843750000002
23600,1.9661468749999995,0.44899218749999986,0.35534374999999996,0.19566406249999993
23700,1.9659710937500003,0.4483437500000002,0.3556640625,0.19599218749999997
23800,1.9655976562500004,0.44798437500000005,0.3559531249999999,0.1960625
23900,1.9633460937500005,0.447171875,0.3586562499999999,0.19417187500000002
24000,1.963884375,0.4472578125,0.35739062500000024,0.19535156250000005
24100,1.9636554687499996,0.4459140625000002,0.3560156249999999,0.19807031250000007
24200,1.9651031250000004,0.4470859374999999,0.3550625,0.19785156250000005
24300,1.9656109374999993,0.44679687500000004,0.3548359375,0.1983671875000001
24400,1.967296874999999,0.4482031250000001,0.3539218749999999,0.19787500000000002
24500,1.9684781249999996,0.44858593750000003,0.3528984375,0.198515625
24600,1.9651906249999995,0.4472578124999998,0.35555468749999986,0.19718749999999996
24700,1.963146093750001,0.4478828124999999,0.3579062500000001,0.19421093749999993
24800,1.96342734375,0.4481875000000001,0.35847656250000004,0.19333593749999997
24900,1.9615882812499994,0.44921875000000006,0.35939843750000006,0.19138281249999997
25000,1.9624945312499997,0.4491328125,0.3581718749999999,0.1926953125000001
25100,1.961475781249999,0.44867187499999994,0.35894531250000006,0.19238281250000008
25200,1.9636984374999997,0.4499062499999999,0.35613281250000006,0.19396093750000007
25300,1.9672882812499994,0.45054687499999985,0.35355468749999985,0.19589843749999983
25400,1.9745039062500003,0.45394531250000003,0.3495390625000003,0.196515625
25500,1.9759140625000002,0.45439843750000003,0.34884375000000006,0.19675781249999996
25600,1.9774695312500004,0.454578125,0.34951562499999994,0.19590625000000003
25700,1.9771062499999987,0.45463281250000004,0.3505781249999999,0.19478906250000003
25800,1.9774554687500001,0.45456249999999987,0.35101562499999983,0.19442187500000008
25900,1.9770812499999995,0.454203125,0.35220312499999995,0.19359374999999995
26000,1.97425625,0.45227343750000015,0.35220312500000023,0.1955234375000001
26100,1.97130859375,0.45107031250000024,0.3532578125,0.195671875
26200,1.9700476562500002,0.4509296875000002,0.3555,0.19357031249999998
26300,1.9663695312500007,0.44948437499999994,0.35663281249999995,0.1938828125
26400,1.9638773437500006,0.4480234375000001,0.35796875000000006,0.19400781250000002
26500,1.9638960937500007,0.44810937500000025,0.35789843749999994,0.1939921874999999
26600,1.9647656249999994,0.4503984375000001,0.35856249999999984,0.1910390625000001
26700,1.9615445312499988,0.4486015625,0.3598125,0.1915859375
26800,1.9616671874999998,0.4477734374999999,0.3595,0.19272656250000003
26900,1.9621124999999997,0.4481406250000001,0.3590703125,0.19278906250000005
27000,1.9644531249999995,0.44896875000000014,0.3572031249999999,0.19382812500000002
27100,1.9650718750000005,0.4493593750000001,0.35679687500000007,0.19384374999999995
27200,1.9673710937499997,0.44905468750000027,0.35429687500000007,0.19664843750000002
27300,1.9670734375000003,0.44932812499999997,0.3543828125000001,0.1962890625
27400,1.9670648437500007,0.44885156250000013,0.35507031250000004,0.19607812500000002
27500,1.966834375,0.4477031250000001,0.35395312499999987,0.19834374999999999
27600,1.9645742187499993,0.4471484375,0.3559140625,0.19693750000000004
27700,1.965216406249999,0.4484609375,0.35647656250000015,0.19506250000000003
27800,1.9612148437500005,0.44536718750000004,0.3588046875000001,0.19582812499999994
27900,1.9567078124999997,0.4443593749999999,0.3629218749999998,0.19271874999999997
28000,1.9548625,0.44383593749999983,0.36428124999999995,0.1918828125
28100,1.9531085937499997,0.4421093750000001,0.3649531250000003,0.19293749999999996
28200,1.949796875,0.4408515624999999,0.36624218750000004,0.19290624999999997
28300,1.9497515625,0.440140625,0.3639609375,0.19589843749999997
28400,1.9533992187500002,0.44230468749999985,0.36196875000000006,0.1957265625
28500,1.9564960937499996,0.44303125000000004,0.35900781249999997,0.1979609375
28600,1.9579757812499994,0.4429687499999999,0.35803906249999995,0.1989921875
28700,1.9586898437500007,0.444015625,0.35586718750000024,0.20011718750000004
28800,1.96083125,0.44454687500000006,0.35602343749999993,0.1994296875
28900,1.9614812500000003,0.44589062500000004,0.35566406250000016,0.19844531249999997
29000,1.9591437499999993,0.4444531250000001,0.35931250000000003,0.19623437500000004
29100,1.9554671875,0.44327343749999987,0.3617890625000001,0.19493750000000007
29200,1.95271015625,0.44290625000000006,0.3639531249999999,0.1931406249999999
29300,1.9500929687500008,0.44228906250000005,0.3666718749999999,0.1910390624999999
29400,1.949156249999999,0.4418515625000001,0.36733593750000004,0.19081250000000008
29500,1.9457929687499995,0.44001562499999997,0.3706484375,0.18933593750000002
29600,1.9447460937500005,0.4392968750000001,0.3690078125000001,0.1916953125
29700,1.9453265624999996,0.4391718750000001,0.3679374999999999,0.192890625
29800,1.9467351562500004,0.4400625000000001,0.3655312500000002,0.19440624999999997
29900,1.9483523437500003,0.4401953125000001,0.36405468749999975,0.19574999999999987
30000,1.9498148437499994,0.4403281250000002,0.3628125000000001,0.19685937500000006
30100,1.9493390624999996,0.44100781249999993,0.3641249999999999,0.19486718750000004
30200,1.9520773437499994,0.44139062500000004,0.3625390625,0.19607031249999982
30300,1.9547242187499991,0.4426953124999998,0.3621796875000001,0.19512500000000002
30400,1.9550539062500005,0.44222656249999986,0.3613125,0.19646093750000004
30500,1.9555523437499995,0.4429609374999999,0.3614765625,0.19556250000000017
30600,1.9540476562499995,0.4423046875000004,0.3608984375000001,0.19679687500000004
30700,1.9525187500000005,0.4412968749999999,0.36187500000000006,0.19682812499999996
30800,1.95093671875,0.44155468750000026,0.3634062499999998,0.19503906250000003
30900,1.9491695312500004,0.44050781250000026,0.36571093750000017,0.19378125000000002
31000,1.9465554687499995,0.43913281250000014,0.3667109375,0.19415624999999986
31100,1.94469140625,0.43880468749999996,0.3691484375000001,0.19204687500000003
31200,1.9436859375000004,0.43885156249999996,0.3716562499999998,0.18949218750000002
31300,1.9423820312500004,0.43706250000000013,0.3705234375,0.1924140625
31400,1.9433007812499996,0.4370703124999997,0.37024999999999997,0.19267968750000014
31500,1.9431164062499993,0.43782812499999996,0.3703046874999999,0.19186718749999987
31600,1.9436585937500008,0.4383749999999999,0.36986718749999997,0.1917578125
31700,1.9433375000000002,0.4383203124999998,0.3696874999999999,0.1919921875
31800,1.9443718750000003,0.43750000000000006,0.36817187499999987,0.194328125
31900,1.9461414062500006,0.43776562499999994,0.3670078124999999,0.19522656250000003
32000,1.9455359375000005,0.43794531249999996,0.36865625000000013,0.19339843750000002
32100,1.9435945312500005,0.43728906249999994,0.36983593749999977,0.192875
32200,1.9406265624999999,0.4374296875000001,0.3728515625,0.18971874999999996
32300,1.9410164062499995,0.43589062500000014,0.3702109375,0.19389843750000005
32400,1.9414125000000007,0.43644531249999996,0.37033593749999993,0.19321875000000002
32500,1.9416828125000005,0.43822656250000014,0.37101562500000007,0.19075781249999993
32600,1.9445648437499998,0.44001562500000035,0.37007812500000004,0.18990624999999994
32700,1.9458289062499994,0.4405390625000003,0.369140625,0.1903203125
32800,1.94892109375,0.44113281249999986,0.3674687500000001,0.19139843750000007
32900,1.9482789062500006,0.4412812500000001,0.3667734374999999,0.19194531250000005
33000,1.94826015625,0.4401718750000002,0.36615625,0.193671875
33100,1.9495539062499996,0.440125,0.3653749999999999,0.19450000000000006
33200,1.94983046875,0.4416484375000001,0.3650234375000001,0.19332812500000002
33300,1.9498429687500003,0.4406640625000002,0.36313281249999996,0.19620312499999992
33400,1.9495999999999998,0.44052343749999995,0.3633515624999999,0.19612500000000002
33500,1.9520570312499999,0.4413046874999999,0.3608828124999999,0.19781249999999997
33600,1.9504203125000008,0.440484375,0.36346875000000006,0.19604687499999993
33700,1.9501304687499994,0.4398124999999999,0.3644062499999999,0.19578125000000007
33800,1.9498984375000001,0.43957812499999993,0.36389062499999986,0.19653124999999996
33900,1.9530367187499995,0.441875,0.36182812500000006,0.196296875
34000,1.9552265624999996,0.44439843749999997,0.3618906249999999,0.1937109375
34100,1.96017421875,0.44649999999999995,0.3588203125,0.1946796874999999
34200,1.962203125,0.44624218750000005,0.3572656250000001,0.1964921875
34300,1.9630679687500006,0.44605468749999994,0.3575078125000002,0.1964375000000001
34400,1.964718750000001,0.44785156249999997,0.35707031250000026,0.19507812500000007
34500,1.9667140624999997,0.44856250000000014,0.3565703124999998,0.1948671875
34600,1.966678125,0.4490937500000002,0.3579765624999998,0.19292968750000003
34700,1.9644265624999997,0.44857031250000007,0.35973437499999994,0.19169531249999996
34800,1.9616484375,0.44670312500000003,0.3610234374999998,0.19227343749999992
34900,1.9590632812499986,0.44565625000000003,0.3616328125000001,0.19271093750000007
35000,1.9603031249999994,0.4458750000000002,0.3592656250000002,0.19485937499999997
35100,1.9638554687500003,0.44782812500000013,0.35752343749999993,0.19464843749999994
35200,1.9660812500000002,0.44851562500000014,0.35609375,0.19539062499999996
35300,1.9668085937500004,0.4492812500000002,0.3575781249999999,0.193140625
35400,1.966238281249999,0.4483515624999998,0.357109375,0.1945390625000001
35500,1.9663484375000002,0.4495,0.3568046875,0.1936953125000001
35600,1.9692492187500004,0.44960937499999987,0.3533359375000001,0.19705468749999988
35700,1.9692687500000006,0.45028906250000006,0.3540859375000001,0.19562500000000005
35800,1.9689195312500003,0.45155468750000005,0.3556249999999999,0.1928203125
35900,1.9691515624999998,0.45232812499999997,0.3559062499999999,0.19176562499999994
36000,1.9686054687500008,0.45121093749999996,0.3569140625,0.19187500000000005
36100,1.9644187499999992,0.44930468749999963,0.35811718750000027,0.192578125
36200,1.96329453125,0.4483749999999999,0.35847656250000004,0.19314843750000005
36300,1.9642445312499996,0.44939843750000025,0.35817968749999984,0.1924218749999999
36400,1.9658281250000005,0.44970312500000015,0.3560234375,0.19427343749999995
36500,1.9641898437499994,0.44875781249999985,0.35557812499999997,0.19566406249999999
36600,1.9634796875000005,0.448,0.35731249999999987,0.19468749999999993
36700,1.9632999999999998,0.4463906250000001,0.3559843750000002,0.19762500000000008
36800,1.9632953125000003,0.44603906249999986,0.35739843750000005,0.19656250000000003
36900,1.96601171875,0.4474765625000002,0.35547656250000004,0.19704687500000007
37000,1.9671093749999995,0.44778906250000006,0.35395312500000004,0.19825781249999996
37100,1.9703398437500008,0.4489921874999999,0.352546875,0.19846093749999993
37200,1.9737640624999997,0.45116406249999996,0.35074999999999995,0.19808593749999992
37300,1.9776664062499993,0.4536328124999999,0.34794531249999994,0.19842187500000003
37400,1.9767304687499996,0.45400781249999994,0.3491406250000002,0.1968515625
37500,1.97686875,0.4541171874999999,0.34950000000000003,0.1963828125000001
37600,1.9738304687499997,0.45221875000000006,0.3519296875,0.19585156250000005
37700,1.9726945312499984,0.4508828125000001,0.3507578125000001,0.19835937499999998
37800,1.9719789062499995,0.4510312499999999,0.351140625,0.19782812499999994
37900,1.9744875,0.45215625,0.3491874999999999,0.19865624999999998
38000,1.9758546874999994,0.45296875,0.34921874999999997,0.19781249999999995
38100,1.9747523437499999,0.4537421875,0.3499765625000001,0.19628125
38200,1.971615625,0.45220312500000004,0.3512734375,0.19652343749999995
38300,1.9714085937499999,0.45196874999999975,0.35275,0.19528124999999993
38400,1.9721617187500002,0.4520156249999999,0.350359375,0.19762500000000002
38500,1.9718867187500007,0.4520468750000003,0.3515546875,0.19639843750000013
38600,1.9737531250000002,0.45342187500000025,0.35042187500000016,0.19615624999999998
38700,1.9716109375000006,0.4524765625,0.3526171875000001,0.19490625000000003
38800,1.9671132812499998,0.4502500000000001,0.35618749999999977,0.19356249999999997
38900,1.96404375,0.44816406250000007,0.35765625000000006,0.19417968749999998
39000,1.96045625,0.4461640624999999,0.3602187499999999,0.19361718749999995
39100,1.95686171875,0.4439140624999999,0.36126562499999987,0.1948203125
39200,1.9550148437500001,0.442953125,0.3633125000000001,0.19373437500000004
39300,1.9574804687499998,0.4441171875,0.3618906250000002,0.19399218750000008
39400,1.9587359375000004,0.4443906250000002,0.3608515624999999,0.19475781249999996
39500,1.9561789062500001,0.4434609375,0.36107031250000005,0.19546874999999994
39600,1.9566187500000005,0.4430468750000001,0.35921093749999994,0.19774218749999992
39700,1.957692187499999,0.44312500000000016,0.358203125,0.19867187499999994
39800,1.9581695312499996,0.44243750000000004,0.3575468749999999,0.20001562500000006
39900,1.9602499999999994,0.44367187499999994,0.3568203124999999,0.19950781249999988
40000,1.9625390625000008,0.4454375,0.35667968749999984,0.19788281249999998
40100,1.9667742187499995,0.44751562500000003,0.35429687500000007,0.19818750000000004
40200,1.9658570312500006,0.44657031249999996,0.35485156250000005,0.198578125
40300,1.9671492187499997,0.447078125,0.3531484375000001,0.19977343749999998
40400,1.96780078125,0.4478671875000001,0.3536484375,0.1984843749999999
40500,1.9672265625,0.4483593750000001,0.35608593750000017,0.19555468750000007
40600,1.9642664062500002,0.44757812499999977,0.3571562500000002,0.195265625
40700,1.96132578125,0.4460703125000001,0.3588749999999999,0.19505468750000005
40800,1.9609085937499997,0.4458828125000003,0.3593671875000001,0.1947500000000001
40900,1.9605843749999998,0.4465234375,0.3609140625,0.1925625
41000,1.96274296875,0.4477031249999999,0.36011718750000005,0.1921796875000001
41100,1.9636367187500008,0.4466562499999999,0.35934375000000013,0.19399999999999992
41200,1.9614585937499998,0.4462656250000001,0.35991406249999996,0.1938203125
41300,1.9613257812500005,0.4465859375,0.35991406249999996,0.19349999999999995
41400,1.9599812499999993,0.44645312500000006,0.3608046875,0.19274218750000005
41500,1.9606867187500001,0.4468359374999998,0.3603828124999998,0.19278125000000007
41600,1.9596156249999994,0.44654687499999984,0.36200781249999986,0.19144531250000008
41700,1.95929140625,0.4465546874999998,0.361,0.19244531250000002
41800,1.9627828124999995,0.4479843749999998,0.35884374999999996,0.193171875
41900,1.9680132812500004,0.4506328124999999,0.35528125,0.19408593749999997
42000,1.9716585937499995,0.4534218750000002,0.3539609374999997,0.19261718749999998
42100,1.9726015625,0.4535078124999998,0.35299999999999976,0.1934921875
42200,1.9715101562500001,0.4532421875000001,0.3542734375,0.192484375
42300,1.969208593749999,0.4530390625,0.35534375000000007,0.1916171875
42400,1.9691375000000002,0.4521093750000002,0.3560078125000002,0.19188281250000006
42500,1.9673289062500003,0.4505468750000002,0.35681249999999987,0.19264062499999995
42600,1.9662835937499992,0.4499140625,0.35650000000000004,0.19358593750000003
42700,1.9634546875000003,0.4480468749999999,0.3580390625,0.1939140624999999
42800,1.9635953125000007,0.4489062500000001,0.35767187500000014,0.19342187500000002
42900,1.9685117187500005,0.4509296875000001,0.3537656249999999,0.1953046875
43000,1.9715054687499993,0.45356249999999987,0.35128906249999997,0.19514843750000005
43100,1.9738304687500001,0.4546718750000001,0.34976562499999986,0.1955625000000001
43200,1.9752617187500001,0.4554062499999998,0.3516015624999999,0.19299218750000008
43300,1.9735476562500003,0.4534218749999999,0.3535546875000002,0.1930234375000001
43400,1.970296093750001,0.4528750000000002,0.35617968750000006,0.1909453125
43500,1.9674429687499995,0.451984375,0.3581093749999999,0.18990625000000003
43600,1.9638468749999993,0.45019531249999983,0.3593593749999999,0.1904453125
43700,1.9642312500000005,0.44946875,0.3583515624999999,0.19217968750000014
43800,1.9651546875000008,0.44979687499999965,0.35817187500000014,0.19203125000000001
43900,1.96320234375,0.44917968750000015,0.3585078124999999,0.1923125
44000,1.9617507812500015,0.44874218749999994,0.3605078125000002,0.19074999999999995
44100,1.961606250000001,0.44910937500000003,0.3616640624999998,0.18922656250000014
44200,1.9617101562500008,0.44951562500000003,0.3607187499999999,0.18976562499999997
44300,1.962558593750001,0.4498984375,0.3593437500000002,0.19075781249999996
44400,1.9609367187499998,0.44865625,0.3606171874999999,0.19072656249999997
44500,1.9608218750000002,0.44864843750000005,0.3597890624999998,0.19156249999999997
44600,1.9612148437499992,0.4475546874999999,0.3592734375,0.19317187499999997
44700,1.9662640624999992,0.45089843749999997,0.35643749999999996,0.1926640625000001
44800,1.9716726562500009,0.45438281249999996,0.3538515625,0.19176562500000002
44900,1.9708421875,0.4541328125000001,0.35372656249999984,0.19214062500000012
45000,1.9708523437499992,0.45342968749999985,0.35347656250000015,0.19309375000000004
45100,1.9716039062500008,0.4540390625,0.35274218749999997,0.19321875000000002
45200,1.9718726562500002,0.45388281249999995,0.3522968749999999,0.1938203125
45300,1.9758468750000004,0.4561796875000002,0.3503203125,0.1935000000000001
45400,1.9753328124999998,0.4554921875000002,0.35237500000000005,0.1921328124999999
45500,1.9727984375,0.4542578124999999,0.3529453125000001,0.1927968749999999
45600,1.9746249999999992,0.4551796875,0.3515312500000001,0.19328906249999994
45700,1.9752773437500009,0.45516406250000024,0.35172656249999995,0.19310937500000003
45800,1.9755351562499999,0.4554296875,0.35157812500000013,0.19299218749999994
45900,1.9767843750000003,0.4567343750000001,0.35162499999999997,0.19164062500000006
46000,1.9793390625000007,0.4578749999999999,0.3496171874999997,0.1925078125
46100,1.9810414062500001,0.45864062499999997,0.3485625,0.1927968749999999
46200,1.9812015625000006,0.45889062499999983,0.34953906249999994,0.19157031249999995
46300,1.9815578125000006,0.45958593749999993,0.34950781249999996,0.19090625000000008
46400,1.9809335937499999,0.45950781249999995,0.3500390625000002,0.19045312499999992
46500,1.981578906249999,0.45911718749999997,0.3489062499999999,0.19197656249999998
46600,1.9807765624999996,0.4596093750000001,0.350640625,0.18975000000000003
46700,1.980037500000001,0.45830468749999986,0.34900000000000003,0.19269531250000005
46800,1.9820359375000007,0.4586015624999999,0.34782812499999993,0.19357031249999998
46900,1.9851249999999996,0.46028906250000007,0.3449140624999999,0.19479687499999995
47000,1.9880312499999997,0.4607343749999998,0.34419531250000013,0.19507031249999998
47100,1.9886226562500007,0.46080468750000003,0.34358593749999977,0.195609375
47200,1.9870789062500005,0.4606328125,0.34430468750000004,0.19506249999999997
47300,1.9898203125000005,0.4614687500000002,0.3410156250000001,0.19751562500000006
47400,1.9905968749999994,0.4620781250000001,0.3408593750000002,0.19706250000000006
47500,1.9881750000000002,0.4604140624999999,0.34289062499999995,0.1966953125
47600,1.9868851562499996,0.46103906250000004,0.34518749999999987,0.1937734375
47700,1.9829179687499998,0.4581874999999999,0.3470625,0.19474999999999992
47800,1.9812210937500003,0.4573359375,0.3487421875,0.19392187500000002
47900,1.981771875,0.45810937499999993,0.34633593749999997,0.1955546875
48000,1.9822453125000001,0.4588515625000001,0.3483046875000001,0.19284375000000004
48100,1.9836343749999996,0.4587812500000001,0.3457343750000001,0.19548437499999996
48200,1.9822625000000005,0.4586875000000002,0.34711718750000004,0.19419531250000002
48300,1.9805640624999998,0.45745312499999996,0.3477109375000001,0.19483593750000017
48400,1.9805687500000004,0.45640624999999996,0.34731249999999997,0.19628125000000002
48500,1.9765375000000007,0.4539531250000002,0.3500312499999998,0.19601562499999992
48600,1.9736554687499999,0.45154687500000007,0.3520703124999999,0.1963828125000001
48700,1.9721835937500007,0.4511796875000001,0.35178125000000016,0.1970390625
48800,1.9695500000000006,0.44884375000000015,0.3533046874999998,0.1978515625
48900,1.9739601562499995,0.45065625000000004,0.35007031250000015,0.1992734375000001
49000,1.9733539062500003,0.45178125,0.35132031249999984,0.1968984375
49100,1.9739874999999993,0.45234375,0.35029687499999995,0.197359375
49200,1.9702906249999999,0.45027343750000004,0.352046875,0.19767968749999998
49300,1.96664609375,0.4475859375000001,0.35420312500000006,0.1982109375000001
49400,1.9672820312499995,0.44764062500000007,0.35325000000000006,0.19910937500000003
49500,1.9684367187499991,0.4484453125000001,0.3529375000000002,0.19861718750000004
49600,1.9690601562500007,0.4479687499999999,0.35257812499999985,0.19945312500000004
49700,1.9667890625000004,0.4481484375000001,0.3532109375,0.19864062499999996
49800,1.965753906250001,0.44754687499999984,0.35426562499999986,0.19818749999999993
49900,1.9672726562500007,0.44804687499999984,0.35335156249999994,0.1986015625
50000,1.9683164062499994,0.44855468750000005,0.35300000000000004,0.19844531250000008
50100,1.9678289062499996,0.44947656249999995,0.35403906249999983,0.196484375
50200,1.97037890625,0.4515859375,0.3536250000000002,0.1947890625
50300,1.970865625,0.4517890625,0.3536249999999997,0.19458593750000003
50400,1.9705648437500005,0.45181249999999995,0.35455468749999997,0.19363281250000006
50500,1.9703187499999997,0.45181249999999995,0.3551874999999998,0.19299999999999998
50600,1.9712703124999993,0.45189062500000016,0.3532109375000001,0.19489843749999997
50700,1.9752187499999994,0.45376562500000006,0.3494296875000001,0.19680468750000008
50800,1.9758820312499998,0.45422656249999993,0.34892187500000005,0.1968515625
50900,1.9732640625000013,0.45264062500000013,0.3486562499999999,0.19870312499999987
