step,mean_aspect_ratio,fraction_elongated,fraction_round,fraction_binary
100,1.0,0.0,1.0,0.0
200,2.2691296875000004,0.4798359374999998,0.045484374999999994,0.47467968749999995
300,2.4324828125,0.6974296874999998,0.065109375,0.23746093749999997
400,2.4515859375,0.7426484374999996,0.0742578125,0.18309374999999997
500,2.4493320312499987,0.7523359375000003,0.08257812499999999,0.16508593749999997
600,2.441640624999999,0.7508203125000003,0.0897734375,0.1594062499999999
700,2.4293851562500004,0.7474999999999995,0.09824218750000004,0.15425781249999992
800,2.424351562500001,0.7450156249999998,0.10313281250000005,0.15185156249999998
900,2.4192203125,0.7421328124999998,0.105265625,0.15260156249999995
1000,2.413453125,0.7396093750000003,0.11049218750000005,0.14989843749999998
1100,2.4078781249999994,0.737453125,0.11578906250000003,0.14675781249999997
1200,2.4045859375,0.7365703125,0.11775000000000002,0.14567968749999996
1300,2.4006914062499995,0.73521875,0.12094531249999999,0.14383593750000007
1400,2.4003015625000006,0.7347890624999998,0.12154687499999998,0.14366406249999997
1500,2.4036265625,0.7362812500000001,0.11885937499999998,0.1448593749999999
1600,2.40573046875,0.7375781249999999,0.11857812500000002,0.14384374999999996
1700,2.4045828124999993,0.7388984374999995,0.12098437499999999,0.1401171875
1800,2.4009500000000004,0.736796875,0.1236640625,0.13953906250000003
1900,2.4001101562500002,0.7365390625000001,0.12417187500000004,0.13928906249999998
2000,2.4016546875000007,0.7373671874999997,0.12385937499999998,0.13877343749999999
2100,2.4003859374999994,0.7364218750000004,0.12469531250000006,0.1388828125
2200,2.4035687500000003,0.7382031249999998,0.12277343750000005,0.13902343749999993
2300,2.4069742187500007,0.7412812500000001,0.1216328125,0.13708593749999998
2400,2.4098859375,0.7438593749999998,0.11979687500000005,0.13634375000000004
2500,2.415300000000001,0.7474296875000004,0.11765624999999999,0.1349140625
2600,2.4192437499999992,0.7502734375000003,0.11681250000000003,0.1329140625
2700,2.4213742187499987,0.7517499999999995,0.11628906250000005,0.1319609375
2800,2.4231890625,0.7526953125000002,0.116203125,0.1311015625000001
2900,2.4255773437499997,0.7542109375,0.115578125,0.13021093749999996
3000,2.4249109375000004,0.7537500000000001,0.11588281249999993,0.13036718749999998
3100,2.4261296875,0.7553906250000001,0.11592968749999998,0.12867968750000003
3200,2.4261210937499995,0.7556796875000004,0.11623437500000001,0.12808593750000008
3300,2.426934375000001,0.7571406250000005,0.11636718750000001,0.1264921875
3400,2.4305218750000006,0.7590546874999996,0.11469531250000001,0.12625000000000003
3500,2.43179296875,0.7594140625000003,0.11396875000000005,0.12661718750000003
3600,2.435137499999999,0.7610234374999999,0.11244531249999996,0.12653124999999996
3700,2.4365265625,0.7630703125000002,0.11238281250000004,0.12454687500000006
3800,2.437192187500001,0.7639140625000006,0.11224218750000002,0.12384374999999999
3900,2.4426625,0.7672343749999998,0.108765625,0.12400000000000004
4000,2.4449585937500005,0.7680781250000003,0.1073671875,0.12455468750000004
4100,2.447024218750001,0.7691796875,0.106828125,0.1239921875
4200,2.4489109375000004,0.7709062499999997,0.10690625000000001,0.12218750000000003
4300,2.450248437499999,0.7720546875000002,0.10653124999999998,0.12141406250000002
4400,2.4528171875000004,0.7738828124999997,0.10335937500000002,0.12275781250000002
4500,2.4569593749999994,0.7757656249999997,0.10172656250000005,0.12250781250000002
4600,2.4611695312500004,0.7798906250000002,0.10032812499999996,0.11978125
4700,2.4667664062499997,0.7828203125,0.09761718750000009,0.11956250000000002
4800,2.47135859375,0.7854296875000001,0.095640625,0.11892968750000003
4900,2.471226562500002,0.7854843750000002,0.09639062499999998,0.11812500000000002
5000,2.468629687499999,0.7842734375000006,0.0983359375,0.11739062500000005
5100,2.4659359374999994,0.7825156249999999,0.10079687499999998,0.11668750000000001
5200,2.46606796875,0.7824453124999999,0.10100781249999996,0.11654687499999995
5300,2.4662085937499993,0.7822734375000002,0.10057031250000004,0.11715625000000002
5400,2.466657812499999,0.7815546874999998,0.09903124999999999,0.11941406250000001
5500,2.4709812500000017,0.7834453125000002,0.09635156250000007,0.12020312500000002
5600,2.4756921875000013,0.7867109375,0.094203125,0.11908593750000002
5700,2.4789695312500006,0.7887578124999999,0.09239062500000002,0.11885156250000006
5800,2.4837562499999994,0.7925,0.09021875,0.11728125000000007
5900,2.488801562499999,0.7962109374999997,0.08828906249999999,0.11549999999999999
6000,2.4905976562500016,0.7977109374999999,0.08711718749999997,0.11517187500000008
6100,2.49221015625,0.7993515625,0.08703906250000001,0.11360937499999996
6200,2.4909515625,0.7979296875000002,0.0881796875,0.11389062499999995
6300,2.4892140624999994,0.7967031250000003,0.0883125,0.11498437500000003
6400,2.48848671875,0.7963750000000005,0.08893749999999996,0.11468750000000007
6500,2.4874328125,0.7953906249999996,0.09009375,0.11451562500000008
6600,2.4867640625,0.7939296874999998,0.09043750000000003,0.11563281250000002
6700,2.48609375,0.7935703124999997,0.089890625,0.1165390625
6800,2.48788046875,0.7944921874999996,0.088453125,0.11705468749999998
6900,2.49226796875,0.7976875,0.08627343750000004,0.11603906249999998
7000,2.4963445312499997,0.8020078125000002,0.08490625,0.11308593750000004
7100,2.4970414062499997,0.8032499999999999,0.08536718749999998,0.11138281249999997
7200,2.49956796875,0.8055859374999998,0.08469531250000004,0.10971874999999999
7300,2.501865625,0.8066171875,0.08267968749999999,0.11070312500000003
7400,2.50323828125,0.8062968749999999,0.08195312499999997,0.11175000000000004
7500,2.5020640625000006,0.8056796875000001,0.082578125,0.11174218749999999
7600,2.5018320312499998,0.805515625,0.08321874999999998,0.111265625
7700,2.5022445312500006,0.8064999999999998,0.08316406250000001,0.11033593750000004
7800,2.5047062500000017,0.8076249999999999,0.08113281250000001,0.11124218749999999
7900,2.5047257812500003,0.8072265624999998,0.08128906250000004,0.11148437500000002
8000,2.503989062500001,0.8069062500000002,0.08240625000000003,0.11068750000000002
8100,2.5048343749999984,0.8078046875000002,0.08219531249999998,0.11000000000000007
8200,2.5073085937500004,0.8100234374999999,0.08120312500000006,0.10877343750000003
8300,2.50958203125,0.8112812499999997,0.08010156249999997,0.10861718749999999
8400,2.512689843750001,0.8120781249999999,0.07851562500000002,0.10940625000000002
8500,2.5140984375000004,0.8132890624999992,0.0770703125,0.10964062500000005
8600,2.5184937499999998,0.8156640625000005,0.07530468750000004,0.10903124999999997
8700,2.520653125,0.817484375,0.07456249999999998,0.10795312499999998
8800,2.5219093749999995,0.8186562499999999,0.0739375,0.10740625
8900,2.523042968750002,0.819234375,0.0728984375,0.10786718749999992
9000,2.5256953124999995,0.8203593749999998,0.07178906249999997,0.10785156249999998
9100,2.528364843750001,0.8217968749999998,0.07000781249999996,0.10819531249999993
9200,2.5285820312500005,0.8218593750000003,0.07027343749999997,0.10786718749999999
9300,2.5279835937499997,0.8221640624999998,0.07032812499999999,0.10750781250000001
9400,2.5323171875000012,0.8245234375000002,0.06835937499999997,0.10711718750000003
9500,2.53392109375,0.8253203125000003,0.0673125,0.10736718750000002
9600,2.53350625,0.8258828125000005,0.06835156249999999,0.10576562500000004
9700,2.534543749999998,0.8260859375000005,0.06865624999999999,0.10525781250000002
9800,2.5333749999999995,0.8263984374999999,0.06978906249999997,0.1038125
9900,2.5336117187499987,0.8260468750000005,0.0689453125,0.10500781250000005
10000,2.532985156250001,0.82521875,0.07002343750000004,0.1047578125
10100,2.5317203124999996,0.8240937500000004,0.07068750000000001,0.10521875000000006
10200,2.5333726562500005,0.8248828125000003,0.06936718750000002,0.10575
10300,2.53358359375,0.8252343749999997,0.06831249999999998,0.10645312500000004
10400,2.5360304687500004,0.8265703125000001,0.06692968749999999,0.10650000000000007
10500,2.5358492187499997,0.8261796875000001,0.066890625,0.10692968750000006
10600,2.537189062499999,0.8269921875,0.066421875,0.10658593749999998
10700,2.539893749999999,0.8292421874999997,0.06510156250000003,0.10565624999999998
10800,2.5405710937499997,0.8296796874999999,0.06452343750000002,0.10579687499999998
10900,2.543439843750001,0.83190625,0.0638203125,0.10427343750000001
11000,2.543980468749999,0.8325000000000004,0.06371874999999999,0.10378124999999999
11100,2.547024999999999,0.8340781249999998,0.06087499999999998,0.10504687499999993
11200,2.5485906249999983,0.8352187499999998,0.06050781249999998,0.10427343749999998
11300,2.55023828125,0.8371875000000002,0.060703125,0.10210937499999999
11400,2.5503820312499994,0.8376640625000003,0.06121874999999999,0.1011171875
11500,2.5482835937500004,0.8358749999999996,0.061703124999999984,0.10242187500000004
11600,2.5494531250000008,0.8366484375000003,0.061257812499999995,0.10209375
11700,2.5512585937500014,0.8378671874999999,0.06065624999999996,0.1014765625
11800,2.5527640625,0.8381953125000001,0.05945312499999998,0.10235156249999998
11900,2.553317968749999,0.8381093749999998,0.0593203125,0.10257031250000004
12000,2.5556710937499996,0.8402187500000007,0.058562499999999997,0.10121874999999998
12100,2.5565257812500004,0.8413750000000002,0.05803125,0.10059375000000002
12200,2.5578445312499998,0.8421250000000002,0.05689843749999997,0.1009765625
12300,2.560362499999999,0.84371875,0.055078124999999985,0.10120312500000003
12400,2.5610531250000004,0.8441718749999998,0.05539062499999998,0.10043750000000004
12500,2.563161718749999,0.8455234374999999,0.05530468749999999,0.09917187499999995
12600,2.561888281249999,0.8454218750000001,0.055710937500000016,0.09886718750000004
12700,2.5597101562500013,0.8439374999999999,0.05735156249999998,0.09871093749999998
12800,2.558975781250001,0.843390625,0.05749999999999998,0.09910937500000004
12900,2.5595000000000008,0.8439687499999999,0.05728906249999999,0.09874218750000001
13000,2.5579179687499995,0.8436796875000003,0.058710937500000004,0.097609375
13100,2.5573515624999983,0.8433984375000004,0.05983593749999995,0.09676562500000001
13200,2.558260156250001,0.843671875,0.058484375000000005,0.09784375000000003
13300,2.5594843749999994,0.8449296874999999,0.057937499999999975,0.09713281250000001
13400,2.5611437500000007,0.8460859375000002,0.056835937499999996,0.09707812500000007
13500,2.561417187500001,0.8466953125,0.056101562500000035,0.09720312499999997
13600,2.5640156249999984,0.8480468750000001,0.0545859375,0.09736718749999998
13700,2.5653468750000004,0.8491640625000003,0.0549609375,0.09587499999999997
13800,2.566370312499998,0.8507734375000002,0.054718749999999976,0.09450781250000001
13900,2.567693750000001,0.8509765624999996,0.05345312499999999,0.09557031250000005
14000,2.5656617187499995,0.8495703124999995,0.05473437500000001,0.0956953125
14100,2.5650015624999996,0.8497500000000001,0.05478906249999996,0.09546093749999998
14200,2.56535546875,0.8500468749999998,0.05489843750000003,0.09505468750000001
14300,2.5665734375000007,0.8513984374999997,0.05438281249999999,0.09421875000000005
14400,2.5665789062499993,0.8516718749999997,0.05432812499999997,0.09399999999999999
14500,2.568215625000001,0.8525156250000001,0.05353906249999999,0.0939453125
14600,2.570859375,0.8549609374999999,0.052484375,0.09255468750000004
14700,2.571296093750001,0.8542343749999994,0.05184374999999999,0.09392187499999999
14800,2.5736546874999995,0.8560703124999992,0.05065624999999997,0.09327343749999999
14900,2.57277421875,0.8552578124999997,0.051304687500000015,0.09343749999999998
15000,2.5733546875000006,0.8547734375,0.050507812499999985,0.09471875
15100,2.5743726562499996,0.8555781249999997,0.050023437500000004,0.09439843750000004
15200,2.5738000000000016,0.8558437500000002,0.05121093750000001,0.09294531249999999
15300,2.573114843749999,0.8550156250000004,0.05190625,0.09307812500000004
15400,2.572659375,0.8545625,0.05192968750000001,0.09350781250000001
15500,2.5737742187500006,0.8544296875000001,0.051242187499999974,0.09432812500000004
15600,2.57453671875,0.8549374999999997,0.05082812499999998,0.09423437500000001
15700,2.5753242187500005,0.8557890625,0.050078124999999994,0.09413281250000001
15800,2.576582812499997,0.8561796875000003,0.04966406250000001,0.09415625000000002
15900,2.5753390624999994,0.8559375000000001,0.0502734375,0.0937890625
16000,2.5759906249999998,0.8558203125,0.04970312499999999,0.09447656250000004
16100,2.5760296874999997,0.8564374999999997,0.0505390625,0.09302343750000004
16200,2.57695625,0.8572421874999999,0.04982812499999999,0.09292968750000004
16300,2.577400000000001,0.8575703124999998,0.049789062499999974,0.09264062500000002
16400,2.577443750000001,0.8581171874999999,0.050265625000000015,0.0916171875
16500,2.579195312500001,0.8583749999999997,0.0487890625,0.09283593750000001
16600,2.5802250000000004,0.8592265624999997,0.04778906249999998,0.09298437500000004
16700,2.5821742187499996,0.8596406249999998,0.046257812499999995,0.09410156250000003
16800,2.5856554687500006,0.8609765625000001,0.04462499999999997,0.09439843750000007
16900,2.5872312500000003,0.861375,0.042906249999999986,0.09571874999999999
17000,2.5892953125,0.8642421874999999,0.042624999999999996,0.09313281250000002
17100,2.59033671875,0.8652187499999998,0.04277343749999999,0.0920078125
17200,2.5892812499999995,0.864921875,0.04322656250000001,0.0918515625
17300,2.5883039062499993,0.8650156249999998,0.044023437499999984,0.0909609375
17400,2.5882953125,0.8650312499999998,0.04395312499999999,0.091015625
17500,2.587931250000001,0.864625,0.044812499999999984,0.09056249999999996
17600,2.5856226562499995,0.8635468749999999,0.04593749999999999,0.09051562500000003
17700,2.584010937499998,0.8612499999999995,0.04584374999999999,0.09290625000000002
17800,2.584894531250001,0.8615625,0.04524999999999998,0.09318749999999999
17900,2.5866210937499994,0.8627109374999997,0.044859375,0.09242968749999997
18000,2.5881671874999994,0.8636562499999997,0.04378906249999998,0.09255468750000002
18100,2.5896945312499984,0.86559375,0.043171875000000005,0.09123437500000002
18200,2.5891609374999986,0.8650781249999997,0.04375781249999999,0.09116406250000002
18300,2.588914843749999,0.8645624999999993,0.044312499999999984,0.09112500000000004
18400,2.5885281249999994,0.8635546875,0.0438359375,0.09260937499999998
18500,2.5889132812500004,0.8644453124999997,0.043765625,0.0917890625
18600,2.588540625,0.8641328124999998,0.04385156249999998,0.09201562500000002
18700,2.5903156249999997,0.865859375,0.04376562499999999,0.09037500000000004
18800,2.58924765625,0.8658593749999998,0.04409374999999997,0.09004687500000003
18900,2.589005468750001,0.8652499999999997,0.04399999999999999,0.09075000000000001
19000,2.588872656249999,0.8647812499999998,0.044046875000000006,0.09117187500000003
19100,2.5879671875,0.8643203124999996,0.04494531250000001,0.09073437499999998
19200,2.58729140625,0.8643828125,0.045421874999999994,0.09019531249999997
19300,2.587555468749998,0.8644062499999997,0.0451796875,0.0904140625
19400,2.58742265625,0.8645078125000001,0.045078125000000004,0.09041406250000002
19500,2.589596875,0.8660859375,0.04409374999999999,0.08982031250000003
19600,2.59081015625,0.866578125,0.04292968749999999,0.09049218750000002
19700,2.5919562499999986,0.8664140624999999,0.041750000000000016,0.09183593749999994
19800,2.591661718749998,0.8655312500000002,0.041703125,0.09276562499999996
19900,2.591030468750001,0.8652968750000001,0.042609375,0.09209374999999995
20000,2.590506250000002,0.8646718750000003,0.0427265625,0.09260156249999997
20100,2.5909578125,0.8659687500000004,0.043101562499999996,0.0909296875
20200,2.59119609375,0.8666093750000002,0.04331249999999997,0.090078125
20300,2.592205468750001,0.8671718750000001,0.04266406249999996,0.09016406249999996
20400,2.5891210937500007,0.8662031250000002,0.044750000000000005,0.08904687500000001
20500,2.588698437499998,0.8662265624999999,0.04457812500000001,0.08919531249999998
20600,2.591121875000002,0.8679843749999997,0.043546874999999985,0.08846875000000001
20700,2.5941101562500006,0.8696250000000002,0.04189843749999996,0.0884765625
20800,2.5957023437500006,0.8704921874999999,0.04091406249999997,0.08859375000000005
20900,2.596168749999999,0.8707578124999997,0.04028906249999999,0.088953125
21000,2.5976375000000003,0.8718359374999998,0.03942187499999998,0.08874218749999997
21100,2.5985640625000004,0.8722890625000003,0.0392890625,0.08842187500000001
21200,2.59788515625,0.8723906249999998,0.03996874999999998,0.08764062499999999
21300,2.59706328125,0.8723828125000002,0.04077343749999999,0.08684375000000003
21400,2.5966609375,0.8721796874999995,0.04088281249999999,0.08693750000000007
21500,2.5960062500000007,0.8718203124999999,0.04123437499999999,0.08694531249999998
21600,2.595022656250001,0.8705546874999998,0.04171093749999999,0.08773437500000004
21700,2.594483593749999,0.8698203125,0.04217187499999999,0.08800781250000003
21800,2.592088281249999,0.8680625000000001,0.04337499999999999,0.08856250000000002
21900,2.5899867187500005,0.8668515625000003,0.04439062499999997,0.08875781250000005
22000,2.58963359375,0.8670703125000001,0.04462499999999998,0.08830468750000006
22100,2.5891562500000007,0.8667265624999998,0.04457812499999999,0.08869531250000004
22200,2.591209375,0.8675156249999998,0.04354687499999999,0.08893749999999999
22300,2.5933812499999993,0.8681640624999999,0.04226562499999998,0.08957031250000003
22400,2.5953304687500003,0.8699687500000003,0.041265624999999986,0.088765625
22500,2.5960828124999997,0.8706249999999998,0.0410234375,0.0883515625
22600,2.5978257812499996,0.8725156250000001,0.040476562499999987,0.08700781250000003
22700,2.59851015625,0.8730468749999998,0.039804687499999984,0.08714843750000001
22800,2.6006070312500023,0.8743828124999996,0.038351562499999985,0.08726562500000003
22900,2.60062265625,0.8743828125000002,0.03889062499999998,0.08672656249999998
23000,2.60108046875,0.8739765624999997,0.03863281249999998,0.08739062500000004
23100,2.6011695312499987,0.8737656250000001,0.038398437499999986,0.08783593750000004
23200,2.600947656249999,0.8740156250000001,0.03870312499999999,0.08728124999999998
23300,2.6009914062500017,0.8741874999999999,0.03899218749999998,0.0868203125
23400,2.6018187500000005,0.8749531249999993,0.03880468749999998,0.08624218750000003
23500,2.602137499999999,0.8751718749999998,0.037828124999999976,0.087
23600,2.60231015625,0.8754687499999997,0.037851562499999984,0.08667968749999999
23700,2.603504687500001,0.8767187499999999,0.03736718749999998,0.08591406250000003
23800,2.6053210937499993,0.8773124999999995,0.03631249999999998,0.08637500000000005
23900,2.605301562500002,0.8774453125000004,0.036390624999999996,0.0861640625
24000,2.6066625000000005,0.8784921874999997,0.03574999999999999,0.08575781249999999
24100,2.6066765624999997,0.8782578125000001,0.035914062499999976,0.08582812500000005
24200,2.6072171875000008,0.8788437499999999,0.035859375,0.08529687500000004
24300,2.6081539062500005,0.8795390624999998,0.03560156249999999,0.08485937500000001
24400,2.608774218750002,0.8800234375,0.035289062499999996,0.08468750000000004
24500,2.6071343749999993,0.8791015625000005,0.035898437499999984,0.08499999999999999
24600,2.607871875,0.8789765624999999,0.0354609375,0.08556250000000001
24700,2.6086242187499997,0.8796953125000003,0.035179687499999994,0.08512499999999998
24800,2.609067968749999,0.8798984374999996,0.035109374999999984,0.08499218749999998
24900,2.6075781249999994,0.8791249999999997,0.035859375,0.08501562500000003
25000,2.607913281249999,0.8792656249999999,0.035914062499999996,0.08482031250000002
25100,2.6068,0.8785312499999999,0.036312499999999984,0.08515625000000004
25200,2.605114062499999,0.8778671874999998,0.03715624999999998,0.08497656250000003
25300,2.60444140625,0.8774765624999998,0.03785156249999998,0.08467187500000004
25400,2.6034484375000018,0.8767109374999996,0.03810937500000001,0.08517968750000002
25500,2.6027515625,0.8761562500000003,0.03811718749999999,0.08572656249999999
25600,2.6024078125,0.8751015624999998,0.03827343750000001,0.08662499999999997
25700,2.601083593749999,0.8746171875000001,0.03933593749999997,0.08604687500000002
25800,2.6003343749999983,0.8742187499999999,0.03989843749999997,0.08588281250000004
25900,2.601105468750001,0.8751796874999995,0.03962499999999999,0.08519531249999998
26000,2.60090234375,0.8746874999999995,0.03926562499999998,0.086046875
26100,2.601425000000001,0.8748984374999992,0.038718749999999975,0.08638281249999999
26200,2.602583593750001,0.8753984374999998,0.037656249999999974,0.08694531250000004
26300,2.603600000000002,0.8757343750000002,0.0374140625,0.08685156249999995
26400,2.604310937500001,0.8769765624999998,0.037164062499999984,0.085859375
26500,2.6064781250000015,0.878609375,0.035960937500000005,0.0854296875
26600,2.608125781250001,0.8795390624999997,0.034921875,0.08553906250000001
26700,2.609265624999999,0.8803203124999995,0.03441406249999998,0.08526562499999998
26800,2.6097335937500006,0.8807265624999999,0.03461718749999999,0.08465624999999996
26900,2.6079429687499993,0.8798671874999998,0.03568749999999999,0.08444531249999998
27000,2.609224218750001,0.8810859374999997,0.034992187499999994,0.08392187499999999
27100,2.6094117187499988,0.8805859374999999,0.03477343749999997,0.08464062500000001
27200,2.6105054687499996,0.8818828125,0.03441406249999999,0.08370312500000006
27300,2.610815624999999,0.8821015624999999,0.03456249999999998,0.08333593750000003
27400,2.6106804687500005,0.8818437500000001,0.034578124999999994,0.08357812499999999
27500,2.6111804687499998,0.8826874999999996,0.03411718749999998,0.08319531250000002
27600,2.611528125,0.8829296874999998,0.033632812499999984,0.08343750000000003
27700,2.611463281249999,0.881921875,0.03351562499999999,0.08456250000000003
27800,2.610590625000001,0.8819687499999999,0.034374999999999975,0.08365624999999999
27900,2.6093296875,0.88134375,0.03549218749999997,0.08316406250000004
28000,2.608136718750001,0.8809140624999996,0.036156249999999994,0.08292968750000006
28100,2.6067531249999982,0.8804296874999998,0.037070312499999994,0.08249999999999999
28200,2.605597656249999,0.8790156250000001,0.03742187499999998,0.08356250000000001
28300,2.6054742187500013,0.8788124999999994,0.037148437499999964,0.08403906249999996
28400,2.6057992187499996,0.8792890624999999,0.037093749999999974,0.08361718750000001
28500,2.607150000000001,0.8797343749999994,0.03612499999999996,0.08414062500000005
28600,2.60747734375,0.8805703124999997,0.03640624999999999,0.08302343749999998
28700,2.6081367187499986,0.8809140624999999,0.03571093749999999,0.08337500000000005
28800,2.6108499999999997,0.8825546874999997,0.03410156249999998,0.08334375
28900,2.6122859375,0.8833749999999998,0.03401562499999997,0.08260937500000001
29000,2.6106046875,0.8830312499999995,0.03516406249999998,0.08180468749999997
29100,2.6079757812499995,0.8813515624999994,0.036187499999999984,0.08246093750000003
29200,2.6077953125000004,0.8808984374999999,0.03575,0.08335156250000005
29300,2.606450781250001,0.8802187500000003,0.036359374999999985,0.08342187500000002
29400,2.6063648437500015,0.8804453125000001,0.03600781249999997,0.08354687499999996
29500,2.607489843749998,0.8803515625000002,0.03539843749999999,0.08424999999999996
29600,2.6076140624999993,0.8807656249999994,0.035960937499999984,0.08327343750000003
29700,2.606787500000001,0.8796406250000002,0.0362734375,0.08408593749999997
29800,2.6057984375,0.8785234375,0.036851562500000004,0.08462500000000002
29900,2.60420859375,0.8772578124999997,0.037578124999999976,0.08516406249999998
30000,2.6041710937499993,0.8770078124999994,0.03731249999999999,0.08567968749999998
30100,2.6049171875,0.8784218750000001,0.03671093749999997,0.08486718750000004
30200,2.6065890625000003,0.8798828124999998,0.036343749999999966,0.08377343750000002
30300,2.6074914062499994,0.8807031249999995,0.035656249999999966,0.083640625
30400,2.6103984375000007,0.8828437499999996,0.034351562499999995,0.08280468749999999
30500,2.6111203124999993,0.8828046875,0.03387499999999997,0.08332031249999997
30600,2.6115617187500004,0.8829687499999993,0.033789062499999974,0.08324218750000001
30700,2.6113632812500005,0.8832578124999999,0.03410156249999997,0.08264062500000002
30800,2.61198671875,0.8833046874999994,0.033296874999999976,0.0833984375
30900,2.6118476562500006,0.8831093749999999,0.033632812499999984,0.08325781250000001
31000,2.613433593750001,0.884046875,0.03246093749999997,0.08349218750000001
31100,2.6129492187500003,0.8842656249999996,0.0327421875,0.08299218750000002
31200,2.6125765624999997,0.8842265625000001,0.033304687499999965,0.08246875
31300,2.6121367187500004,0.8842343749999996,0.034124999999999996,0.08164062500000004
31400,2.6107406249999996,0.8836953125,0.03498437499999998,0.08132031250000002
31500,2.6094070312500017,0.8831640624999997,0.03558593749999999,0.08125000000000003
31600,2.6097539062500004,0.8828749999999999,0.034875,0.08224999999999999
31700,2.6105507812500006,0.8829453125000001,0.034374999999999975,0.08267968749999997
31800,2.6108664062500013,0.882984375,0.03357031249999999,0.08344531250000004
31900,2.611093750000001,0.8839687500000001,0.033953124999999994,0.08207812500000002
32000,2.61192890625,0.8839296875000002,0.03334374999999998,0.08272656249999998
32100,2.6126492187500006,0.8848124999999999,0.033562499999999974,0.08162499999999996
32200,2.6128812499999987,0.8852109375,0.033609374999999976,0.08117968749999997
32300,2.611895312499999,0.8842421874999998,0.03397656249999996,0.08178124999999997
32400,2.61135,0.8844453125000001,0.034218749999999964,0.08133593750000004
32500,2.6120179687500014,0.8845468749999998,0.03350781249999997,0.08194531250000002
32600,2.6129820312499987,0.8852421874999999,0.03335937499999999,0.08139843749999998
32700,2.6125703125,0.8852578124999995,0.033999999999999975,0.0807421875
32800,2.61145703125,0.8839531249999997,0.034632812499999985,0.08141406249999998
32900,2.6107562500000006,0.8837656249999996,0.03453124999999996,0.08170312499999993
33000,2.6092742187500004,0.8829531249999998,0.03516406249999998,0.08188281249999997
33100,2.609148437500001,0.8828515624999997,0.035742187499999974,0.08140624999999997
33200,2.6087726562500007,0.8828593750000001,0.035609374999999964,0.08153124999999997
33300,2.61038671875,0.8842968750000001,0.03482031249999996,0.08088281250000001
33400,2.612071093750001,0.8849921874999997,0.034234375,0.0807734375
33500,2.6123078124999988,0.8854531249999995,0.03417968749999999,0.0803671875
33600,2.612107031249999,0.8855937499999993,0.034093749999999985,0.08031249999999998
33700,2.6121726562499985,0.8852968749999995,0.03433593749999999,0.08036718749999998
33800,2.6110328125,0.8849062499999997,0.035218749999999986,0.079875
33900,2.611785937500002,0.8847968749999999,0.034453124999999994,0.08075000000000002
34000,2.611975781250001,0.8848593750000001,0.0339921875,0.0811484375
34100,2.6115898437500014,0.8846953125,0.034359374999999984,0.08094531249999999
34200,2.6121015624999995,0.8847187499999999,0.03377343749999999,0.08150781250000003
34300,2.612195312499999,0.8849062499999998,0.03371093749999998,0.08138281249999998
34400,2.614959375,0.8872890625000001,0.032281249999999984,0.08042968749999999
34500,2.6171015625,0.8882890624999996,0.031468749999999976,0.08024218749999998
34600,2.6181984375,0.8892343749999997,0.031187499999999986,0.07957812500000004
34700,2.61869140625,0.8893281249999998,0.030523437499999986,0.08014843750000002
34800,2.6192921875000006,0.8898203124999998,0.03046093749999998,0.07971875000000002
34900,2.620205468750001,0.8903046874999994,0.03031249999999998,0.07938281250000001
35000,2.6185304687500004,0.8888828124999999,0.03128906249999998,0.07982812499999997
35100,2.616637499999999,0.8883437499999997,0.03210156249999998,0.07955468750000003
35200,2.6161828124999995,0.8876562499999997,0.032179687499999984,0.08016406250000001
35300,2.616180468749999,0.8872734375,0.03219531249999998,0.08053125
35400,2.6135414062499995,0.8854453124999998,0.03356249999999999,0.08099218750000003
35500,2.6116609374999995,0.8836796874999997,0.034367187499999986,0.08195312500000002
35600,2.6109671875000005,0.8833515624999998,0.03499999999999999,0.08164843750000002
35700,2.6104820312500006,0.8832578124999999,0.03498437499999998,0.08175781250000003
35800,2.61165390625,0.8842343750000001,0.03407031249999999,0.08169531250000003
35900,2.6133125,0.8851093749999998,0.033140624999999965,0.08175
36000,2.6134343750000015,0.8849140624999998,0.03314062499999999,0.08194531250000003
36100,2.614055468750001,0.8854921875000004,0.0330625,0.0814453125
36200,2.6169039062499975,0.8877968749999996,0.03232812499999999,0.07987499999999997
36300,2.6168281250000005,0.8884374999999999,0.032117187499999984,0.07944531249999999
36400,2.6171570312500005,0.8886406249999999,0.03174218749999999,0.0796171875
36500,2.617166406250001,0.8884765624999997,0.03194531249999998,0.07957812500000003
36600,2.6162085937500006,0.8877421874999997,0.032273437499999974,0.079984375
36700,2.61629453125,0.8873437500000001,0.03181249999999998,0.08084374999999999
36800,2.61549375,0.8864687499999998,0.03252343749999999,0.08100781250000001
36900,2.614496875,0.8861249999999999,0.0330078125,0.08086718749999998
37000,2.61351953125,0.8853515624999996,0.033320312499999984,0.08132812499999997
37100,2.6137046874999994,0.8854999999999995,0.03334374999999998,0.08115625000000001
37200,2.6146296875000004,0.8861953125,0.03292187499999998,0.08088281249999998
37300,2.6152359374999983,0.8870859374999995,0.03241406249999999,0.08049999999999993
37400,2.614849218749999,0.886765625,0.032718750000000005,0.080515625
37500,2.6146742187500003,0.8863671874999997,0.03274218749999999,0.08089062500000002
37600,2.6138976562499994,0.8860156250000002,0.03328906249999996,0.08069531250000003
37700,2.6142125000000003,0.8860703124999998,0.033398437499999996,0.08053124999999997
37800,2.6139718749999994,0.8862578124999998,0.033624999999999974,0.08011718750000003
37900,2.61476640625,0.8864609374999995,0.03358593749999999,0.07995312499999997
38000,2.6138984375000005,0.8860234375,0.03392968749999998,0.08004687500000002
38100,2.6127359375000014,0.8853828125,0.03410156249999999,0.08051562500000004
38200,2.6109085937500005,0.8844609375000004,0.035531249999999986,0.0800078125
38300,2.6098664062500005,0.8836015624999999,0.03610937499999999,0.08028906250000006
38400,2.609196875,0.8832968750000003,0.036554687499999995,0.0801484375
38500,2.610326562500001,0.8841249999999998,0.03510156249999998,0.08077343749999999
38600,2.6110789062499995,0.8843281249999998,0.034343749999999965,0.08132812499999999
38700,2.613194531249999,0.885765625,0.03325781249999999,0.0809765625
38800,2.616420312499999,0.8880624999999999,0.032289062499999965,0.07964843750000004
38900,2.6170554687500003,0.8881718749999998,0.03139843749999998,0.08042968750000004
39000,2.6173421875000003,0.8881249999999996,0.031499999999999986,0.08037500000000002
39100,2.61666484375,0.8878125,0.03203906249999999,0.08014843750000002
39200,2.6152710937500006,0.8870156250000002,0.03286718749999997,0.08011718750000003
39300,2.614277343750001,0.886109375,0.03325781249999998,0.0806328125
39400,2.6133148437499996,0.8853046875000004,0.03349999999999998,0.08119531250000002
39500,2.6145132812500003,0.8863046874999999,0.03300781249999997,0.08068750000000005
39600,2.6143101562500006,0.8864140625000002,0.03317187499999998,0.08041406250000001
39700,2.6150914062499977,0.8866796874999999,0.032437499999999994,0.08088281250000001
39800,2.6152546875000007,0.8870234375000001,0.03265625,0.08032031250000005
39900,2.61579375,0.8868906249999999,0.0326015625,0.08050781250000003
40000,2.6159796875000003,0.8866874999999999,0.032609374999999975,0.08070312499999995
40100,2.6156140625,0.8869765624999998,0.03225781249999997,0.08076562500000001
40200,2.616585937500001,0.8871796874999998,0.03171093749999998,0.08110937499999997
40300,2.6176007812499993,0.8882734374999995,0.031554687499999984,0.08017187499999999
40400,2.6179632812499998,0.88940625,0.03161718749999999,0.0789765625
40500,2.6189312499999997,0.8903593750000002,0.030890624999999984,0.07875
40600,2.6203406250000003,0.8912109375,0.03014062499999998,0.07864843750000007
40700,2.621,0.8918984375000003,0.02979687499999997,0.07830468750000005
40800,2.6210476562499996,0.8922109375,0.03042187499999999,0.07736718750000002
40900,2.61937890625,0.8915546874999999,0.031414062499999985,0.07703125000000001
41000,2.618527343749999,0.8911406249999995,0.03174999999999998,0.07710937500000001
41100,2.616617968749999,0.8894999999999998,0.032429687499999985,0.07807031250000004
41200,2.614875781249999,0.8884062500000001,0.033656249999999985,0.07793750000000003
41300,2.6127460937499998,0.887046875,0.03450781249999999,0.0784453125
41400,2.610917187500001,0.8855937499999994,0.03562499999999998,0.07878125000000005
41500,2.611475781249999,0.8858593749999996,0.03522656249999998,0.07891406250000005
41600,2.6135484374999995,0.8871953125000002,0.03349218749999997,0.07931250000000002
41700,2.61566953125,0.8888437499999997,0.03267187499999999,0.078484375
41800,2.6184374999999998,0.8903203124999998,0.03115624999999999,0.07852343750000002
41900,2.619747656249999,0.8912265624999997,0.030539062499999978,0.07823437500000001
42000,2.618525,0.8907578125000001,0.03180468749999999,0.07743749999999998
42100,2.6175187499999986,0.8906718750000002,0.03240624999999998,0.07692187500000003
42200,2.61632109375,0.8902890625,0.032429687499999985,0.07728124999999995
42300,2.615550781249999,0.8894765625000005,0.03279687499999998,0.07772656250000003
42400,2.6150539062500004,0.8897031250000002,0.03322656249999997,0.07707031250000007
42500,2.615996875000001,0.8902265625000003,0.03299218749999998,0.07678125000000004
42600,2.61704140625,0.8907187500000003,0.03180468749999998,0.07747656250000003
42700,2.617214062499999,0.8904609374999998,0.03224999999999998,0.07728906250000002
42800,2.61764921875,0.8916406249999996,0.03167187499999997,0.07668750000000002
42900,2.619289062500001,0.8924453125000001,0.030679687499999973,0.07687500000000003
43000,2.6203640624999998,0.8938125,0.03046874999999998,0.07571874999999997
43100,2.6207242187500004,0.8947812499999996,0.030437499999999985,0.07478125000000002
43200,2.621096093749998,0.8942890625,0.030124999999999978,0.07558593750000003
43300,2.621703124999999,0.8954765624999999,0.030218749999999975,0.07430468749999998
43400,2.6219117187500003,0.8953359374999998,0.02987499999999997,0.07478906250000002
43500,2.6225726562499987,0.89590625,0.029156249999999974,0.0749375
43600,2.6240148437499995,0.8975156250000002,0.02849999999999996,0.07398437500000002
43700,2.624208593749999,0.8978593749999997,0.028742187499999974,0.07339843750000001
43800,2.6232671874999998,0.8974374999999994,0.02957031249999997,0.07299218750000001
43900,2.6226023437499997,0.8967890625000007,0.02991406249999997,0.07329687500000003
44000,2.622317187499999,0.8962109374999999,0.02992187499999997,0.07386718750000001
44100,2.622097656250001,0.8960156250000002,0.029773437499999972,0.07421093749999998
44200,2.6222828124999995,0.8960234375000001,0.029499999999999974,0.07447656250000001
44300,2.622965625000001,0.8958515625,0.028898437499999978,0.07525000000000001
44400,2.623107031249999,0.8959687500000001,0.029085937499999975,0.07494531249999999
44500,2.623107812499999,0.8962421874999997,0.029187499999999967,0.07457031250000001
44600,2.6206984375000006,0.8944453125000003,0.03037499999999998,0.07517968750000006
44700,2.6195359375000002,0.8937656249999997,0.03139062499999998,0.07484375000000003
44800,2.6176820312499993,0.8923749999999998,0.03194531249999999,0.0756796875
44900,2.6177843749999994,0.8924687500000003,0.031671874999999974,0.075859375
45000,2.6178453124999983,0.8922109375000004,0.03200781249999998,0.07578125000000002
45100,2.617304687500001,0.8919374999999999,0.03228124999999997,0.07578125000000001
45200,2.6177085937499993,0.8926640625000001,0.03253906249999998,0.07479687500000001
45300,2.617875781249999,0.892875,0.03214843749999998,0.07497656250000005
45400,2.6185414062499985,0.8933437500000001,0.03158593749999998,0.07507031249999999
45500,2.61901640625,0.8935703125000004,0.03142968749999997,0.07499999999999997
45600,2.6194625000000005,0.8937734374999996,0.030921874999999967,0.0753046875
45700,2.6187992187499995,0.8928593749999998,0.030945312499999964,0.07619531250000004
45800,2.618834375,0.8929921874999998,0.030906249999999982,0.07610156250000001
45900,2.6193578124999983,0.8938203125000002,0.031031249999999986,0.0751484375
46000,2.6206843749999993,0.8947109375,0.030273437499999962,0.07501562499999996
46100,2.6207843749999995,0.8950234375,0.030624999999999986,0.07435156249999997
46200,2.6223070312499988,0.8953125000000001,0.02961718749999999,0.07507031249999996
46300,2.6221789062500007,0.8956796874999998,0.029843749999999992,0.07447656249999994
46400,2.6234039062500005,0.8963749999999997,0.02908593749999998,0.07453906249999998
46500,2.62382265625,0.897,0.028742187499999995,0.07425781249999999
46600,2.624309375,0.8975937500000002,0.02813281249999998,0.07427343750000001
46700,2.6245437499999995,0.8972890625000001,0.028687499999999984,0.07402343750000004
46800,2.6246601562499987,0.8974140624999996,0.028453124999999985,0.07413281249999999
46900,2.625288281249999,0.8980234375000005,0.02830468749999998,0.07367187500000001
47000,2.624729687500001,0.8978906249999997,0.028726562499999976,0.0733828125
47100,2.62469296875,0.8976250000000006,0.02872656249999999,0.0736484375
47200,2.6247460937500002,0.8974140624999999,0.02853124999999997,0.07405468750000002
47300,2.6249281250000003,0.89828125,0.028289062499999972,0.07342968750000001
47400,2.624651562500001,0.8986015624999998,0.029265624999999976,0.0721328125
47500,2.624799218749999,0.898578125,0.029218749999999977,0.07220312500000002
47600,2.6246367187499997,0.8978750000000003,0.029015624999999972,0.07310937500000006
47700,2.623598437500001,0.8974218750000001,0.02963281249999998,0.07294531250000003
47800,2.623398437499999,0.8973515625,0.02964843749999999,0.07300000000000002
47900,2.6245781250000007,0.8977421875,0.028718749999999984,0.07353906250000003
48000,2.6259500000000013,0.8988359374999998,0.028242187499999984,0.072921875
48100,2.6277984375,0.8999218750000006,0.027054687499999976,0.07302343750000002
48200,2.6285539062499996,0.9004531250000002,0.02664062499999997,0.07290625000000003
48300,2.630160156250001,0.9013984374999996,0.02601562499999998,0.0725859375
48400,2.6306671875000007,0.9019453125000001,0.025289062499999987,0.072765625
48500,2.6302601562500008,0.9016249999999997,0.025195312499999976,0.07317968750000002
48600,2.6291007812499987,0.9009843749999995,0.025898437499999993,0.07311718750000001
48700,2.6304367187499986,0.90175,0.025398437499999992,0.07285156250000002
48800,2.6295789062499986,0.9012265624999999,0.026109374999999987,0.07266406249999997
48900,2.627680468749999,0.9003203125000002,0.02740624999999998,0.07227343750000002
49000,2.6270929687500018,0.8995234375000002,0.027851562499999972,0.07262499999999998
49100,2.62718203125,0.8994062500000002,0.027601562499999975,0.07299218749999999
49200,2.6278726562499988,0.9001562500000002,0.02751562499999999,0.07232812499999998
49300,2.629165625,0.90040625,0.02664843749999999,0.07294531249999998
49400,2.6296085937499996,0.9011484375,0.026515624999999966,0.0723359375
49500,2.63165859375,0.9026406250000001,0.025468749999999984,0.07189062500000001
49600,2.631159375,0.90234375,0.025789062499999973,0.07186718750000001
49700,2.6301585937499987,0.9020546875,0.026554687499999986,0.071390625
49800,2.6286398437499994,0.9008515624999999,0.027179687499999976,0.07196875000000003
49900,2.626126562500001,0.8991562499999997,0.028523437499999988,0.07232031249999998
50000,2.6242304687500004,0.8976249999999999,0.029523437499999982,0.0728515625
50100,2.6223695312500013,0.8962187499999996,0.03004687499999997,0.07373437500000002
50200,2.6216007812499993,0.8957265625,0.030539062499999967,0.07373437499999999
50300,2.6216609374999997,0.8958828125,0.030109374999999983,0.07400781249999995
50400,2.622015625000001,0.8955546875,0.02995312499999998,0.07449218749999996
50500,2.6232023437499996,0.8962421875000001,0.029406249999999984,0.07435156250000001
