step,mean_aspect_ratio,fraction_elongated,fraction_round,fraction_binary
100,1.0,0.0,1.0,0.0
200,1.96905390625,0.2673984375,0.08766406250000001,0.6449375000000004
300,2.1842820312500004,0.4946484375,0.13678906250000003,0.36856249999999985
400,2.234034375000001,0.5722499999999997,0.157890625,0.2698593749999999
500,2.240203906249999,0.5949921874999999,0.17211718749999988,0.232890625
600,2.2386976562500003,0.6039843749999998,0.17968750000000006,0.216328125
700,2.2352851562500007,0.6066874999999997,0.18678906249999996,0.2065234375000001
800,2.2290234374999995,0.6066328124999999,0.19446093749999996,0.19890624999999998
900,2.223719531249999,0.6052499999999998,0.19876562499999997,0.19598437500000004
1000,2.2217140625000007,0.6066718750000001,0.20213281249999993,0.1911953125
1100,2.2199335937499995,0.6070625,0.205109375,0.18782812500000004
1200,2.220419531249999,0.6071562499999998,0.20519531250000003,0.18764843749999996
1300,2.22055,0.6082734374999998,0.20482812499999997,0.18689843750000013
1400,2.2246499999999996,0.6115156249999995,0.20290624999999993,0.18557812500000004
1500,2.228825,0.6140625,0.20242968749999993,0.18350781250000006
1600,2.2327835937499985,0.6171328124999998,0.19981249999999992,0.1830546875
1700,2.2348203125,0.6182421874999998,0.20052343749999987,0.181234375
1800,2.2402523437500004,0.62278125,0.19845312499999995,0.178765625
1900,2.2443257812499997,0.6258828125000002,0.19832031249999996,0.175796875
2000,2.2488914062500007,0.6287656250000002,0.19734374999999996,0.17389062500000005
2100,2.2518484374999996,0.6311640625,0.1958281250000001,0.1730078124999999
2200,2.2523484374999994,0.6318125000000001,0.19661718749999998,0.17157031249999993
2300,2.2527640625000007,0.6317031250000003,0.19703125,0.17126562500000003
2400,2.252361718750001,0.6311015625,0.19761718750000004,0.17128125000000005
2500,2.25310859375,0.6310390624999997,0.1983828125,0.17057812499999989
2600,2.2543890624999996,0.6329296875,0.19778125,0.1692890624999999
2700,2.258062499999999,0.6361406250000005,0.19558593750000003,0.16827343749999998
2800,2.2622218750000003,0.6368671874999999,0.19261718750000004,0.17051562499999992
2900,2.26380390625,0.6383203125000001,0.19279687499999998,0.16888281249999995
3000,2.2682773437500012,0.6405937500000001,0.1899609375000001,0.1694453125
3100,2.2724507812500008,0.6430937499999999,0.1874765625,0.16942968750000004
3200,2.2761367187500015,0.6452187500000002,0.18599999999999997,0.16878125
3300,2.2823781250000006,0.65028125,0.18416406249999992,0.16555468750000002
3400,2.288853906250001,0.6549140625000003,0.18159374999999997,0.16349218749999997
3500,2.291595312499999,0.6570625,0.18091406250000006,0.16202343750000003
3600,2.2955273437499994,0.6586484374999999,0.1779531249999999,0.16339843749999994
3700,2.2978281249999988,0.6603437499999998,0.17759374999999994,0.16206249999999997
3800,2.300939062500001,0.6638515625,0.17702343749999996,0.15912499999999996
3900,2.3029796874999997,0.6653359374999996,0.1763828125,0.15828124999999998
4000,2.3056906249999995,0.6662890625000001,0.17402343750000002,0.15968749999999998
4100,2.307423437500001,0.6674140625000002,0.1734687500000001,0.1591171875
4200,2.3145945312499996,0.6709140625000001,0.16793749999999996,0.1611484375
4300,2.322174218750001,0.6746796875000001,0.16421875,0.16110156250000007
4400,2.3305289062500005,0.6792421875,0.15896093750000007,0.16179687499999995
4500,2.3355984375000007,0.6829453124999998,0.15800000000000003,0.15905468749999999
4600,2.3393710937500005,0.6851328124999999,0.15603906249999996,0.15882812500000004
4700,2.3383109374999997,0.6848046874999999,0.15799999999999997,0.15719531249999996
4800,2.3356820312499997,0.6831171875000004,0.15992968749999995,0.15695312499999997
4900,2.3332000000000006,0.6809609375000003,0.16141406250000007,0.15762500000000004
5000,2.33261796875,0.6811484375,0.16259374999999998,0.15625781249999993
5100,2.33101953125,0.6809453125000001,0.16397656249999992,0.1550781249999999
5200,2.331577343750001,0.6817578125000001,0.16510156250000008,0.153140625
5300,2.3313242187500003,0.6815078125000003,0.16558593749999997,0.15290625000000002
5400,2.3296742187499992,0.6807265624999999,0.1658203124999999,0.15345312499999994
5500,2.3316617187500004,0.6808203124999995,0.164484375,0.15469531250000002
5600,2.33361171875,0.6822343750000003,0.1640234375000001,0.1537421875
5700,2.3365281250000005,0.68425,0.1624296874999999,0.15332031249999994
5800,2.3377976562500007,0.6860156249999998,0.1615078125,0.15247656249999997
5900,2.3417624999999993,0.6881250000000002,0.15872656249999995,0.15314843749999998
6000,2.3489890625000007,0.6912031249999996,0.15420312500000005,0.15459375000000003
6100,2.3547304687500006,0.695046875,0.15198437500000003,0.15296875
6200,2.35805546875,0.6966484375,0.1490390625,0.1543124999999999
6300,2.3615539062499993,0.6984609375000002,0.14717187499999998,0.15436718750000006
6400,2.363229687499999,0.6999531249999998,0.14717968750000004,0.15286718750000006
6500,2.3653031249999987,0.7005156249999998,0.14595312499999993,0.15353125
6600,2.370810937500001,0.7042968750000002,0.1434375,0.152265625
6700,2.3737726562500012,0.7053281249999996,0.14285937500000004,0.1518125
6800,2.3720820312499997,0.7063437500000004,0.1459140625,0.14774218749999998
6900,2.3652999999999995,0.7034453125,0.14921875000000007,0.14733593749999999
7000,2.3645375,0.7022968750000004,0.14910937500000004,0.14859375000000002
7100,2.3675804687500004,0.7033437499999997,0.1476796875,0.14897656250000002
7200,2.3701476562499995,0.7050703124999996,0.14622656250000002,0.14870312500000005
7300,2.372101562499999,0.705953125,0.14574218750000004,0.14830468749999992
7400,2.372600781249999,0.7068359374999997,0.14578124999999992,0.14738281250000004
7500,2.37263046875,0.7075859375000002,0.14471093749999991,0.14770312499999994
7600,2.3734226562500003,0.7086093750000003,0.14516406250000005,0.14622656249999996
7700,2.375313281250001,0.7100156250000002,0.1436718749999999,0.14631249999999998
7800,2.3766664062499996,0.7102265625000003,0.14224999999999996,0.1475234374999999
7900,2.378229687499999,0.7108515624999998,0.14149218750000006,0.14765625
8000,2.3793335937499998,0.7106171875000001,0.14127343749999996,0.14810937499999996
8100,2.3812156250000003,0.7118359374999998,0.13982031250000002,0.14834375000000002
8200,2.38309609375,0.7126874999999995,0.1387343750000001,0.14857812499999995
8300,2.38789921875,0.7154765624999998,0.13582812500000002,0.1486953125
8400,2.3937812500000004,0.7199375,0.13414843750000002,0.1459140624999999
8500,2.3989492187499994,0.7216250000000003,0.1311796875,0.1471953125
8600,2.401066406249999,0.7238515625000002,0.13082031249999995,0.14532812500000003
8700,2.4019609374999997,0.7245937499999999,0.13018749999999998,0.14521874999999998
8800,2.4016265624999984,0.7249531250000004,0.13037500000000002,0.14467187499999995
8900,2.4004179687500002,0.72409375,0.13205468750000005,0.14385156249999995
9000,2.39834296875,0.7234374999999998,0.1342578125,0.1423046875
9100,2.3932593749999995,0.7211718749999998,0.13623437500000007,0.14259374999999996
9200,2.39558046875,0.7226562500000003,0.13537500000000008,0.14196875
9300,2.398825781249999,0.7250937499999998,0.133375,0.14153125
9400,2.403120312500001,0.7264375000000001,0.12972656250000003,0.14383593749999998
9500,2.4072992187500004,0.7286250000000004,0.12746093750000004,0.14391406250000005
9600,2.410428906250001,0.7321171875000003,0.12582812500000004,0.14205468749999997
9700,2.4157070312499993,0.733625,0.12280468750000002,0.14357031249999994
9800,2.4181632812499996,0.7355156249999996,0.12169531250000004,0.14278906249999998
9900,2.418703906250001,0.7358906249999999,0.12235937499999996,0.14175000000000001
10000,2.4183851562500003,0.7356953125000001,0.12207031250000001,0.14223437499999997
10100,2.421102343749998,0.7374531249999997,0.12117187500000003,0.14137500000000014
10200,2.4226773437500015,0.7388671875000002,0.1208515625,0.14028125000000008
10300,2.4250468750000014,0.7393984375000001,0.11910937499999996,0.14149218749999995
10400,2.4254843749999986,0.7399062500000007,0.1195703125,0.14052343749999996
10500,2.4270624999999995,0.7415000000000003,0.11842968750000002,0.14007031250000002
10600,2.4276054687499995,0.741484375,0.11861718749999998,0.13989843750000003
10700,2.4296109374999997,0.7423828125000002,0.11610937500000001,0.14150781250000002
10800,2.4320523437499992,0.743015625,0.11514062500000004,0.14184374999999996
10900,2.434513281250001,0.7446718749999998,0.113140625,0.1421875
11000,2.4380031249999994,0.7473749999999998,0.11290625000000004,0.13971875
11100,2.439523437500001,0.7490312499999998,0.11302343750000003,0.1379453125
11200,2.43886640625,0.7485859375000001,0.11446093750000003,0.13695312499999998
11300,2.438842968750001,0.7480468749999997,0.11366406249999993,0.13828906249999998
11400,2.4391789062499996,0.7480468749999996,0.11439843749999996,0.13755468749999997
11500,2.43995859375,0.74875,0.11408593750000001,0.13716406250000007
11600,2.44285234375,0.7501796875,0.112078125,0.13774218749999992
11700,2.4456484374999996,0.7523046874999999,0.1102734375,0.13742187500000003
11800,2.4477546874999985,0.7529921875000002,0.10916406250000005,0.13784375
11900,2.4460695312500005,0.7526328124999998,0.1105859375,0.1367812499999999
12000,2.4441109375,0.7514140625,0.11181249999999995,0.13677343749999993
12100,2.442605468750002,0.7509062500000003,0.112359375,0.136734375
12200,2.4397898437500003,0.7489296874999999,0.11464843750000005,0.13642187500000003
12300,2.4386953125000024,0.748,0.11439062499999997,0.137609375
12400,2.4369789062500002,0.7469296874999998,0.11563281250000002,0.13743749999999996
12500,2.438492968750001,0.7467187500000001,0.11478125,0.13849999999999996
12600,2.44027265625,0.7482031250000006,0.11330468749999997,0.1384921875
12700,2.4448820312499997,0.7512890625000002,0.1101796875,0.13853124999999994
12800,2.4489945312500003,0.7534296875000004,0.10846875,0.13810156250000002
12900,2.4537187499999997,0.7565624999999997,0.10554687499999996,0.13789062500000002
13000,2.4558335937499995,0.7580781250000004,0.10467968750000006,0.1372421875
13100,2.457939843749999,0.7581640625000002,0.10377343750000005,0.13806249999999998
13200,2.458307031250001,0.7593984374999997,0.10376562500000003,0.13683593749999992
13300,2.459485937499999,0.7602500000000001,0.10314062500000003,0.136609375
13400,2.4622281249999993,0.7619843749999998,0.1017578125,0.13625781249999988
13500,2.4617296875,0.7632265625,0.10266406249999999,0.13410937499999998
13600,2.4609726562499996,0.7628671874999997,0.10342187500000001,0.1337109375
13700,2.4612960937499992,0.7628515625000002,0.10191406249999994,0.13523437500000002
13800,2.4609234374999995,0.7629843749999999,0.10305468749999999,0.13396093750000004
13900,2.460254687500001,0.7619062500000001,0.10424218750000003,0.1338515625
14000,2.4587773437500005,0.76184375,0.10525781250000003,0.13289843749999997
14100,2.4590609374999985,0.7618750000000005,0.10467187499999998,0.13345312499999998
14200,2.4593062499999987,0.7619609374999996,0.10519531249999997,0.13284375
14300,2.45526640625,0.7595937500000002,0.10808593750000003,0.13232031249999998
14400,2.4541648437500005,0.7582968749999999,0.10820312499999996,0.13350000000000006
14500,2.4540499999999996,0.7581250000000002,0.107625,0.13425000000000004
14600,2.4548124999999996,0.7588124999999999,0.10769531249999992,0.13349218750000003
14700,2.4559296874999994,0.7595468749999998,0.10760937499999998,0.13284375000000004
14800,2.456815624999999,0.760234375,0.106625,0.13314062499999996
14900,2.459451562499999,0.7607968749999997,0.10461718749999997,0.13458593750000006
15000,2.4610406250000008,0.7616718750000001,0.10391406250000006,0.13441406249999993
15100,2.4644953125,0.7640078124999998,0.1008671875,0.13512500000000005
15200,2.466920312500001,0.7656796875,0.09935156250000002,0.13496875000000003
15300,2.46936171875,0.7663593750000001,0.0985,0.13514062500000001
15400,2.4718851562500004,0.7687343750000003,0.0973203125,0.13394531249999994
15500,2.47221796875,0.7694140625000001,0.09679687499999999,0.13378906250000003
15600,2.472836718750001,0.7699140625,0.09714843750000005,0.1329375
15700,2.472705468750002,0.76921875,0.09730468750000001,0.13347656249999995
15800,2.4713015625000003,0.7686171874999996,0.09809375000000005,0.13328906249999992
15900,2.4686624999999993,0.7669062499999998,0.09938281249999995,0.13371093749999996
16000,2.4678507812500015,0.7658515625000001,0.09929687499999999,0.13485156250000002
16100,2.4698343749999996,0.768046875,0.09926562499999995,0.13268749999999999
16200,2.4706124999999988,0.7691484375000005,0.09953125000000003,0.13132031249999995
16300,2.469925,0.7686953125000004,0.10090625,0.13039843750000002
16400,2.471467968749999,0.7692578125000001,0.09879687499999998,0.13194531250000008
16500,2.4740867187499993,0.7712499999999999,0.09730468749999999,0.13144531250000002
16600,2.476720312500001,0.7726406250000002,0.09580468750000004,0.1315546875
16700,2.4802664062499993,0.7743281249999996,0.09286718749999996,0.1328046875
16800,2.481872656250001,0.7735234374999999,0.09250781250000002,0.13396875
16900,2.4817015624999983,0.7739296874999997,0.09273437500000005,0.13333593749999997
17000,2.4825429687500002,0.7747656250000003,0.09253124999999998,0.13270312499999995
17100,2.4813867187499987,0.7743749999999999,0.093609375,0.13201562500000003
17200,2.4811109375000013,0.7744062499999996,0.093875,0.13171875
17300,2.479546875000001,0.7743671875,0.09490625000000001,0.1307265625
17400,2.478881250000001,0.7737187499999998,0.0948515625,0.1314296875
17500,2.4793578124999995,0.7740937499999999,0.09457031249999999,0.1313359375
17600,2.479639062499999,0.7742499999999999,0.0949296875,0.1308203125
17700,2.480284374999999,0.7739765624999999,0.09460937500000002,0.13141406249999998
17800,2.4825515624999994,0.7754843749999997,0.09346093750000001,0.1310546875
17900,2.4816140624999985,0.7750156249999997,0.09387499999999997,0.131109375
18000,2.4796164062500012,0.7742499999999998,0.09525000000000002,0.1305
18100,2.47880078125,0.7730234374999998,0.09507031249999996,0.13190624999999995
18200,2.4785695312500002,0.7730000000000004,0.09465625000000007,0.13234374999999995
18300,2.47931171875,0.7733749999999996,0.09465625000000001,0.13196874999999997
18400,2.4803257812500004,0.7742499999999998,0.0943984375,0.13135156250000002
18500,2.4797109375,0.7745937499999999,0.0953671875,0.13003906249999994
18600,2.47936953125,0.7738515624999999,0.09478124999999998,0.1313671875
18700,2.4816328125,0.7755625000000004,0.09414843749999999,0.13028906250000008
18800,2.4852429687499993,0.7784921874999999,0.09184374999999999,0.1296640625
18900,2.4878117187499993,0.7795390624999999,0.09043749999999999,0.13002343750000006
19000,2.490049218750001,0.7803437500000003,0.08923437500000003,0.13042187500000002
19100,2.4927742187500006,0.7823437500000003,0.08642187500000001,0.131234375
19200,2.4970656250000003,0.785171875,0.08486718749999995,0.12996093749999998
19300,2.4987789062500014,0.7871796874999999,0.08442968750000003,0.12839062500000004
19400,2.4970632812500004,0.7867265625000003,0.08583593750000001,0.1274375
19500,2.494621875,0.7856875000000001,0.08703906250000004,0.12727343750000006
19600,2.4955359374999997,0.7849531249999998,0.08664843749999998,0.12839843749999988
19700,2.4935882812499988,0.7840625000000001,0.08796875000000003,0.12796875000000002
19800,2.4930687499999995,0.7841406250000006,0.08810156250000002,0.12775781249999996
19900,2.492532031250001,0.7833515625,0.08895312499999998,0.12769531249999996
20000,2.4904882812499993,0.7821562500000001,0.0899375,0.12790624999999997
20100,2.4925710937500005,0.7831640624999998,0.08801562499999994,0.12882031250000003
20200,2.4956031250000006,0.7855625000000002,0.08658593749999993,0.1278515625
20300,2.497840625,0.786703125,0.08556249999999996,0.12773437499999993
20400,2.497731250000001,0.7863671875000003,0.08585156249999996,0.12778124999999999
20500,2.49742578125,0.7864531250000004,0.08642187499999995,0.12712500000000004
20600,2.497961718750001,0.7870546874999997,0.08628125,0.12666406250000004
20700,2.4998875000000007,0.787421875,0.08468749999999996,0.12789062499999995
20800,2.5011343749999986,0.7883359374999994,0.08348437500000001,0.12817968750000003
20900,2.5032023437499995,0.7898671875,0.08249999999999995,0.12763281249999997
21000,2.5041320312499997,0.7908671875,0.08237500000000005,0.1267578125
21100,2.5043328124999986,0.7904921874999996,0.0826484375,0.12685937499999997
21200,2.504905468750001,0.7902187500000001,0.08178125000000008,0.12800000000000006
21300,2.505359374999999,0.7908749999999998,0.08252343750000006,0.1266015625
21400,2.5048656249999994,0.7908125000000003,0.08269531249999999,0.12649218749999996
21500,2.5044695312500003,0.7906953125000005,0.08215625,0.1271484375
21600,2.506697656249999,0.7918593749999998,0.081859375,0.12628125
21700,2.509632812500001,0.7934375000000002,0.0796796875,0.12688281250000003
21800,2.50999765625,0.7946796875,0.07940625,0.1259140625
21900,2.510397656249999,0.7941249999999999,0.07896093749999997,0.12691406250000004
22000,2.510766406250001,0.7945624999999997,0.07917968749999996,0.12625781250000007
22100,2.512019531249999,0.7959218749999998,0.07859375,0.12548437500000004
22200,2.51273046875,0.7957343750000002,0.07801562499999994,0.12625
22300,2.512529687500001,0.7954296875,0.0777734375,0.12679687500000003
22400,2.5117984374999995,0.7944921875000002,0.07811718749999998,0.127390625
22500,2.51332265625,0.7950546875000001,0.0774453125,0.12749999999999997
22600,2.513404687499999,0.7960156249999999,0.07834374999999996,0.12564062500000003
22700,2.5125945312500004,0.7957109374999995,0.0784140625,0.12587500000000004
22800,2.51229375,0.7957421874999997,0.0790390625,0.12521874999999996
22900,2.5131773437499993,0.79621875,0.07852343750000002,0.1252578125
23000,2.512916406249999,0.7960625000000002,0.07825781249999997,0.1256796875
23100,2.512157812499999,0.7956171874999999,0.0784609375,0.12592187500000007
23200,2.51296640625,0.7957578125,0.07809374999999999,0.1261484375
23300,2.5135953124999997,0.7965390625,0.07791406249999999,0.125546875
23400,2.513660937500001,0.79659375,0.07805468750000003,0.12535156249999999
23500,2.5129843749999994,0.7967812499999998,0.07910156250000001,0.12411718749999999
23600,2.5120304687499995,0.796109375,0.07971875000000005,0.12417187500000006
23700,2.5095976562499986,0.7953281249999997,0.08075781249999998,0.12391406250000005
23800,2.5099054687500004,0.7953203124999998,0.08082812500000003,0.1238515625
23900,2.5105859375000006,0.7957187499999998,0.08001562500000003,0.12426562499999998
24000,2.508750000000001,0.7945937500000001,0.08110937500000003,0.12429687500000006
24100,2.508978125,0.7942968749999996,0.08039062500000002,0.12531249999999997
24200,2.5096742187499994,0.7941718750000002,0.07964062499999998,0.12618750000000006
24300,2.51154375,0.7958749999999997,0.07871093750000005,0.1254140625
24400,2.5118734375000007,0.7964687499999996,0.07869531249999999,0.12483593750000005
24500,2.5116703124999997,0.7961796874999997,0.07907812499999997,0.12474218749999996
24600,2.5122171874999997,0.7957968750000001,0.07905468750000003,0.12514843749999993
24700,2.5138656249999998,0.7966328124999998,0.0785078125,0.12485937500000002
24800,2.513295312500001,0.7962656249999999,0.07875000000000001,0.12498437500000002
24900,2.5122242187499997,0.7954765625000001,0.079625,0.1248984375
25000,2.510728125,0.7949062500000003,0.08081250000000002,0.12428125000000004
25100,2.5099734375000007,0.7935468749999995,0.08041406250000005,0.12603906250000005
25200,2.5094054687499994,0.7933046874999999,0.08062500000000002,0.1260703125
25300,2.509713281249999,0.7931328125000001,0.0803671875,0.12649999999999997
25400,2.506561718749999,0.7929609374999997,0.08258593749999997,0.12445312500000003
25500,2.5068507812500007,0.792890625,0.08218749999999998,0.124921875
25600,2.5070070312499997,0.7931562499999998,0.0818671875,0.12497656249999992
25700,2.5079499999999997,0.7926249999999998,0.08110156249999995,0.12627343750000006
25800,2.5097414062500008,0.7930234374999998,0.07955468749999997,0.127421875
25900,2.5092851562499994,0.7927578124999997,0.08093749999999997,0.12630468749999996
26000,2.509839843749999,0.7935078124999999,0.0801171875,0.126375
26100,2.5111210937500004,0.7953750000000002,0.08081249999999998,0.1238125
26200,2.5110960937499995,0.7959765625000003,0.08057031250000002,0.12345312499999998
26300,2.5100898437500008,0.7958515624999998,0.08115625000000003,0.12299218749999999
26400,2.5082781249999986,0.79403125,0.08165624999999999,0.12431249999999995
26500,2.509386718749999,0.7949687499999998,0.08069531249999996,0.12433593750000008
26600,2.5124664062499993,0.7959531249999999,0.07854687499999999,0.12549999999999997
26700,2.5131281250000006,0.7963281250000004,0.07753124999999998,0.126140625
26800,2.5142117187500017,0.7976328125000003,0.07744531249999997,0.12492187499999999
26900,2.5158570312499995,0.7984140624999999,0.07619531249999993,0.12539062499999995
27000,2.518309374999999,0.7997421875,0.07549999999999998,0.12475781249999998
27100,2.5188234374999996,0.8003281250000004,0.0756640625,0.12400781250000002
27200,2.518692968750001,0.8000937500000002,0.07444531250000001,0.12546093749999998
27300,2.52126875,0.8013671875000001,0.07358593749999999,0.12504687499999997
27400,2.5224953125000003,0.8017187499999998,0.07303125000000003,0.12524999999999997
27500,2.5204640625,0.8004999999999999,0.07454687499999998,0.12495312499999993
27600,2.516546093750002,0.7980312500000002,0.07657812499999996,0.12539062500000006
27700,2.5148562500000002,0.7975468750000001,0.0779765625,0.12447656249999997
27800,2.5116171875000006,0.7955156250000002,0.079828125,0.12465625000000002
27900,2.5108960937499987,0.7947265624999998,0.08006249999999997,0.12521093749999998
28000,2.50909375,0.7946640625000001,0.08152343749999996,0.12381249999999998
28100,2.5084484375000002,0.7944609374999998,0.0813359375,0.12420312500000003
28200,2.510453906249999,0.7946562499999998,0.07928906250000002,0.1260546875
28300,2.5129749999999995,0.796296875,0.07853125,0.12517187500000004
28400,2.5126289062500002,0.7962187499999995,0.07820312500000001,0.125578125
28500,2.5145195312500004,0.7969609375000001,0.077484375,0.12555468749999998
28600,2.5161539062499996,0.7991171875000002,0.07626562500000002,0.12461718749999998
28700,2.5167671874999993,0.79896875,0.07653125000000001,0.1245
28800,2.5170984374999996,0.7990703124999998,0.0763671875,0.12456249999999999
28900,2.5154953124999997,0.7980937499999998,0.07690625000000001,0.12499999999999997
29000,2.5133585937500005,0.7969374999999999,0.0781484375,0.1249140625
29100,2.5143320312499995,0.7968593749999996,0.076828125,0.12631249999999997
29200,2.5157164062500006,0.7975546874999999,0.07614062499999998,0.12630468750000007
29300,2.515806249999999,0.7979609375,0.07649999999999997,0.1255390625
29400,2.5161429687500014,0.7985781249999999,0.07739062499999998,0.12403124999999998
29500,2.514416406250001,0.7982890624999996,0.07851562499999999,0.12319531249999997
29600,2.5110000000000015,0.7976328125000004,0.08059374999999999,0.1217734375
29700,2.5107945312499997,0.7980859375000002,0.08078125000000003,0.12113281250000003
29800,2.5113570312499993,0.7980781249999997,0.08029687500000005,0.12162499999999998
29900,2.5129335937499997,0.7994921874999997,0.07882031250000002,0.12168749999999998
30000,2.51503515625,0.8006875,0.07739062499999999,0.12192187499999993
30100,2.5163742187500016,0.8020156250000002,0.077515625,0.12046875
30200,2.5162226562500005,0.8015234375000001,0.07768749999999999,0.12078906250000003
30300,2.5158328125000016,0.8011562499999995,0.07761718749999996,0.12122656249999997
30400,2.517182031250001,0.8016796874999996,0.077203125,0.12111718749999997
30500,2.5173335937499997,0.8020234374999999,0.07720312499999997,0.12077343749999997
30600,2.5186625000000005,0.8024218750000004,0.07619531250000003,0.12138281249999998
30700,2.520265625000001,0.803734375,0.07532812500000004,0.12093749999999996
30800,2.5203749999999996,0.8034921875000003,0.07505468749999995,0.12145312499999998
30900,2.5231789062500005,0.8050078125,0.07379687500000001,0.12119531249999999
31000,2.5248609374999993,0.805546875,0.07240624999999999,0.122046875
31100,2.5243210937500002,0.8045234374999999,0.07303125,0.12244531250000004
31200,2.5242671874999996,0.804953125,0.0735546875,0.12149218750000003
31300,2.52458828125,0.8053515624999997,0.07369531249999996,0.12095312499999995
31400,2.5224406249999993,0.8046328125000003,0.07535156249999997,0.12001562500000001
31500,2.5212835937499993,0.8038046875000002,0.07513281249999994,0.12106250000000005
31600,2.5196914062500007,0.8030468749999998,0.07575000000000001,0.12120312500000006
31700,2.518372656249998,0.8017109374999998,0.0763203125,0.12196874999999997
31800,2.5203726562499997,0.8029609375000002,0.0748203125,0.12221874999999999
31900,2.5227359374999994,0.8044296875000002,0.07307031250000001,0.12250000000000003
32000,2.525393750000001,0.8060312500000002,0.07216406249999999,0.12180468750000004
32100,2.5282171874999975,0.8074375,0.06986718749999997,0.12269531250000003
32200,2.530407031250001,0.8084531249999999,0.06866406249999997,0.12288281249999998
32300,2.5349687500000004,0.810546875,0.06647656249999996,0.12297656250000004
32400,2.53700390625,0.8126640625000001,0.06557812499999997,0.12175781249999999
32500,2.539860937500002,0.813953125,0.06430468750000001,0.12174218749999997
32600,2.5391875,0.8141875000000003,0.0653359375,0.12047656249999995
32700,2.53775078125,0.8131796875000002,0.06650781249999999,0.12031250000000004
32800,2.5348015624999993,0.8113828125000002,0.06771093749999998,0.12090624999999999
32900,2.5329812499999993,0.8102109374999997,0.06889843749999998,0.12089062499999999
33000,2.5313234374999998,0.8090234375000002,0.06975781249999999,0.12121874999999997
33100,2.5314296874999993,0.8098281250000002,0.06949999999999998,0.12067187500000001
33200,2.534475,0.8109453125000001,0.06857031250000004,0.12048437499999994
33300,2.5365882812500002,0.812359375,0.06699999999999998,0.12064062499999997
33400,2.535813281249998,0.8129062500000004,0.06775781249999999,0.1193359375
33500,2.5344093749999983,0.812484375,0.06921093750000001,0.11830468749999996
33600,2.5337945312500008,0.812,0.06878124999999996,0.11921875000000001
33700,2.5318265625,0.8110859374999998,0.06994531249999997,0.11896874999999994
33800,2.5303593750000006,0.8105390624999997,0.07112499999999995,0.11833593750000006
33900,2.530832812500001,0.8110390625,0.0708984375,0.11806250000000001
34000,2.5319562499999995,0.8120390624999999,0.06991406249999998,0.11804687500000001
34100,2.53450546875,0.8126796874999995,0.06923437499999996,0.11808593750000002
34200,2.53600390625,0.81409375,0.06736718750000001,0.1185390625
34300,2.5361570312499992,0.8144453125,0.06747656249999999,0.11807812499999998
34400,2.5375757812499997,0.816109375,0.06719531249999998,0.1166953125
34500,2.53851171875,0.8168671875000004,0.06667187499999995,0.11646093750000001
34600,2.538896875,0.8165390625000002,0.06698437499999996,0.11647656249999998
34700,2.537085937499999,0.8166093750000001,0.06844531249999995,0.11494531249999995
34800,2.5359765625,0.815828125,0.06896093750000003,0.1152109375
34900,2.5350546875000015,0.8152265624999998,0.06965624999999996,0.11511718750000002
35000,2.5338617187499994,0.8148046875000003,0.07044531250000001,0.11474999999999999
35100,2.5314835937499995,0.8133203124999998,0.07119531249999998,0.11548437499999999
35200,2.530777343750001,0.8124531249999998,0.0712109375,0.11633593750000004
35300,2.529392187500001,0.8116640624999999,0.07158593749999997,0.11674999999999999
35400,2.530682031249999,0.8113671875000003,0.07027343749999998,0.11835937500000009
35500,2.5315390625,0.8122421874999999,0.07008593749999997,0.11767187500000001
35600,2.53203359375,0.8124609375000005,0.07033593749999997,0.11720312500000005
35700,2.531792187499999,0.8123671875,0.06980468750000002,0.11782812500000002
35800,2.5313703125,0.8119687500000005,0.07022656249999999,0.11780468750000005
35900,2.5306757812500007,0.8120078124999998,0.07096874999999998,0.11702343750000004
36000,2.530750781249999,0.812390625,0.0715,0.11610937499999999
36100,2.529585937499999,0.8119218749999998,0.07192187499999997,0.11615624999999999
36200,2.5285406249999998,0.8105468749999998,0.0712421875,0.11821093749999996
36300,2.5294351562499995,0.8113515624999994,0.07148437499999998,0.1171640625
36400,2.529109374999999,0.8117187499999998,0.07199218749999997,0.11628906249999998
36500,2.5288500000000007,0.8110546874999998,0.07132031250000004,0.11762500000000004
36600,2.529156250000001,0.8113671875,0.07155468749999995,0.11707812499999998
36700,2.5306828125000003,0.8114687500000003,0.07110156249999999,0.11742968750000002
36800,2.532812499999999,0.8127421875000002,0.06943749999999999,0.11782031249999998
36900,2.5333835937500004,0.8129453124999998,0.06909374999999995,0.11796093749999997
37000,2.5333023437500004,0.8138593749999998,0.0701484375,0.11599218749999997
37100,2.532385937500002,0.8133437499999998,0.06991406249999998,0.11674218750000002
37200,2.531914843750001,0.8133281249999998,0.07032031250000005,0.11635156249999999
37300,2.5324289062499994,0.8127812499999997,0.06939062499999997,0.11782812499999996
37400,2.532192187500001,0.8134296874999994,0.06981250000000001,0.11675781250000002
37500,2.5322835937500003,0.8131562499999999,0.06999999999999997,0.11684375000000008
37600,2.531743750000001,0.8140937500000002,0.0705078125,0.1153984375
37700,2.5317812500000008,0.8134140624999997,0.07017968749999996,0.11640624999999998
37800,2.5325085937500016,0.8147031250000001,0.07047656249999998,0.11482031250000002
37900,2.533378906249999,0.8145546875000002,0.06956249999999997,0.1158828125
38000,2.534696093750001,0.8145312499999996,0.068671875,0.11679687500000001
38100,2.5328476562500004,0.8143984374999998,0.06993749999999997,0.11566406250000003
38200,2.530229687499999,0.8126093749999996,0.07153906250000003,0.11585156249999999
38300,2.530185937500001,0.8131015624999997,0.07163281249999999,0.11526562500000002
38400,2.531061718749999,0.8130859374999997,0.07132812499999999,0.11558593750000004
38500,2.530607812500001,0.8132578124999998,0.07138281249999999,0.11535937499999999
38600,2.529749218750001,0.8122968750000004,0.07161718750000001,0.11608593750000001
38700,2.52973359375,0.8123671874999994,0.07085937500000002,0.11677343749999997
38800,2.53243984375,0.8138984374999998,0.06965625,0.1164453125
38900,2.5332515625000007,0.8135156250000001,0.06890625000000002,0.11757812499999998
39000,2.53277734375,0.8132109375,0.06891406250000003,0.11787500000000001
39100,2.533264062500001,0.8132968749999996,0.06926562500000003,0.1174375
39200,2.5338492187500004,0.8136328125000001,0.0695390625,0.116828125
39300,2.5333359375000013,0.8137109374999999,0.06918749999999999,0.11710156249999999
39400,2.534143749999999,0.8140859374999998,0.06935937500000003,0.11655468749999998
39500,2.5334492187500004,0.8140078125000001,0.07032031250000001,0.115671875
39600,2.5329921875000005,0.8138593749999999,0.070015625,0.116125
39700,2.5322195312500027,0.812703125,0.06994531250000001,0.1173515625
39800,2.5326593749999997,0.8131953124999998,0.06960937500000001,0.11719531249999998
39900,2.5321703125,0.8125078124999999,0.06994531249999997,0.11754687500000001
40000,2.53180859375,0.8127421874999999,0.07078906249999999,0.11646874999999993
40100,2.5308828125,0.8127421875000002,0.07089843750000001,0.11635937500000001
40200,2.5309664062499997,0.8123046874999997,0.07039843750000001,0.117296875
40300,2.5304671875000007,0.8121718750000002,0.07109375,0.11673437499999999
40400,2.528835156250001,0.8113906249999998,0.07203125000000002,0.11657812500000002
40500,2.5283734375000004,0.810328125,0.071953125,0.11771875000000001
40600,2.528779687499999,0.8105234374999999,0.07192968750000002,0.11754687500000001
40700,2.5285007812500004,0.8099218750000003,0.07157031249999998,0.11850781250000003
40800,2.529332812500001,0.8109140625000004,0.07113281249999998,0.117953125
40900,2.529114843749999,0.8102968750000001,0.07121093749999999,0.11849218749999997
41000,2.5290671875000004,0.8099765625,0.07146875,0.11855468750000002
41100,2.5291921875,0.8109218750000001,0.07223437499999999,0.11684375000000002
41200,2.5289914062499976,0.8105390625000003,0.07174218750000005,0.11771875
41300,2.528975000000001,0.8107265625000002,0.07197656250000001,0.11729687500000002
41400,2.5277148437499997,0.8093281250000002,0.07337500000000001,0.11729687499999994
41500,2.52636875,0.808734375,0.07378906249999999,0.11747656249999998
41600,2.5255617187499997,0.807,0.07382031249999997,0.11917968749999998
41700,2.523241406249999,0.8044140625000002,0.07453906250000004,0.12104687499999994
41800,2.5219203125000003,0.803203125,0.07467187500000001,0.12212500000000001
41900,2.5221882812500005,0.803078125,0.07433593749999998,0.1225859375
42000,2.523545312499999,0.8034062500000004,0.07429687499999997,0.12229687500000004
42100,2.5236632812499997,0.8037109374999999,0.07358593749999999,0.122703125
42200,2.52374921875,0.8043203124999998,0.07404687500000003,0.12163281250000002
42300,2.52362890625,0.8042578125,0.07401562499999997,0.12172656249999994
42400,2.5223414062500003,0.8039140625,0.07492187500000001,0.1211640625
42500,2.5227148437499984,0.8037187499999998,0.07495312500000002,0.12132812500000001
42600,2.52232265625,0.803015625,0.07475781249999998,0.12222656250000002
42700,2.5230914062499985,0.8033125000000004,0.074,0.12268749999999998
42800,2.5260031249999995,0.8056640625,0.07253906249999996,0.12179687499999994
42900,2.5269960937499985,0.8066015625000005,0.07215624999999999,0.12124218749999995
43000,2.5272921875,0.8064609374999998,0.07157031249999996,0.12196874999999993
43100,2.5266992187499997,0.806484375,0.07211718749999999,0.12139843749999994
43200,2.528218749999999,0.8069609375,0.07156249999999999,0.12147656250000002
43300,2.529393749999999,0.8076328125000002,0.07067968749999999,0.12168749999999996
43400,2.529837499999999,0.8079062500000005,0.070515625,0.12157812499999998
43500,2.53133203125,0.8086796875,0.06917968750000003,0.12214062499999993
43600,2.5302843749999995,0.808421875,0.07007812500000002,0.12149999999999996
43700,2.53142890625,0.8093359374999999,0.06985156249999998,0.12081249999999995
43800,2.53048828125,0.8086796875000001,0.07034375,0.12097656249999997
43900,2.5287156249999994,0.8073515624999998,0.07120312499999998,0.1214453125
44000,2.5261335937500005,0.805546875,0.07254687500000002,0.12190625000000002
44100,2.5231906250000002,0.803703125,0.07398437499999998,0.12231249999999996
44200,2.5224328124999995,0.8043046875000001,0.07478124999999998,0.1209140625
44300,2.5221921875000004,0.8049687500000001,0.07514843750000005,0.11988281250000003
44400,2.5230023437500004,0.8056875,0.07484374999999997,0.11946874999999997
44500,2.523237499999999,0.8060625000000001,0.07559374999999997,0.11834375000000001
44600,2.52306484375,0.8066171875000007,0.07485156250000001,0.11853125000000002
44700,2.5226109375,0.8060312499999999,0.07513281249999998,0.11883593750000004
44800,2.5224109374999992,0.8062734375000001,0.07426562499999997,0.11946093750000003
44900,2.52411953125,0.8073828124999999,0.0734765625,0.11914062499999996
45000,2.523590625,0.8070078124999996,0.07383593750000003,0.11915625
45100,2.52529453125,0.8080234374999998,0.07346875,0.11850781249999996
45200,2.5266492187500007,0.8089609375000001,0.07264062499999997,0.11839843749999995
45300,2.5273273437499992,0.8096562500000004,0.07277343750000001,0.11757031249999994
45400,2.5279695312499997,0.8099999999999998,0.07224999999999995,0.11774999999999998
45500,2.5274515624999987,0.8093593749999999,0.0733046875,0.11733593749999999
45600,2.525579687499999,0.8085624999999999,0.07382031249999997,0.11761718749999998
45700,2.5229078125000006,0.8066718749999999,0.07516406250000002,0.11816406250000003
45800,2.519325781249999,0.8040703124999996,0.07733593750000002,0.11859375000000005
45900,2.5173023437499995,0.8029609374999994,0.07833593750000001,0.11870312500000002
46000,2.514813281250001,0.801609375,0.07887500000000003,0.11951562499999997
46100,2.5149257812499983,0.8014921874999996,0.07866406249999996,0.11984374999999997
46200,2.515961718750001,0.8016249999999996,0.07828125000000001,0.12009375000000001
46300,2.5159679687499996,0.8020390625000002,0.07840624999999998,0.11955468749999998
46400,2.5146703124999985,0.8019843749999995,0.07916406250000001,0.11885156249999994
46500,2.515228906249999,0.8015468750000001,0.07828125000000002,0.12017187499999998
46600,2.5134046875000005,0.800296875,0.07982812499999999,0.11987500000000006
46700,2.5117812499999994,0.7993906249999999,0.07971874999999996,0.12089062499999993
46800,2.511553125000001,0.7984296875000001,0.0803125,0.12125781250000002
46900,2.5121609375000014,0.7988828125000002,0.07999218750000002,0.12112499999999998
47000,2.5123609375000013,0.7993359374999998,0.0799375,0.12072656250000002
47100,2.5117078125000005,0.7992109375,0.08064062499999998,0.12014843750000005
47200,2.511974999999999,0.8000781250000002,0.08056249999999997,0.11935937500000002
47300,2.5115906250000006,0.7995937500000002,0.08039062500000005,0.12001562499999997
47400,2.5114375,0.7990078125,0.08053124999999997,0.12046093749999996
47500,2.5128929687499975,0.7997578125,0.07971093749999998,0.12053125
47600,2.5148039062499996,0.8008984374999998,0.07877343749999999,0.120328125
47700,2.5150046875,0.8008046874999996,0.07832031249999996,0.12087499999999993
47800,2.5154062500000003,0.8017265625,0.07867968749999994,0.11959374999999994
47900,2.51604453125,0.8023203124999999,0.07892968750000007,0.11875000000000001
48000,2.5146773437500007,0.8011406249999999,0.078859375,0.12000000000000001
48100,2.514350781249999,0.8008515625,0.07858593750000001,0.12056250000000002
48200,2.515773437500001,0.8015390624999998,0.07773437499999998,0.12072656249999997
48300,2.5160625,0.8015937499999995,0.07821093750000002,0.12019531249999998
48400,2.51354453125,0.8003203125000001,0.08010156249999999,0.11957812500000004
48500,2.5121320312499993,0.7996953124999997,0.08017187499999999,0.12013281249999996
48600,2.514188281249999,0.8014765624999999,0.079703125,0.11882031250000005
48700,2.516539843750001,0.8031015625,0.07856250000000002,0.11833593749999997
48800,2.5168164062500002,0.8027187499999999,0.07745312500000001,0.11982812499999995
48900,2.5174859375,0.8030937500000002,0.07731250000000003,0.11959374999999993
49000,2.519920312500002,0.8036171874999998,0.07534374999999999,0.12103906249999999
49100,2.5216203125000005,0.8041406250000002,0.07472656249999995,0.12113281249999994
49200,2.5207656250000015,0.8040312499999996,0.07574218749999999,0.12022656249999997
49300,2.5198656250000018,0.8034453125000002,0.07625000000000001,0.12030468749999994
49400,2.51744453125,0.8027265624999999,0.07718749999999998,0.12008593749999998
49500,2.51561640625,0.8017109374999997,0.07837499999999999,0.11991406250000007
49600,2.514419531249999,0.8008828125,0.07888281249999998,0.12023437499999999
49700,2.5139437500000015,0.7995859375000003,0.07882031250000003,0.12159374999999999
49800,2.5093843750000002,0.7968437500000001,0.08161718750000001,0.1215390625
49900,2.5093624999999995,0.7963515624999997,0.08152343749999999,0.12212500000000001
50000,2.5091203124999995,0.7961953125000001,0.080890625,0.12291406249999999
50100,2.510025000000001,0.7971562500000002,0.08059375000000002,0.12225000000000005
50200,2.5108640624999996,0.7981171875,0.08053906250000001,0.12134374999999996
50300,2.5115804687499996,0.7987734375,0.08021093749999998,0.12101562500000006
50400,2.51182890625,0.7989687499999998,0.08010156250000003,0.12092968749999998
50500,2.512192187499999,0.7988359375000004,0.0803203125,0.12084375000000006
50600,2.5114859374999994,0.7983671875,0.08006249999999998,0.12157031249999996
50700,2.5121304687499997,0.7980234375000004,0.07940624999999998,0.1225703125
50800,2.513203906249999,0.7985703124999999,0.07872656249999999,0.12270312499999995
50900,2.51239296875,0.7982109375000003,0.0793828125,0.12240625
51000,2.5103171874999997,0.7970781249999996,0.07994531249999995,0.1229765625
51100,2.5095984375000007,0.7966171874999999,0.08053125,0.1228515625
51200,2.5081546874999994,0.7955468749999999,0.08209375000000002,0.12235937500000005
51300,2.5088164062500002,0.7962968749999999,0.08068750000000002,0.12301562499999993
51400,2.509720312500001,0.7969609375000001,0.0808671875,0.12217187499999997
