step,mean_aspect_ratio,fraction_elongated,fraction_round,fraction_binary
100,1.0,0.0,1.0,0.0
200,2.4738625,0.67815625,0.018890624999999987,0.3029531250000002
300,2.568227343750001,0.8329687499999998,0.027546874999999974,0.13948437500000002
400,2.5678781249999996,0.8502812499999992,0.03511718749999997,0.11460156250000006
500,2.561845312499999,0.8520312499999996,0.04102343750000001,0.10694531250000003
600,2.5559437499999995,0.8507499999999999,0.04580468749999999,0.10344531250000008
700,2.548430468750001,0.8454140624999996,0.04942187499999998,0.10516406250000004
800,2.54288203125,0.8427421874999996,0.05274999999999999,0.10450781250000002
900,2.540376562500001,0.8408046874999996,0.054624999999999986,0.1045703125
1000,2.5349437499999987,0.8371796874999999,0.05812499999999999,0.10469531249999997
1100,2.5287687500000016,0.8331796874999995,0.06167968749999999,0.10514062500000003
1200,2.5258148437500005,0.8310000000000003,0.0640078125,0.10499218750000001
1300,2.5239703125000004,0.8310859374999997,0.06582812500000002,0.10308593750000004
1400,2.523357031249999,0.8296093749999994,0.06469531249999999,0.1056953125
1500,2.5252921874999994,0.8319999999999997,0.06464062499999998,0.10335937500000002
1600,2.5284531249999995,0.8351015624999997,0.06449218749999999,0.10040625000000004
1700,2.5272195312499997,0.8350624999999998,0.06556250000000005,0.099375
1800,2.527060937499999,0.8353046875000003,0.06595312500000002,0.0987421875
1900,2.5271820312499997,0.8357499999999998,0.06667187499999998,0.097578125
2000,2.527564843749999,0.8359296874999997,0.06700000000000003,0.0970703125
2100,2.52985625,0.8371015625000001,0.06571874999999994,0.09717968750000011
2200,2.530157812499999,0.8373984374999999,0.06644531249999999,0.09615625000000005
2300,2.5304328124999986,0.8371484374999997,0.06676562500000002,0.09608593749999995
2400,2.527995312500001,0.8354531250000004,0.06796093750000003,0.09658593749999998
2500,2.526453906250001,0.8347812499999999,0.06853125,0.09668750000000005
2600,2.5233640625000007,0.8330312499999999,0.0707734375,0.09619531250000005
2700,2.5221070312499987,0.8317656250000002,0.07156249999999997,0.09667187500000002
2800,2.52200859375,0.8314687500000001,0.07199218750000001,0.09653906250000001
2900,2.5258453125,0.8339062499999997,0.06924999999999998,0.09684375000000003
3000,2.5299687500000005,0.8363203124999999,0.06735937499999999,0.09632031250000006
3100,2.5331328125000003,0.8375703124999997,0.06563281249999998,0.09679687500000002
3200,2.5377765625,0.8415703124999999,0.06340625,0.09502343750000004
3300,2.5402992187499995,0.8436093749999999,0.06263281250000001,0.09375781250000001
3400,2.5407671874999997,0.8434921874999999,0.06207812500000001,0.0944296875
3500,2.5432984375000007,0.8456015625,0.060718749999999974,0.09367968750000004
3600,2.5429328125000006,0.8463750000000001,0.06172656250000002,0.09189843750000003
3700,2.5451929687499986,0.8474921874999997,0.06135937500000001,0.09114843750000007
3800,2.547453906250001,0.8498281249999999,0.060328125,0.08984375000000006
3900,2.5503179687500013,0.8516328124999998,0.05841406249999996,0.08995312500000002
4000,2.55112734375,0.8530000000000003,0.05921874999999998,0.08778124999999992
4100,2.5526640625,0.8538281249999997,0.05889843749999999,0.08727343749999997
4200,2.554058593749999,0.854796875,0.057562499999999996,0.08764062500000003
4300,2.55487109375,0.8552734375000001,0.05774999999999999,0.08697656250000005
4400,2.555482812499999,0.8552578124999999,0.057296875,0.08744531250000002
4500,2.554811718749999,0.8555546874999997,0.05760156249999999,0.08684375000000004
4600,2.55580859375,0.8566484375000001,0.058015625,0.08533593749999997
4700,2.5550625,0.8560625000000002,0.05868750000000001,0.08524999999999999
4800,2.5526749999999985,0.855421875,0.060890625,0.08368749999999998
4900,2.5509539062500006,0.8541093749999998,0.06147656250000002,0.08441406249999996
5000,2.5506406249999998,0.8535937500000003,0.0614609375,0.08494531250000001
5100,2.5527554687499987,0.8539140625000001,0.059484374999999985,0.08660156250000006
5200,2.556690624999999,0.8566015624999996,0.05768750000000003,0.08571093749999996
5300,2.5623718749999997,0.8601718750000001,0.055132812499999996,0.08469531250000002
5400,2.5657296874999993,0.8616796874999997,0.053296874999999966,0.08502343750000001
5500,2.5662390624999993,0.8629218749999997,0.0535078125,0.08357031250000006
5600,2.5667875000000007,0.8629687499999998,0.052875,0.08415625
5700,2.5693859375,0.86453125,0.05157812499999999,0.08389062500000002
5800,2.57243359375,0.8666328125000003,0.050156249999999965,0.08321093749999998
5900,2.5721625,0.8677421874999999,0.05146875000000003,0.0807890625
6000,2.5715171875,0.8675859375000002,0.05181250000000001,0.08060156250000002
6100,2.57155078125,0.8673203125,0.05139843749999998,0.08128125
6200,2.571478906249999,0.8680078124999999,0.051351562499999975,0.08064062500000002
6300,2.570046875,0.8665546875,0.052492187499999995,0.080953125
6400,2.570812499999999,0.8663437500000001,0.05159375000000001,0.08206250000000005
6500,2.572830468749999,0.867984375,0.050867187499999994,0.08114843750000006
6600,2.57606875,0.8701562499999997,0.0495625,0.08028124999999998
6700,2.57785390625,0.8711640625000001,0.04844531249999999,0.08039062500000002
6800,2.580262500000001,0.8723515624999997,0.04710156249999998,0.080546875
6900,2.5821593750000003,0.8740546874999998,0.045601562500000005,0.08034375
7000,2.5855039062499996,0.8758593749999999,0.044226562499999976,0.07991406250000004
7100,2.586838281250001,0.8769531250000002,0.04385156249999998,0.07919531249999999
7200,2.585463281249999,0.8760156249999995,0.044906249999999995,0.07907812500000001
7300,2.585958593750002,0.8759140625000003,0.04419531249999999,0.079890625
7400,2.5896406250000017,0.8789843750000005,0.04308593749999998,0.07792968750000002
7500,2.5927953124999994,0.8809843749999999,0.04132031249999998,0.07769531249999997
7600,2.592965624999998,0.8811562500000001,0.0413203125,0.07752343750000003
7700,2.5921859375000014,0.8809921875000004,0.04200781250000001,0.077
7800,2.5902671875000007,0.8804140624999999,0.04362499999999999,0.07596093749999998
7900,2.5906999999999996,0.8808046875000004,0.04283593749999998,0.07635937500000002
8000,2.5906265625000007,0.8807109374999997,0.04370312500000001,0.07558593750000002
8100,2.591742968750001,0.8816640624999996,0.04270312499999996,0.07563281250000001
8200,2.5946445312500015,0.8841953125,0.041609374999999976,0.07419531249999999
8300,2.596830468750002,0.8859374999999996,0.0410234375,0.07303906249999997
8400,2.5980476562499994,0.8861796875000004,0.03964843749999998,0.07417187499999997
8500,2.5985039062499986,0.886859375,0.03946093750000002,0.07367968750000004
8600,2.6000539062500003,0.8872109375000001,0.03840624999999998,0.07438281250000002
8700,2.6016765624999993,0.8882890625,0.03826562499999995,0.0734453125
8800,2.6026585937500006,0.8889218749999996,0.03773437499999997,0.07334375000000007
8900,2.6043679687499997,0.8899921875000003,0.0368359375,0.073171875
9000,2.6023968749999993,0.8889531250000002,0.037929687499999976,0.07311718749999999
9100,2.60209453125,0.8894140624999999,0.038359374999999994,0.0722265625
9200,2.603323437500002,0.8912968750000003,0.03821093749999997,0.07049218749999997
9300,2.605721093750001,0.8931328124999999,0.03664062499999998,0.07022656250000003
9400,2.6067429687500003,0.8933906249999998,0.03578124999999999,0.07082812500000006
9500,2.610754687499998,0.8950781250000005,0.03360156249999997,0.07132031250000001
9600,2.61190859375,0.8960625000000002,0.03317968749999997,0.0707578125
9700,2.6128515625000017,0.8974062500000002,0.03310156249999999,0.0694921875
9800,2.6118312499999985,0.8972890624999998,0.034523437499999976,0.06818750000000003
9900,2.6112992187500006,0.8971796875000003,0.03459374999999998,0.06822656250000002
10000,2.6096445312499994,0.8960468750000002,0.035804687499999974,0.06814843750000002
10100,2.60743671875,0.8942343750000001,0.03705468749999999,0.0687109375
10200,2.6047640625,0.8929921874999994,0.03815624999999998,0.06885156250000003
10300,2.6038054687500014,0.8918515624999999,0.03840624999999999,0.06974218750000004
10400,2.6056617187500017,0.8919687499999995,0.03768749999999999,0.07034374999999997
10500,2.6058734375000006,0.8923515625000001,0.03718749999999998,0.07046093750000001
10600,2.6088843749999993,0.8942578125,0.035718749999999994,0.07002343749999998
10700,2.6092195312500004,0.8941406250000004,0.03546874999999998,0.07039062500000005
10800,2.6087578124999995,0.8954062499999997,0.03661718749999997,0.0679765625
10900,2.6084570312500004,0.8955156249999998,0.03667968750000001,0.06780468750000002
11000,2.6099984375,0.8961093750000001,0.03550781249999998,0.06838281249999999
11100,2.6138453124999996,0.8987421874999999,0.03388281249999997,0.067375
11200,2.6151148437500007,0.8994531249999999,0.03346093749999999,0.06708593750000004
11300,2.6167437500000004,0.9011484374999996,0.03288281249999999,0.06596875000000003
11400,2.617489062500001,0.9016484374999997,0.032414062499999965,0.0659375
11500,2.617921093749999,0.9016328125000005,0.03168749999999998,0.06667968750000004
11600,2.6194085937500002,0.9029296875000002,0.030578124999999977,0.0664921875
11700,2.6221164062500004,0.9049687499999999,0.02965624999999997,0.065375
11800,2.6256320312499994,0.9071718750000002,0.027789062499999982,0.06503906250000002
11900,2.628525781250001,0.9094218750000002,0.026703124999999973,0.06387499999999999
12000,2.6297124999999992,0.9101796874999997,0.026007812499999977,0.06381249999999998
12100,2.629845312500001,0.9107656249999998,0.025992187499999972,0.06324218750000002
12200,2.6295179687500005,0.9105468750000001,0.026624999999999968,0.06282812499999998
12300,2.6294507812499988,0.9109609375000003,0.026484374999999966,0.06255468749999998
12400,2.6284953125000006,0.9106015625000005,0.027453124999999988,0.061945312500000016
12500,2.627978906250001,0.9108593750000005,0.028179687499999988,0.06096093750000002
12600,2.62876484375,0.9108984375000003,0.02718749999999997,0.06191406249999999
12700,2.6278398437500003,0.9108437500000001,0.02799218749999999,0.061164062500000026
12800,2.6299140625000006,0.9119531249999996,0.02681249999999998,0.06123437499999999
12900,2.6296625,0.9120078124999998,0.02678906249999998,0.06120312500000002
13000,2.630715625,0.9121953124999999,0.025921874999999976,0.0618828125
13100,2.6317609374999993,0.9132968750000002,0.025406249999999988,0.06129687500000001
13200,2.6337273437500013,0.9149296874999999,0.02496093749999998,0.06010937499999999
13300,2.6332078125000007,0.9143281249999997,0.024742187499999974,0.06092968750000002
13400,2.6324031249999997,0.9142187500000001,0.025328124999999972,0.06045312500000001
13500,2.6315687499999996,0.9133906249999999,0.025921874999999973,0.060687499999999985
13600,2.6330328125,0.9146796875000002,0.024976562499999983,0.060343750000000015
13700,2.6354171875000008,0.9163671874999999,0.024343749999999997,0.0592890625
13800,2.636780468750001,0.9177500000000002,0.02375781249999998,0.058492187499999966
13900,2.6362453124999985,0.9175859374999997,0.02382812499999998,0.05858593749999997
14000,2.6366679687500008,0.9178906250000002,0.02351562499999998,0.05859374999999997
14100,2.63831015625,0.9192031250000001,0.022843749999999965,0.05795312500000003
14200,2.6397937500000013,0.9203203125,0.02232031249999997,0.05735937500000002
14300,2.6417375,0.92225,0.02149999999999998,0.05624999999999998
14400,2.6422624999999993,0.922984375,0.021421874999999986,0.05559375000000001
14500,2.6423429687500004,0.9229531249999998,0.021234374999999986,0.055812500000000036
14600,2.6446124999999996,0.9244843750000002,0.020070312499999975,0.055445312499999976
14700,2.6449015624999994,0.9249531250000002,0.020039062499999986,0.05500781249999999
14800,2.6443984375,0.9246796875,0.020765624999999975,0.05455468749999999
14900,2.64338671875,0.9235390624999997,0.021015624999999972,0.05544531249999997
15000,2.6416367187500005,0.92203125,0.02193749999999997,0.056031250000000005
15100,2.64125625,0.9217968749999996,0.02186718749999997,0.05633593749999998
15200,2.6419,0.9221562500000003,0.02171874999999997,0.056124999999999994
15300,2.6421304687500005,0.9225390624999998,0.021273437499999975,0.056187500000000015
15400,2.643259374999998,0.9236015624999999,0.02084374999999998,0.0555546875
15500,2.6439023437499998,0.9239453125000001,0.020343749999999983,0.05571093750000001
15600,2.6438234375,0.9240703124999999,0.02082812499999999,0.055101562500000006
15700,2.6437609375000006,0.9246328124999995,0.021210937499999985,0.05415625000000001
15800,2.64384140625,0.9242499999999999,0.020898437499999985,0.05485156249999999
15900,2.64455546875,0.9247890625,0.020171874999999985,0.05503906249999999
16000,2.6448476562500005,0.9255468749999998,0.02035156249999998,0.054101562500000006
16100,2.6456992187500004,0.92640625,0.019867187499999984,0.05372656249999998
16200,2.647775,0.9275546874999999,0.018757812499999988,0.05368749999999996
16300,2.648802343750001,0.9288203125,0.018101562499999977,0.053078125
16400,2.6491929687500018,0.9291640624999996,0.018421874999999983,0.05241406249999998
16500,2.6492320312500017,0.9292734374999995,0.01860937499999998,0.05211718749999998
16600,2.648389062500001,0.9283046874999994,0.01900781249999998,0.05268749999999999
16700,2.648138281249999,0.9289218749999997,0.01921874999999998,0.051859375000000034
16800,2.6475625,0.9289453125,0.019789062499999985,0.05126562500000001
16900,2.6483640625000002,0.9288593749999999,0.018882812499999985,0.05225781250000001
17000,2.649333593749999,0.929703125,0.01840624999999999,0.05189062500000001
17100,2.6500351562499986,0.9307031249999996,0.018281249999999985,0.05101562499999999
17200,2.6513273437500002,0.9312343749999997,0.01772656249999997,0.05103906249999999
17300,2.652084374999998,0.9320390625000001,0.01761718749999998,0.05034375
17400,2.6523124999999985,0.9322578125000004,0.017445312499999976,0.050296875000000026
17500,2.6540171875,0.9334765624999998,0.016781249999999973,0.04974218749999999
17600,2.6549124999999982,0.9343281250000002,0.016351562499999972,0.0493203125
17700,2.655070312499999,0.934734375,0.016093749999999983,0.04917187499999999
17800,2.65485390625,0.9344374999999999,0.01636718749999998,0.04919531249999997
17900,2.65610859375,0.9351953124999993,0.015718749999999976,0.04908593749999998
18000,2.65690390625,0.9359921874999995,0.015203124999999975,0.04880468749999997
18100,2.6563093749999984,0.9353359375000001,0.015382812499999978,0.04928125
18200,2.6573921875000006,0.9355781249999996,0.01491406249999997,0.04950781250000001
18300,2.6573054687500006,0.9358515624999998,0.015289062499999981,0.04885937499999998
18400,2.6566437500000006,0.9352734375,0.01529687499999998,0.04942968749999998
18500,2.656814843749998,0.9354453125000002,0.015203124999999987,0.0493515625
18600,2.6580484374999993,0.9368359374999999,0.014765624999999978,0.048398437499999974
18700,2.658761718749999,0.9370781249999999,0.014304687499999986,0.048617187499999985
18800,2.6599546874999995,0.9379687499999996,0.014062499999999985,0.04796874999999998
18900,2.660609375,0.9383203124999998,0.013617187499999989,0.0480625
19000,2.6610398437500007,0.9385546874999993,0.013078124999999989,0.04836718750000001
19100,2.6609890624999992,0.9388203124999996,0.013140624999999986,0.04803906249999997
19200,2.6613898437499994,0.9393828125000002,0.013109374999999993,0.04750781249999999
19300,2.662548437500001,0.9402499999999999,0.012601562499999991,0.04714843749999996
19400,2.662375,0.9401328124999998,0.012585937499999986,0.04728125
19500,2.6629023437500012,0.9402500000000004,0.012562499999999996,0.04718749999999999
19600,2.6616289062500003,0.94,0.01334374999999998,0.04665624999999997
19700,2.6607203124999987,0.9396406249999999,0.013976562499999984,0.04638281249999998
19800,2.6599718749999997,0.9388671875000003,0.014593749999999983,0.0465390625
19900,2.660012499999999,0.9390078124999998,0.014507812499999984,0.04648437500000001
20000,2.65926953125,0.9383593750000002,0.014757812499999984,0.0468828125
20100,2.6588851562499993,0.9376874999999997,0.014656249999999989,0.047656249999999976
20200,2.6587218750000003,0.9378828124999995,0.014617187499999988,0.04750000000000001
20300,2.6591578125,0.9381640624999998,0.014304687499999984,0.047531250000000004
20400,2.660623437500001,0.93903125,0.013554687499999982,0.0474140625
20500,2.661106249999999,0.9395156250000002,0.013539062499999989,0.04694531249999996
20600,2.66132734375,0.9400312499999999,0.01362499999999999,0.04634374999999997
20700,2.660985937499998,0.9402578124999998,0.014078124999999995,0.045664062500000005
20800,2.660110937499999,0.939265625,0.014320312499999986,0.04641406249999997
20900,2.66001875,0.9394062499999993,0.014499999999999987,0.046093749999999996
21000,2.6583484374999995,0.9375078125000001,0.015148437499999985,0.04734374999999999
21100,2.657824218749999,0.9372031250000005,0.015195312499999981,0.04760156249999999
21200,2.6574796874999995,0.9373515625000001,0.015617187499999985,0.04703125
21300,2.6574968749999996,0.9375156249999996,0.015539062499999989,0.04694531249999998
21400,2.65788125,0.9379921875000001,0.01555468749999998,0.046453125
21500,2.6581640625,0.9381015625000007,0.015109374999999986,0.0467890625
21600,2.657898437500001,0.9376562500000002,0.014843749999999982,0.04749999999999999
21700,2.659652343749998,0.9392265624999999,0.01430468749999999,0.046468749999999996
21800,2.6599710937500016,0.9392968750000004,0.01438281249999999,0.04632031249999999
21900,2.6598367187499994,0.9390312499999997,0.01450781249999998,0.04646093750000003
22000,2.6601468749999992,0.9396093749999995,0.014242187499999987,0.04614843750000001
22100,2.6598882812499998,0.9394609374999999,0.014078124999999985,0.046460937499999994
22200,2.6608242187499997,0.9403203125,0.01375781249999998,0.04592187499999999
22300,2.661300000000001,0.9404296874999997,0.013398437499999985,0.04617187499999997
22400,2.661605468750001,0.9407109374999997,0.013367187499999988,0.04592187500000001
22500,2.662324218750001,0.9414374999999997,0.01301562499999999,0.04554687500000001
22600,2.6622031250000004,0.9415703124999998,0.013312499999999984,0.0451171875
22700,2.6602710937499987,0.9402500000000003,0.014203124999999987,0.045546875
22800,2.66035234375,0.9400546875000002,0.014320312499999988,0.04562500000000001
22900,2.6590289062499997,0.938734375,0.014882812499999992,0.046382812500000016
23000,2.6582867187499986,0.938390625,0.015070312499999986,0.0465390625
23100,2.6579234375000005,0.9384921874999999,0.015320312499999988,0.0461875
23200,2.6578414062500006,0.9385468750000002,0.015359374999999979,0.04609375
23300,2.6586070312500003,0.9390156249999998,0.014898437499999986,0.04608593750000001
23400,2.6591140625000014,0.939140625,0.014601562499999988,0.0462578125
23500,2.6599984375,0.9402421874999997,0.01425781249999999,0.0455
23600,2.66019296875,0.9404296874999998,0.014203124999999988,0.04536718750000001
23700,2.6603070312500003,0.9406249999999998,0.01444531249999999,0.04492968749999998
23800,2.6601062499999997,0.9402734374999996,0.014156249999999992,0.045570312499999995
23900,2.660528125,0.9404843749999999,0.013945312499999992,0.0455703125
24000,2.6600359374999987,0.9404999999999999,0.014312499999999988,0.04518749999999999
24100,2.6604585937500005,0.9409140625000002,0.01396093749999999,0.04512499999999998
24200,2.6604375,0.9411015624999997,0.013992187499999989,0.04490624999999998
24300,2.6616140625000013,0.9417734374999998,0.013171874999999991,0.045054687499999996
24400,2.663329687499999,0.9433281249999997,0.012757812499999991,0.04391406250000001
24500,2.6634289062499987,0.943421875,0.01239062499999999,0.0441875
24600,2.6647609375000005,0.9443515624999997,0.012242187499999994,0.043406249999999987
24700,2.6639984374999996,0.94384375,0.012539062499999991,0.04361718750000001
24800,2.66283671875,0.9432500000000004,0.013179687499999993,0.04357031250000001
24900,2.6619070312499984,0.9426328124999998,0.013593749999999995,0.04377343749999999
25000,2.661555468750001,0.9426015624999995,0.013718749999999993,0.043679687499999974
25100,2.6613328124999995,0.9424999999999998,0.013984374999999993,0.043515625
25200,2.6616226562499987,0.9426718749999998,0.013609375,0.043718749999999994
25300,2.6624726562500007,0.9431796874999999,0.013156249999999991,0.04366406249999998
25400,2.6630687500000003,0.9437109375000003,0.01298437499999999,0.04330468749999998
25500,2.66351640625,0.9441406250000001,0.013249999999999993,0.042609374999999984
25600,2.66400546875,0.9444296875,0.012414062499999991,0.04315624999999999
25700,2.6644421875000015,0.9445468749999997,0.012304687499999994,0.043148437500000004
25800,2.6646687500000015,0.9449531250000003,0.012531249999999996,0.04251562499999998
25900,2.66503046875,0.9453984374999996,0.012148437499999998,0.042453124999999994
26000,2.665807812499999,0.9458437499999998,0.01163281249999999,0.0425234375
26100,2.6660937500000004,0.9460781249999999,0.011539062499999996,0.04238281249999998
26200,2.666796875,0.9469687500000002,0.011296874999999998,0.04173437499999997
26300,2.6668539062499996,0.9464687500000002,0.011132812499999997,0.04239843749999999
26400,2.6665406249999983,0.9468203124999999,0.01167968749999999,0.04149999999999996
26500,2.6658031249999996,0.9459218749999999,0.011851562499999992,0.04222656249999997
26600,2.6654578124999992,0.9457421875,0.01196874999999999,0.04228906249999999
26700,2.66531171875,0.9454687499999996,0.011945312499999992,0.042585937500000004
26800,2.6657085937500002,0.9456796875000002,0.011757812499999992,0.0425625
26900,2.6656265625,0.9456015625000005,0.011539062499999994,0.042859375
27000,2.66559296875,0.9458671875000002,0.01167968749999999,0.042453125
27100,2.6662484374999997,0.9463203125000004,0.011492187499999994,0.042187499999999975
27200,2.6674109375,0.9468437500000002,0.010796874999999994,0.042359375
27300,2.66742265625,0.947078125,0.011046874999999989,0.041875
27400,2.6678984374999994,0.947796875,0.010992187499999993,0.04121093749999998
27500,2.6671617187499996,0.9473281249999999,0.011257812499999994,0.04141406249999999
27600,2.667048437499999,0.9474375000000002,0.011101562499999992,0.0414609375
27700,2.667126562499999,0.9475156249999996,0.011320312499999994,0.04116406249999997
27800,2.666368750000001,0.9476953124999998,0.011648437499999992,0.04065624999999998
27900,2.6663179687499996,0.9479218749999999,0.01166406249999999,0.0404140625
28000,2.6664093749999993,0.9479687499999996,0.011843749999999993,0.040187499999999994
28100,2.665293750000002,0.9471640624999996,0.012343749999999994,0.0404921875
28200,2.6645664062499987,0.9468671874999999,0.012492187499999996,0.04064062499999998
28300,2.6654312500000006,0.9473984374999999,0.012062499999999993,0.0405390625
28400,2.6653984374999986,0.947578125,0.012453124999999989,0.03996875
28500,2.665230468749999,0.9475937500000001,0.012562499999999983,0.03984375
28600,2.6637882812499996,0.9460781250000001,0.013156249999999984,0.04076562499999999
28700,2.66285546875,0.9453828124999999,0.013664062499999989,0.04095312499999999
28800,2.6616874999999998,0.9448046875,0.013968749999999985,0.041226562499999994
28900,2.6624406249999995,0.9450781249999999,0.013820312499999987,0.04110156249999998
29000,2.6633632812499997,0.9454140624999998,0.013234374999999986,0.04135156249999998
29100,2.6633289062499994,0.9454062499999993,0.013546874999999988,0.04104687499999997
29200,2.6630109374999993,0.9449296874999994,0.013484374999999984,0.04158593749999998
29300,2.66288515625,0.9444218750000002,0.013382812499999985,0.042195312499999985
29400,2.664143749999999,0.9451015624999999,0.01258593749999999,0.042312499999999996
29500,2.6657148437499996,0.9461171874999998,0.011734374999999988,0.04214843749999998
29600,2.6661148437500004,0.9466406249999998,0.01164843749999999,0.0417109375
29700,2.6664250000000003,0.9466953124999994,0.011539062499999987,0.04176562500000001
29800,2.6670273437500005,0.9470781249999998,0.010890624999999996,0.04203125000000003
29900,2.66783046875,0.9473984375,0.010742187499999998,0.041859375
30000,2.6674398437499987,0.9474453124999997,0.011140624999999986,0.04141406250000001
30100,2.666304687499999,0.9473359374999994,0.011914062499999982,0.04074999999999999
30200,2.6656335937500004,0.9465078125,0.012281249999999987,0.041210937499999975
30300,2.6659648437500003,0.9464999999999997,0.011976562499999985,0.041523437499999996
30400,2.665819531250001,0.946546875,0.011789062499999987,0.04166406250000001
30500,2.6667195312500005,0.9475234374999997,0.011624999999999984,0.04085156249999998
30600,2.667709375000001,0.9476953124999998,0.011101562499999997,0.041203125
30700,2.6675546875000005,0.9479218750000001,0.011093749999999986,0.04098437500000002
30800,2.66688359375,0.9475703125000001,0.011546874999999988,0.04088281249999999
30900,2.667163281250001,0.9478593750000002,0.011374999999999982,0.040765624999999986
31000,2.667656249999999,0.9486406249999999,0.011148437499999983,0.04021093749999996
31100,2.66766953125,0.9490546874999994,0.011460937499999985,0.03948437499999998
31200,2.666646093750001,0.9484531249999999,0.011859374999999985,0.03968749999999998
31300,2.6661414062499973,0.9478203124999994,0.011914062499999984,0.04026562499999999
31400,2.6662523437499996,0.9480625,0.012070312499999989,0.03986718749999998
31500,2.6659750000000013,0.9478281249999995,0.012124999999999983,0.04004687499999997
31600,2.665925000000002,0.9480234375000001,0.012460937499999984,0.039515624999999964
31700,2.66641171875,0.9484765624999993,0.012085937499999984,0.039437499999999986
31800,2.665748437500001,0.9478124999999998,0.012578124999999987,0.039609374999999974
31900,2.6651054687500007,0.9472656249999997,0.012656249999999985,0.04007812499999999
32000,2.6646492187499993,0.9467109374999996,0.013007812499999992,0.040281249999999984
32100,2.665030468749999,0.9468515624999999,0.012632812499999984,0.04051562499999997
32200,2.6656984375000006,0.9470937499999997,0.011992187499999989,0.04091406249999997
32300,2.6663851562499996,0.9476874999999998,0.01196874999999999,0.040343750000000005
32400,2.667831249999999,0.9484140624999996,0.010820312499999991,0.04076562499999997
32500,2.6687453125000005,0.9488984374999996,0.01043749999999999,0.04066406249999999
32600,2.6693867187499993,0.9494999999999999,0.010085937499999992,0.040414062499999986
32700,2.6699468749999995,0.9500468749999995,0.010054687499999994,0.039898437499999974
32800,2.6692023437500025,0.9497812499999999,0.010812499999999994,0.039406249999999976
32900,2.6684648437500003,0.9494453125000001,0.011234374999999991,0.039320312499999975
33000,2.6678890625,0.9487812499999997,0.01132031249999999,0.039898437499999995
33100,2.6679632812499996,0.9487734375000001,0.01127343749999999,0.03995312499999998
33200,2.667527343750001,0.9485546874999995,0.011562499999999996,0.0398828125
33300,2.666983593750001,0.9484921874999998,0.011835937499999992,0.039671874999999975
33400,2.6667210937500014,0.9482031249999997,0.011874999999999985,0.03992187499999999
33500,2.6664265625,0.9478281249999998,0.011812499999999991,0.04035937499999999
33600,2.66711875,0.9481406249999998,0.011468749999999988,0.04039062499999999
33700,2.667480468750001,0.9481718749999998,0.011124999999999986,0.040703124999999986
33800,2.668224999999999,0.9483593749999999,0.010828124999999992,0.04081249999999998
33900,2.6683539062499997,0.9480781249999998,0.010968749999999985,0.04095312499999999
34000,2.66759453125,0.9477734374999998,0.01124218749999999,0.04098437499999999
34100,2.666178906249999,0.9471953125,0.012046874999999988,0.04075781249999997
34200,2.6659796874999984,0.9468203125,0.01213281249999998,0.041046875
34300,2.666888281250001,0.9474921874999999,0.011757812499999985,0.040749999999999974
34400,2.666507031250001,0.9474453124999997,0.011851562499999989,0.04070312499999999
34500,2.666457031250001,0.9470703124999995,0.011906249999999991,0.0410234375
34600,2.666095312499998,0.9469843749999999,0.01207812499999999,0.040937499999999974
34700,2.666221093749998,0.9467031249999998,0.012124999999999992,0.04117187499999999
34800,2.6658265625,0.9468437499999998,0.01223437499999999,0.04092187499999999
34900,2.6664148437499993,0.9473437500000003,0.011843749999999993,0.04081249999999998
35000,2.6676234374999996,0.9484609375000003,0.011117187499999992,0.040421875
35100,2.6693562499999994,0.9493828125,0.01028124999999999,0.04033593749999997
35200,2.6688296874999993,0.9494296874999995,0.010945312499999995,0.039624999999999994
35300,2.6686804687500008,0.9488046875,0.010585937499999996,0.040609375
35400,2.66842265625,0.9488437499999997,0.010679687499999995,0.04047656249999999
35500,2.6688578124999993,0.9485468749999999,0.01035156249999999,0.0411015625
35600,2.668483593750001,0.9486562499999999,0.010773437499999995,0.04057031249999999
35700,2.6681906250000003,0.9486093749999995,0.010968749999999987,0.04042187499999999
35800,2.6671757812500005,0.9475937499999999,0.011296874999999991,0.041109375000000004
35900,2.6676156249999994,0.9484765625000001,0.011226562499999985,0.04029687499999999
36000,2.66761640625,0.9485859374999993,0.011585937499999989,0.03982812499999999
36100,2.6666203124999996,0.9472812499999997,0.011765624999999984,0.040953124999999986
36200,2.66648515625,0.9472187499999996,0.01193749999999999,0.04084374999999998
36300,2.6664007812500006,0.9472812500000001,0.012054687499999989,0.0406640625
36400,2.66593203125,0.9469687499999995,0.01221093749999999,0.04082031249999998
36500,2.6644749999999995,0.9459921874999998,0.013078124999999989,0.04092968749999998
36600,2.66431953125,0.9456874999999996,0.013007812499999986,0.041304687500000006
36700,2.664333593750001,0.9454453124999997,0.012726562499999988,0.041828125
36800,2.6647812499999994,0.9458359374999996,0.012312499999999992,0.04185156249999999
36900,2.6656281250000013,0.9462578125000001,0.011703124999999993,0.0420390625
37000,2.6655890625000005,0.9461875,0.011812499999999995,0.04199999999999998
37100,2.6660742187499995,0.9465546874999999,0.011679687499999994,0.041765624999999994
37200,2.666792187499999,0.9467265625,0.011117187499999993,0.04215624999999998
37300,2.666707812499999,0.9469921875000002,0.011265624999999993,0.04174218749999998
37400,2.6674562500000008,0.947515625,0.011007812499999997,0.04147656250000001
37500,2.6681882812499986,0.9478984374999997,0.010476562499999993,0.04162499999999999
37600,2.668408593749999,0.9481015624999997,0.010367187499999996,0.041531249999999985
37700,2.66875078125,0.9487578124999997,0.010406249999999997,0.04083593749999999
37800,2.6687445312500007,0.9488203125000002,0.010484374999999992,0.0406953125
37900,2.66834140625,0.9487187499999996,0.010671874999999996,0.040609375
38000,2.6673757812499987,0.9483906249999999,0.011374999999999994,0.04023437499999999
38100,2.666978124999999,0.9479687499999999,0.011617187499999994,0.04041406249999999
38200,2.6678398437499995,0.9482968749999999,0.010999999999999996,0.04070312499999999
38300,2.6678500000000005,0.9483671874999995,0.010828124999999997,0.040804687500000006
38400,2.667521875,0.9480312499999998,0.011023437499999995,0.040945312499999977
38500,2.6677851562499986,0.9486406249999995,0.010960937499999995,0.04039843749999998
38600,2.6678554687500013,0.9487109374999999,0.010898437499999997,0.04039062499999998
38700,2.667504687500001,0.9483828124999999,0.011046875,0.04057031249999996
38800,2.6666515625,0.9480390624999997,0.011757812499999997,0.040203124999999985
38900,2.66634375,0.9479140624999994,0.01207031249999999,0.040015625000000006
39000,2.6652117187499997,0.9471562499999995,0.012390624999999988,0.040453125
39100,2.665485156250001,0.9471093749999999,0.011921874999999993,0.04096875
39200,2.6663125,0.9476953124999996,0.011718749999999993,0.040585937499999974
39300,2.6672414062500014,0.9485859374999999,0.011578124999999995,0.039835937499999995
39400,2.6676734374999986,0.9493203124999999,0.011218749999999998,0.03946093749999997
39500,2.6677656250000004,0.9490937500000001,0.011390624999999991,0.03951562499999998
39600,2.6668859375000005,0.9485703124999991,0.011734374999999995,0.03969531249999998
39700,2.6673101562499997,0.9488671874999998,0.011289062499999994,0.03984374999999999
39800,2.667945312500001,0.9493124999999997,0.011007812499999993,0.03967968749999998
39900,2.6684296875000006,0.9493124999999999,0.010624999999999997,0.040062499999999994
40000,2.6697437499999994,0.9500859374999996,0.009914062500000001,0.03999999999999999
40100,2.6692843749999997,0.9499843749999997,0.010570312499999995,0.039445312499999975
40200,2.66889375,0.9499687499999998,0.010734374999999997,0.039296874999999974
40300,2.66850234375,0.9496484374999996,0.011007812499999992,0.039343749999999976
40400,2.6680210937500015,0.9494140624999996,0.011359374999999994,0.03922656249999997
40500,2.6676046875,0.9484921874999999,0.011179687499999999,0.040328125000000006
40600,2.6668531250000007,0.9482968749999996,0.011507812499999995,0.04019531249999996
40700,2.6660093750000002,0.9476562499999998,0.012312499999999997,0.04003124999999997
40800,2.6655492187499994,0.9468671874999998,0.012179687499999994,0.04095312499999997
40900,2.6652375000000004,0.9463281249999997,0.012046874999999995,0.041625
41000,2.6648171875000006,0.9463828124999994,0.012476562499999988,0.041140625
41100,2.6650015625000005,0.9461718749999994,0.012140624999999993,0.04168749999999999
41200,2.6653617187500007,0.9460859374999997,0.012289062499999991,0.041624999999999975
41300,2.6659679687500004,0.9471875,0.011937499999999992,0.040874999999999995
41400,2.6668429687499997,0.9476406250000001,0.011554687499999994,0.040804687500000006
41500,2.6674750000000014,0.9480156249999996,0.011031250000000003,0.04095312499999999
41600,2.667758593750001,0.9480000000000001,0.010781249999999994,0.041218750000000005
41700,2.6685312500000005,0.9486640624999998,0.010304687499999993,0.04103125000000001
41800,2.669018750000002,0.9486249999999998,0.010289062499999993,0.0410859375
41900,2.6691351562500003,0.9484999999999997,0.010242187499999991,0.04125781249999999
42000,2.6686601562500005,0.9484062499999999,0.010578124999999989,0.041015625
42100,2.6670914062500013,0.9476484374999999,0.011507812499999994,0.040843750000000005
42200,2.666141406249999,0.9471093749999995,0.011945312499999989,0.04094531250000001
42300,2.66566640625,0.946796875,0.012179687499999994,0.041023437499999996
42400,2.663718750000001,0.9458671874999999,0.013374999999999991,0.040757812499999976
42500,2.662965624999999,0.9454296874999998,0.013718749999999993,0.04085156249999999
42600,2.6630007812500005,0.9447812499999999,0.013226562499999987,0.04199218749999998
42700,2.6630398437500005,0.9449374999999998,0.013164062499999992,0.04189843749999997
42800,2.663393749999999,0.9450312500000001,0.013007812499999986,0.041960937499999976
42900,2.663414062500001,0.9447421874999997,0.012882812499999988,0.04237499999999999
43000,2.6640843749999994,0.9453906249999995,0.01264062499999999,0.041968749999999964
43100,2.6633367187499997,0.9449374999999997,0.013445312499999985,0.04161718749999998
43200,2.6621945312500013,0.9438828124999997,0.013867187499999992,0.042249999999999954
43300,2.66174375,0.9434843749999996,0.013921874999999985,0.042593749999999986
43400,2.6606929687499994,0.9427265624999994,0.014460937499999986,0.04281249999999999
43500,2.6595874999999998,0.9420390625,0.015132812499999985,0.042828124999999974
43600,2.65891171875,0.9416171875000002,0.015585937499999985,0.04279687499999997
43700,2.6579179687499996,0.9410546875000001,0.016023437499999994,0.04292187499999999
43800,2.657398437499999,0.9405546875,0.016085937499999987,0.04335937499999999
43900,2.656775,0.9397812499999996,0.016234374999999985,0.043984375
44000,2.65702890625,0.9402499999999998,0.016367187499999977,0.043382812499999986
44100,2.658121875,0.9409375000000001,0.015671874999999988,0.04339062499999998
44200,2.6583890624999995,0.9408359375000003,0.01561718749999998,0.04354687499999999
44300,2.65883125,0.9412968749999999,0.015359374999999977,0.043343749999999986
44400,2.659417187499999,0.9413828124999997,0.01488281249999998,0.043734375
44500,2.6589750000000008,0.9411171875000001,0.015273437499999975,0.04360937499999999
44600,2.658641406250001,0.9409062499999997,0.015171874999999982,0.043921875
44700,2.65927578125,0.9412890625000001,0.014726562499999988,0.04398437500000001
44800,2.66016171875,0.9419140624999996,0.014351562499999988,0.043734375
44900,2.6608195312499996,0.9422187499999998,0.014398437499999986,0.04338281250000001
45000,2.661464843750001,0.9426093749999996,0.013828124999999993,0.04356249999999998
45100,2.6626226562500004,0.9434374999999999,0.013265624999999991,0.04329687499999999
45200,2.6627734375,0.9439921875,0.013171874999999986,0.04283593749999999
45300,2.6637578125000005,0.9440703125000001,0.01279687499999999,0.043132812500000006
45400,2.6652632812499997,0.9449375000000002,0.011703124999999995,0.043359374999999985
45500,2.664898437500001,0.9444843749999994,0.011773437499999992,0.04374218749999997
45600,2.6652523437499993,0.9448671874999999,0.011507812499999997,0.04362499999999998
45700,2.6655132812499986,0.9445781250000002,0.011828124999999991,0.043593749999999966
45800,2.6647789062499987,0.9444453125,0.012187499999999993,0.043367187499999967
45900,2.6632679687500005,0.9436562499999995,0.012781249999999989,0.04356249999999997
46000,2.6627695312499995,0.9435234374999997,0.013054687499999985,0.043421875
46100,2.66294609375,0.9436874999999995,0.013148437499999987,0.043164062499999996
46200,2.6628414062499997,0.9438124999999998,0.013539062499999989,0.042648437500000004
46300,2.66203125,0.9433125,0.013898437499999989,0.04278906249999998
46400,2.6612,0.9426406249999997,0.014515624999999987,0.04284374999999998
46500,2.6610085937499988,0.9428124999999999,0.014273437499999986,0.042914062499999975
46600,2.661059375000001,0.9427734374999996,0.014382812499999988,0.04284374999999997
46700,2.661370312499999,0.9433515624999995,0.014171874999999987,0.04247656249999996
46800,2.661940625000001,0.9438906249999997,0.013874999999999986,0.04223437499999998
46900,2.6620445312500007,0.9439765624999998,0.013742187499999985,0.042281249999999965
47000,2.662818750000001,0.9444374999999998,0.013351562499999985,0.0422109375
47100,2.663483593749998,0.9446796875,0.012914062499999986,0.04240625
47200,2.6640367187500003,0.9444843749999998,0.012601562499999988,0.04291406249999999
47300,2.6645960937499984,0.9452265624999994,0.01221093749999999,0.04256249999999998
47400,2.664426562499999,0.9452656249999999,0.012335937499999991,0.04239843749999999
47500,2.664478124999999,0.9456640624999996,0.012539062499999988,0.04179687499999997
47600,2.66369296875,0.9447187499999996,0.01286718749999999,0.04241406249999999
47700,2.6637601562500004,0.9449374999999993,0.01257031249999999,0.04249218749999999
47800,2.6641257812500005,0.9450312499999997,0.01273437499999999,0.04223437499999997
47900,2.6642312500000007,0.9452656249999993,0.012664062499999991,0.0420703125
48000,2.6645265625,0.9454531249999993,0.012585937499999993,0.04196093749999999
48100,2.6649750000000005,0.9453124999999994,0.012249999999999995,0.0424375
48200,2.6649148437499983,0.9452031249999996,0.01207812499999999,0.042718749999999965
48300,2.665892968750001,0.9459296874999997,0.011968749999999995,0.0421015625
48400,2.6656765625,0.9459687499999995,0.012046874999999988,0.041984375000000004
48500,2.665498437499999,0.9455703125,0.011976562499999989,0.04245312499999997
48600,2.664338281250002,0.9451015624999997,0.012773437499999986,0.042124999999999975
48700,2.6641843750000005,0.9446953124999994,0.012648437499999984,0.04265624999999997
48800,2.6640843750000007,0.9447109374999997,0.012624999999999987,0.0426640625
48900,2.6639320312500003,0.9447656249999997,0.012757812499999991,0.0424765625
49000,2.6633960937500003,0.9450156250000002,0.013312499999999991,0.041671874999999976
49100,2.6641437499999996,0.9453515624999994,0.012578124999999989,0.0420703125
49200,2.6644140624999997,0.9453749999999999,0.012742187499999988,0.0418828125
49300,2.6645671875,0.9459843749999999,0.012492187499999988,0.041523437499999996
49400,2.664706250000001,0.9459453124999998,0.01263281249999999,0.04142187499999998
49500,2.664684375,0.9459843749999999,0.012335937499999996,0.04167968749999999
49600,2.6654187500000006,0.946171875,0.012195312499999993,0.04163281249999998
49700,2.66510625,0.9461640624999997,0.012445312499999991,0.04139062499999998
