step,mean_aspect_ratio,fraction_elongated,fraction_round,fraction_binary
100,1.0,0.0,1.0,0.0
200,1.0262679687499998,0.0010312500000000005,0.9204765625000003,0.07849218750000003
300,1.0176265624999996,0.0010078125000000005,0.9406796875,0.05831250000000001
400,1.0136562499999997,0.0007968750000000004,0.9487890624999994,0.05041406249999998
500,1.0115789062499998,0.0007187500000000002,0.9521796874999994,0.04710156249999998
600,1.0110656250000003,0.0007109375000000002,0.9534531249999992,0.045835937500000035
700,1.0104179687499997,0.0005781250000000001,0.9555546874999993,0.043867187499999995
800,1.0099898437500008,0.00044531250000000007,0.9560234374999997,0.04353124999999997
900,1.0096828125000001,0.000390625,0.9567109374999996,0.04289843749999998
1000,1.009415625,0.0003593750000000001,0.9567734374999991,0.04286718749999998
1100,1.0091187499999996,0.00029687500000000005,0.9571328124999999,0.042570312500000006
1200,1.0091148437499997,0.00028906250000000004,0.9576328124999995,0.042078124999999994
1300,1.0087765625000003,0.00028125000000000003,0.9575156249999996,0.042203125
1400,1.0090437500000005,0.000265625,0.9572187499999993,0.042515624999999994
1500,1.008975,0.0003125,0.9580312499999998,0.041656249999999985
1600,1.0087039062499998,0.0002734375,0.9584453124999995,0.04128124999999999
1700,1.0087046875000003,0.0002734375,0.9581484374999989,0.041578125
1800,1.00858828125,0.0002109375,0.9579531249999993,0.04183593749999999
1900,1.0088265625,0.000265625,0.9576328124999994,0.04210156249999999
2000,1.0087296874999998,0.0002421875,0.9581874999999993,0.04157031249999999
2100,1.0087749999999995,0.0002265625,0.9584609374999993,0.04131249999999999
2200,1.00848203125,0.00017968750000000002,0.9587343749999995,0.04108593749999998
2300,1.0084515624999997,0.0001875,0.9590234374999996,0.04078906250000003
2400,1.0086203125000004,0.00016406250000000004,0.9589062499999992,0.040929687499999985
2500,1.0082890624999998,0.0001328125,0.9598515624999996,0.04001562499999999
2600,1.008265625,0.0001328125,0.9588593749999992,0.04100781249999998
2700,1.0079796875000004,0.000125,0.9610078124999997,0.038867187499999956
2800,1.00821640625,9.375e-05,0.9595703124999995,0.04033593750000001
2900,1.0082312500000004,7.031250000000001e-05,0.9596171874999989,0.04031250000000001
3000,1.0080710937500001,8.59375e-05,0.9599374999999996,0.039976562499999986
3100,1.0082945312499998,8.59375e-05,0.9595937499999991,0.04032031249999999
3200,1.0079398437499998,7.8125e-05,0.9602890624999993,0.03963281249999998
3300,1.00825546875,9.375e-05,0.9601640624999993,0.039742187499999984
3400,1.0078851562500002,9.375e-05,0.9608515624999993,0.03905468750000001
3500,1.0077960937500001,6.25e-05,0.9611640624999996,0.0387734375
3600,1.00793203125,7.031250000000001e-05,0.9610937499999997,0.03883593749999998
3700,1.00790625,7.8125e-05,0.9609921874999992,0.038929687499999976
3800,1.0079851562500002,7.031250000000001e-05,0.9609921874999996,0.038937499999999986
3900,1.0080789062500002,6.25e-05,0.9610234374999997,0.03891406250000001
4000,1.0082179687500008,8.59375e-05,0.9606328124999993,0.03928124999999999
4100,1.0081632812499999,0.00010156250000000001,0.9613359374999997,0.03856249999999998
4200,1.0082742187499998,0.00011718750000000001,0.9607031249999995,0.039179687499999956
4300,1.008271875,0.00010937500000000002,0.9609921874999989,0.03889843749999999
4400,1.00825859375,8.593750000000002e-05,0.9604609374999994,0.039453125
4500,1.0081523437499995,0.00011718750000000002,0.9616796875000002,0.038203124999999984
4600,1.0081046875000004,0.000125,0.9611093749999994,0.038765625000000005
4700,1.0082359375000003,0.00014843750000000005,0.9611093749999995,0.03874218749999998
4800,1.00792890625,0.00014843750000000002,0.9618437499999996,0.03800781249999999
4900,1.0080414062499994,0.000125,0.9618203124999997,0.03805468749999999
5000,1.00816796875,0.00020312500000000002,0.9612578124999993,0.03853906249999999
5100,1.0082007812500005,0.00017968750000000005,0.9621874999999995,0.03763281249999999
5200,1.0082179687500006,0.00016406249999999998,0.961445312499999,0.03839062499999999
5300,1.0079867187499998,0.0001171875,0.9618046874999995,0.03807812499999997
5400,1.0080078125,0.000125,0.9617499999999993,0.03812499999999999
5500,1.0080460937499998,0.00016406250000000004,0.9618749999999999,0.037960937499999986
5600,1.00805859375,0.000125,0.9617578124999995,0.038117187499999976
5700,1.0078718750000002,0.00011718750000000001,0.9624062499999996,0.03747656249999999
5800,1.0079906250000001,0.00010937500000000002,0.9617187499999996,0.038171874999999994
5900,1.0082867187499998,0.00011718750000000002,0.9615156249999993,0.03836718749999997
6000,1.0078093749999997,0.000125,0.9628359374999997,0.03703906249999998
6100,1.0077921875000002,0.000125,0.9632343749999994,0.036640624999999975
6200,1.00821875,0.00015625000000000003,0.9616015624999995,0.03824218749999999
6300,1.0077890624999999,0.00016406250000000004,0.962953124999999,0.03688281249999999
6400,1.00771953125,0.00018749999999999998,0.9630156249999994,0.036796874999999965
6500,1.0080773437500001,0.0002421875,0.9631328124999996,0.03662500000000001
6600,1.0080328125000002,0.00017968750000000002,0.962085937499999,0.03773437499999998
6700,1.0081890624999998,0.00018750000000000003,0.9621562499999992,0.037656249999999995
6800,1.008078125,0.00025000000000000006,0.9630156249999992,0.036734374999999965
6900,1.0079328124999998,0.0002109375,0.9629765624999992,0.03681249999999997
7000,1.0080765624999999,0.00023437500000000007,0.9633828124999998,0.03638281249999999
7100,1.0081351562499996,0.00023437500000000002,0.9629140624999993,0.0368515625
7200,1.0080351562499996,0.00028906250000000004,0.9635312499999993,0.03617968749999999
7300,1.00824296875,0.00036718750000000006,0.9630937500000001,0.03653906249999998
7400,1.0083585937499997,0.0003515625,0.9628359374999997,0.03681249999999999
7500,1.0082726562499995,0.000328125,0.963593749999999,0.036078124999999996
7600,1.0085117187500003,0.0003671875,0.9634296874999992,0.03620312499999999
7700,1.0085570312500005,0.00041406250000000004,0.9627734374999993,0.03681249999999999
7800,1.0087125000000001,0.000484375,0.9624609374999994,0.03705468749999999
7900,1.0084125000000002,0.0005234375,0.9642343749999998,0.03524218749999998
8000,1.00868359375,0.0006015625000000001,0.9629609374999993,0.03643749999999998
8100,1.0090570312499998,0.0007421875000000001,0.9633124999999997,0.0359453125
8200,1.0092578124999998,0.0007890625,0.9628749999999995,0.03633593749999998
8300,1.0095218750000003,0.0008828125000000001,0.9623906249999998,0.0367265625
8400,1.00958125,0.0008437500000000001,0.9625234374999995,0.03663281249999997
8500,1.0095914062499998,0.0008906250000000001,0.9632499999999994,0.03585937499999999
8600,1.00963984375,0.000984375,0.9627812499999994,0.036234375
8700,1.00983203125,0.000984375,0.9624140624999995,0.036601562500000004
8800,1.0097257812500002,0.0009218750000000001,0.9627734374999997,0.03630468749999998
8900,1.0094796874999998,0.0009062499999999999,0.9638046874999997,0.03528906249999998
9000,1.00949140625,0.0008359375000000001,0.9630703124999995,0.03609375000000001
9100,1.0093835937499995,0.0008359375000000001,0.9637890624999997,0.035375
9200,1.0095515624999996,0.0009765625,0.9630156249999994,0.03600781249999998
9300,1.00982109375,0.001046875,0.9629765624999997,0.03597656249999998
9400,1.0098015624999996,0.0009609375000000001,0.9630390624999995,0.03599999999999997
9500,1.00955625,0.0009296875000000001,0.9627031249999994,0.036367187499999995
9600,1.0094671875,0.0009765625,0.9633359374999994,0.035687499999999976
9700,1.009303125,0.0009765625,0.9641171874999995,0.034906249999999986
9800,1.0094023437500006,0.000953125,0.9641874999999994,0.03485937499999999
9900,1.0095718750000007,0.000921875,0.9637499999999998,0.035328124999999995
10000,1.0097406249999998,0.000953125,0.9624453124999994,0.03660156249999999
10100,1.0096554687500003,0.00096875,0.9632734374999994,0.03575781249999998
10200,1.0098632812499997,0.001046875,0.9631640624999998,0.035789062499999975
10300,1.010115625,0.0010859375,0.9627187499999997,0.03619531249999998
10400,1.0100234375000003,0.0011484375,0.9634999999999997,0.03535156249999996
10500,1.0104046875000006,0.00125,0.9627968749999993,0.035953124999999996
10600,1.0103039062499997,0.0012265625,0.9629218749999995,0.03585156249999998
10700,1.01032734375,0.001328125,0.9634999999999997,0.035171875
10800,1.0107265625000001,0.0014296875,0.961789062499999,0.03678124999999999
10900,1.0108757812500004,0.0014765625,0.962781249999999,0.03574218749999998
11000,1.0110804687500001,0.001578125,0.9628828124999993,0.035539062499999975
11100,1.0112523437499998,0.0016171875000000001,0.9628593749999995,0.035523437500000005
11200,1.0113679687500001,0.0016015625000000001,0.9626796874999998,0.035718749999999994
11300,1.0112999999999999,0.0018046875,0.9629374999999997,0.03525781249999999
11400,1.0115609375,0.001890625,0.9624687499999999,0.03564062499999998
11500,1.0116898437499995,0.001953125,0.9626171874999994,0.035429687499999994
11600,1.01197265625,0.002046875,0.9625703124999998,0.0353828125
11700,1.011928125,0.001953125,0.9627265624999994,0.03532031249999999
11800,1.0120289062500003,0.002125,0.9635234374999988,0.034351562499999974
11900,1.0124617187500002,0.002171875,0.9626640624999997,0.035164062499999996
12000,1.0125234375000005,0.0020625,0.9619765624999995,0.03596093749999996
12100,1.0124140624999998,0.002015625,0.9618281249999997,0.036156249999999994
12200,1.01245703125,0.0020390625,0.9618124999999994,0.036148437500000005
12300,1.0122117187500002,0.002,0.9623984374999994,0.0356015625
12400,1.0122562499999999,0.00196875,0.9619531249999991,0.03607812499999998
12500,1.0122468750000002,0.00209375,0.9625390624999994,0.0353671875
12600,1.0125945312499998,0.0020859375,0.9618749999999994,0.03603906249999997
12700,1.0123609375,0.002,0.9623593749999995,0.035640624999999974
12800,1.0122257812500002,0.0019921875,0.9627656249999991,0.035242187499999994
12900,1.0125796874999995,0.0020625,0.9627812499999996,0.03515624999999997
13000,1.0123585937500001,0.0021484375,0.9624765624999997,0.03537499999999999
13100,1.0121734374999998,0.00209375,0.9624062499999997,0.035499999999999976
13200,1.0120484374999998,0.0020390625,0.9631484374999996,0.03481249999999999
13300,1.0119828125,0.002015625,0.9637968749999996,0.03418749999999998
13400,1.0120726562500002,0.002140625,0.9630781249999995,0.03478124999999998
13500,1.01202109375,0.0020859375,0.9634999999999999,0.03441406249999999
13600,1.0119468749999996,0.0021875,0.9638906249999993,0.033921874999999956
13700,1.0123296875000005,0.0022265625,0.9628359374999995,0.03493749999999998
13800,1.0122257812500002,0.00234375,0.9640156249999995,0.03364062499999999
13900,1.01250078125,0.0022578125000000003,0.9627421874999998,0.034999999999999976
14000,1.0125265624999997,0.00234375,0.9630156249999994,0.034640625
14100,1.01242578125,0.002328125,0.9633671874999992,0.03430468750000001
14200,1.0127078125000006,0.00240625,0.9632187499999997,0.03437499999999999
14300,1.01311484375,0.0026015625,0.9627265624999995,0.03467187499999996
14400,1.01327890625,0.002625,0.9624687499999998,0.034906249999999986
14500,1.0133999999999999,0.0027265625,0.9618124999999995,0.0354609375
14600,1.0134609375000003,0.0026640625,0.9622890624999993,0.035046875
14700,1.0136890625000006,0.0028046875000000003,0.9625703124999997,0.034624999999999975
14800,1.0136570312500002,0.0028671875000000004,0.9626249999999993,0.034507812500000005
14900,1.0138117187500002,0.0027812500000000003,0.9623046874999995,0.03491406249999997
15000,1.0141734375000002,0.0029296875000000004,0.9617968749999997,0.0352734375
15100,1.0142148437500003,0.0031015625,0.9621562499999989,0.0347421875
15200,1.0142992187500004,0.0032421875000000003,0.9621171874999996,0.034640624999999994
15300,1.0144992187500002,0.0032421875000000003,0.9616640624999995,0.03509374999999998
15400,1.0145703125,0.0032578125,0.9615312499999995,0.035210937499999984
15500,1.0146296875,0.0034062500000000004,0.9623359374999992,0.0342578125
15600,1.0148140625000002,0.0033984375000000004,0.9622656249999998,0.034335937499999976
15700,1.01504453125,0.00359375,0.9616953124999995,0.034710937500000004
15800,1.0159265625000007,0.00365625,0.9601874999999993,0.03615624999999999
15900,1.01606875,0.0038125000000000004,0.9604062499999996,0.03578125
16000,1.0162546875,0.0038046875000000003,0.9600234374999991,0.036171875
16100,1.01628671875,0.0037968750000000003,0.9600390624999996,0.03616406249999998
16200,1.0165617187500007,0.0038984375000000004,0.9600390624999996,0.03606249999999996
16300,1.01670859375,0.0038984375000000004,0.9592031249999992,0.036898437499999985
16400,1.0168203125000004,0.003921875,0.9591953124999996,0.03688281249999999
16500,1.0171578125000003,0.0040234375,0.9588203124999994,0.03715624999999998
16600,1.0168132812500004,0.003859375,0.9595468749999996,0.03659374999999999
16700,1.0167179687500003,0.003875,0.9598203124999994,0.03630468749999998
16800,1.01660625,0.0039375,0.9595156249999997,0.03654687499999998
16900,1.0165375,0.0038046875,0.9602578124999992,0.03593749999999999
17000,1.0167171875000003,0.003890625,0.9597187499999995,0.03639062499999996
17100,1.0167562500000003,0.0037890625,0.9586484374999994,0.03756249999999997
17200,1.0164085937499998,0.0038125,0.9601406249999993,0.036046875
17300,1.0165335937500002,0.003953125,0.9597265624999994,0.03632031250000001
17400,1.0167718749999999,0.0039765625,0.9596093749999993,0.036414062500000004
17500,1.0163171874999999,0.0037578125,0.9604296874999999,0.0358125
17600,1.0163796875,0.0038671875,0.9610234374999997,0.03510937499999999
17700,1.016434375,0.0038125,0.9605156249999994,0.03567187499999998
17800,1.01623359375,0.0038437500000000004,0.9608593749999993,0.03529687499999999
17900,1.01603203125,0.0037968750000000003,0.9609843749999991,0.03521874999999997
18000,1.0158835937499997,0.0037890625000000003,0.9608593749999993,0.03535156249999998
18100,1.0163585937500001,0.0037890625,0.9601406249999992,0.03607031250000001
18200,1.0163929687500002,0.003875,0.9607187499999995,0.03540624999999997
18300,1.01655234375,0.0038359375000000004,0.9613203125,0.034843749999999986
18400,1.0165132812500002,0.0037421875000000003,0.9607265624999993,0.03553125000000001
18500,1.0169476562500004,0.004,0.9609609374999997,0.03503906249999998
18600,1.0170625,0.0039921875,0.9608124999999997,0.035195312500000006
18700,1.0167812500000002,0.0037968750000000003,0.9610703124999997,0.03513281249999999
18800,1.0162515625000004,0.0036328125000000006,0.9610703124999996,0.03529687499999997
18900,1.0162546874999998,0.0038203125000000004,0.9609140624999992,0.03526562499999999
19000,1.01632265625,0.0039453125,0.9613203124999994,0.034734375
19100,1.0167531250000001,0.0039453125,0.9606874999999995,0.03536718750000001
19200,1.01728125,0.004203125,0.9602109374999994,0.0355859375
19300,1.0173000000000003,0.004,0.9603749999999992,0.035625000000000004
19400,1.0168500000000007,0.00415625,0.9612187499999992,0.03462499999999999
19500,1.017259375,0.004078125,0.9602968749999997,0.035624999999999976
19600,1.0173921875,0.00428125,0.9599374999999998,0.03578124999999997
19700,1.017621875,0.0042578125,0.9598984374999993,0.03584374999999999
19800,1.0175945312499999,0.004234375,0.959609374999999,0.03615624999999997
19900,1.0172609375000004,0.0043125,0.9601874999999995,0.03549999999999998
20000,1.01691875,0.004109375,0.9602343749999993,0.03565624999999998
20100,1.0169898437500002,0.0041484375,0.9605312499999992,0.0353203125
20200,1.0169875000000006,0.004375,0.9608515624999997,0.0347734375
20300,1.0170843750000005,0.0043046874999999995,0.9608749999999991,0.03482031249999999
20400,1.0171976562500002,0.0043203124999999995,0.9601953124999992,0.035484374999999985
20500,1.017871875,0.004593750000000001,0.9596249999999994,0.03578124999999999
20600,1.0177445312499995,0.0045703125,0.9600234374999994,0.03540625
20700,1.0180609375,0.004671875,0.9594531249999992,0.03587499999999999
20800,1.0180570312500004,0.0046484375,0.9600468749999995,0.035304687499999994
20900,1.0177648437500004,0.0044921875,0.959765625,0.03574218749999998
21000,1.017209375,0.0042421875,0.9603281249999995,0.035429687499999966
21100,1.017253125,0.004179687499999999,0.9604999999999992,0.03532031249999999
21200,1.0169835937500002,0.004117187499999999,0.9601406249999993,0.035742187500000015
21300,1.0168609375000002,0.003914062500000001,0.9600078124999996,0.03607812499999999
21400,1.0164671875000002,0.0038437500000000004,0.9608984374999995,0.035257812499999985
21500,1.0164992187499997,0.0038906250000000004,0.9607109374999995,0.03539843749999999
21600,1.01728515625,0.00396875,0.9593203124999997,0.0367109375
21700,1.0172359375000004,0.00409375,0.9594453124999996,0.03646093749999999
21800,1.0171445312499996,0.00421875,0.9604609374999998,0.03532031249999999
21900,1.0173929687500007,0.00409375,0.9594531249999999,0.03645312499999998
22000,1.0168781249999999,0.0041953125,0.9607734374999993,0.035031249999999986
22100,1.0167531250000004,0.0040390625,0.9609218749999997,0.03503906249999999
22200,1.0167054687500003,0.0040546875,0.9607421874999991,0.035203125
22300,1.0167703125,0.0040859375,0.9607421874999996,0.03517187499999997
22400,1.0167312500000003,0.004296875,0.9611406249999997,0.03456249999999998
22500,1.0167921875,0.00428125,0.9614218749999993,0.034296875000000004
22600,1.0174679687500001,0.004265625,0.9597656249999995,0.03596874999999998
22700,1.01695546875,0.00403125,0.9605703124999996,0.035398437500000005
22800,1.0170976562500005,0.0041640625,0.9600468749999995,0.035789062499999996
22900,1.0171828125000002,0.0040546875,0.9593359375,0.036609375
23000,1.0168546875000002,0.0039765625,0.9598437499999991,0.03617968749999999
23100,1.01653046875,0.0038671875000000004,0.9606093749999994,0.0355234375
23200,1.0161429687500008,0.0037109375,0.9614609374999997,0.034828124999999995
23300,1.0161804687499998,0.0038515625,0.9612968749999996,0.03485156249999998
23400,1.0160101562500001,0.0036406249999999998,0.9610468749999993,0.035312499999999976
23500,1.01580546875,0.0036562499999999998,0.9604453124999992,0.0358984375
23600,1.0162382812499997,0.0037109375,0.9606406249999997,0.03564843749999998
23700,1.0160210937500005,0.003828125,0.9617734374999993,0.03439843749999998
23800,1.01641796875,0.003875,0.9612812500000001,0.03484375
23900,1.0166890625,0.0039765625,0.9602812499999994,0.035742187499999994
24000,1.01648203125,0.003984375,0.9606640624999996,0.035351562499999996
24100,1.0166890625000002,0.004046875,0.9603281249999999,0.03562499999999998
24200,1.0165320312500008,0.00396875,0.9606249999999994,0.03540624999999999
24300,1.01647578125,0.0038984374999999996,0.9608359374999997,0.03526562499999999
24400,1.0167429687499996,0.0038984374999999996,0.9603359374999998,0.035765624999999995
24500,1.0163453125000004,0.0038750000000000004,0.9609453124999995,0.035179687499999994
24600,1.0164054687500006,0.0038750000000000004,0.960867187499999,0.035257812499999985
24700,1.0161765624999997,0.00396875,0.9612890624999996,0.03474218749999999
24800,1.0162718750000002,0.0039765625,0.9615937499999997,0.034429687499999986
24900,1.0163929687500004,0.0040546875,0.9611640624999993,0.034781249999999986
25000,1.0164875000000002,0.00409375,0.9615156249999993,0.03439062499999999
25100,1.01657421875,0.0041328125,0.9614296874999998,0.03443749999999999
25200,1.0166921874999997,0.004296875,0.9616718749999997,0.03403125
25300,1.01694765625,0.0043359375,0.9608671874999994,0.034796874999999984
25400,1.0171906250000002,0.0043125,0.9605546874999995,0.035132812499999985
25500,1.0171312500000003,0.004234375,0.9609453124999997,0.0348203125
25600,1.0176390625,0.004375000000000001,0.9610859374999996,0.034539062499999995
25700,1.01771484375,0.00440625,0.9607578124999995,0.0348359375
25800,1.0181171875000004,0.00465625,0.9599374999999998,0.03540624999999998
25900,1.0184203125000002,0.004734375,0.9596484374999995,0.035617187499999994
26000,1.0185835937500003,0.004578125000000001,0.9593359374999992,0.03608593749999999
26100,1.0186242187499996,0.0044609375000000005,0.9593203124999996,0.03621874999999999
26200,1.0185101562499999,0.004390625,0.9593593749999991,0.03624999999999998
26300,1.0184374999999999,0.0043984375000000004,0.9588984374999998,0.036703125
26400,1.0182921875000004,0.004546875000000001,0.9599296874999999,0.035523437499999984
26500,1.0179320312500002,0.0043984375000000004,0.9602734374999997,0.03532812499999999
26600,1.0179640625000002,0.0044609375000000005,0.9600859374999996,0.03545312499999998
26700,1.0181781250000002,0.0045390625000000006,0.9599296874999992,0.03553124999999999
26800,1.0185328125,0.004687500000000001,0.9598515624999993,0.035460937500000005
26900,1.0188070312500002,0.004671875000000001,0.9597734374999995,0.03555468749999997
27000,1.01885,0.004796875000000001,0.9590546874999994,0.036148437499999984
27100,1.0189156250000009,0.004906250000000001,0.9596874999999992,0.03540625
27200,1.0188617187499998,0.004906250000000001,0.9599453124999995,0.03514843749999998
27300,1.0183562499999999,0.004718750000000001,0.9595937499999996,0.03568749999999998
27400,1.0185,0.004812500000000001,0.9592968749999995,0.03589062499999998
27500,1.0187781249999996,0.004718750000000001,0.9595312499999996,0.03575
27600,1.0190945312499997,0.004906250000000001,0.9588671874999996,0.0362265625
27700,1.0190984374999998,0.004859375000000001,0.9584374999999995,0.03670312499999999
27800,1.0191085937499997,0.0048671875,0.9591406249999994,0.035992187499999995
27900,1.0193148437500004,0.0048046875,0.9587109375,0.036484375
28000,1.0199625,0.0050078125,0.9576406249999996,0.03735156249999999
28100,1.0201523437500002,0.0050859375,0.9580703124999996,0.03684375
28200,1.0205351562500002,0.0051640624999999985,0.9586249999999992,0.0362109375
28300,1.0216773437499997,0.005539062500000001,0.9568749999999998,0.03758593749999997
28400,1.0219460937500002,0.005734375,0.9568593749999998,0.03740624999999999
28500,1.0219140624999996,0.005765625,0.9569062499999995,0.03732812499999998
28600,1.02193046875,0.005851562499999999,0.9578906249999993,0.03625781249999999
28700,1.0222578125000004,0.006101562499999999,0.9570781249999996,0.03682031249999999
28800,1.022203125,0.006046875,0.9570859374999997,0.036867187499999995
28900,1.0223078125,0.006203125,0.9569374999999998,0.03685937499999999
29000,1.0219023437499999,0.0060625,0.9575937499999995,0.03634374999999998
29100,1.0217773437499997,0.0059609375,0.9576718749999988,0.03636718749999998
29200,1.02239765625,0.006015625,0.9574374999999993,0.03654687499999999
29300,1.0221890625000003,0.005890625,0.956820312499999,0.03728906249999999
29400,1.0221117187500002,0.005921875,0.9570624999999996,0.037015624999999996
29500,1.02166796875,0.005812500000000001,0.9570078124999993,0.0371796875
29600,1.0217578125000004,0.005671875000000001,0.9571406249999993,0.03718749999999998
29700,1.0211718750000005,0.0054687500000000005,0.9569140624999994,0.03761718749999999
29800,1.0209875000000004,0.005328125,0.9574999999999996,0.037171874999999986
29900,1.0206484374999998,0.005101562500000001,0.957453125,0.0374453125
30000,1.0198859375000002,0.0047890625,0.9576796874999991,0.037531249999999995
30100,1.0188343750000002,0.004578125000000001,0.9590234374999996,0.03639843749999998
30200,1.01828359375,0.004390625,0.9587812499999997,0.03682812499999998
30300,1.0179140625000005,0.00434375,0.9595156249999995,0.03614062499999999
30400,1.0177031250000002,0.004265625,0.9601718749999996,0.035562500000000004
30500,1.0175890625000006,0.004140624999999999,0.9594374999999994,0.036421875000000006
30600,1.0176585937500005,0.004117187499999999,0.9595624999999997,0.03632031249999998
30700,1.0173031250000004,0.004101562499999999,0.9602343749999995,0.035664062499999996
30800,1.0171234375000002,0.004062500000000001,0.9605859374999999,0.03535156250000001
30900,1.01759921875,0.004328125000000001,0.9597265624999995,0.035945312499999986
31000,1.0177648437500004,0.0041796875,0.9597421874999995,0.03607812499999999
31100,1.01813984375,0.004273437500000001,0.9597187499999994,0.03600781249999999
31200,1.0180945312499996,0.0043046875,0.9594375000000002,0.036257812499999986
31300,1.0180007812499998,0.00425,0.9594374999999993,0.03631249999999998
31400,1.0176093750000001,0.004335937500000001,0.960328125,0.035335937499999984
31500,1.0179046875000004,0.00421875,0.9591953124999999,0.036585937500000006
31600,1.0175617187500001,0.004242187500000001,0.9593984374999994,0.036359374999999985
31700,1.0172781249999998,0.00421875,0.9599765624999996,0.03580468749999999
31800,1.0173500000000002,0.0042109375,0.9601406249999993,0.035648437499999984
31900,1.0172414062500001,0.004265625,0.9607421874999992,0.03499218749999999
32000,1.0180242187500004,0.0045390625000000006,0.9590468750000002,0.036414062500000004
32100,1.0179734375000002,0.0044296875000000005,0.9602499999999993,0.03532031249999997
32200,1.01790546875,0.0042890625,0.9591249999999993,0.036585937500000006
32300,1.0176999999999998,0.0043125,0.9598515624999997,0.035835937499999984
32400,1.0178328125,0.0041484375,0.9586953124999996,0.03715624999999999
32500,1.0181851562500004,0.0041484375,0.9577187499999992,0.038132812499999974
32600,1.0176656250000002,0.003953125,0.9591796874999998,0.03686718749999998
32700,1.0171375,0.004,0.9603984374999996,0.03560156250000002
32800,1.017075,0.0038203125000000004,0.9600312499999992,0.03614843749999997
32900,1.0168609375,0.0038671875,0.9607343749999998,0.03539843749999999
33000,1.0168007812499997,0.003921875,0.9599296874999999,0.03614843749999998
33100,1.0164421874999998,0.003875,0.9602421874999997,0.035882812499999986
33200,1.0167429687500003,0.00396875,0.9599296874999994,0.0361015625
33300,1.0168648437500003,0.00396875,0.9606328124999999,0.03539843749999998
33400,1.0167335937500002,0.0041328125,0.9609843749999997,0.03488281249999998
33500,1.017009375,0.0042421875,0.9607968749999997,0.03496093749999999
33600,1.0170390625,0.0042109375,0.9600859374999989,0.03570312499999998
33700,1.0166710937499999,0.004203125,0.9611015624999999,0.03469531249999999
33800,1.0170937499999997,0.004265625,0.9603984374999996,0.035335937499999984
33900,1.0166187499999995,0.0041953125,0.9614765624999992,0.03432812499999997
34000,1.0164546874999998,0.00403125,0.9617265624999993,0.03424218749999998
34100,1.0162359375000005,0.003953125,0.9622812499999992,0.03376562499999999
34200,1.0160773437500001,0.0038828125000000004,0.9617187499999993,0.03439843749999998
34300,1.01587578125,0.0037265625000000007,0.9617109374999997,0.034562499999999996
34400,1.0156429687500004,0.0036562500000000006,0.9619609374999996,0.034382812499999985
34500,1.0154906250000002,0.0035859375000000006,0.9622578124999996,0.03415624999999999
34600,1.0152359375000002,0.0033203125000000003,0.9616562499999998,0.03502343749999997
34700,1.0144156250000007,0.0032265625000000003,0.9627265624999995,0.034046875
34800,1.0141062500000002,0.00315625,0.9625937499999996,0.03424999999999997
34900,1.0141085937499998,0.0031875000000000002,0.9624843749999995,0.03432812499999999
35000,1.0143039062499997,0.0032734375000000003,0.9626249999999996,0.03410156249999999
35100,1.0140515625000006,0.0032265625000000003,0.9634921874999994,0.03328125
35200,1.0149242187499996,0.0033437500000000004,0.9620624999999996,0.03459374999999999
35300,1.0147898437499998,0.0033281250000000004,0.9618359374999994,0.03483593749999998
35400,1.0150242187500003,0.0034062500000000004,0.9629062499999999,0.03368749999999999
35500,1.0154304687500002,0.0032734375000000003,0.9619062499999991,0.03482031249999997
35600,1.0151640625,0.0033828125000000004,0.9618593749999995,0.034757812500000006
35700,1.0153179687499998,0.0035468750000000005,0.9611484374999992,0.0353046875
35800,1.0153351562499997,0.0034140625000000004,0.9621249999999995,0.03446093749999998
35900,1.0157773437500004,0.0033828125000000004,0.9614609374999995,0.03515624999999999
36000,1.01596015625,0.0034921875,0.9610390624999995,0.03546874999999999
36100,1.0163726562500002,0.0035078125,0.9610078124999999,0.035484374999999985
36200,1.0169109375000005,0.0038515625,0.9603749999999995,0.03577343749999999
36300,1.0168593750000003,0.0039921875,0.9612499999999993,0.034757812499999985
36400,1.0170304687500007,0.00421875,0.961015625,0.03476562499999999
36500,1.0172140625000001,0.004328125,0.9602187499999993,0.035453124999999995
36600,1.0172664062500003,0.004125,0.9607421874999992,0.035132812499999985
36700,1.0171843750000005,0.0040625,0.9601093749999996,0.03582812499999998
36800,1.0163203124999998,0.0038046875,0.9613593749999997,0.03483593749999997
36900,1.0160656250000002,0.0036171875000000006,0.9610390624999993,0.03534374999999999
37000,1.01597421875,0.0035781250000000006,0.9608515624999998,0.0355703125
37100,1.0156976562499997,0.0033593750000000004,0.9612421874999992,0.03539843749999997
37200,1.0154023437500004,0.0032031250000000002,0.9614687499999999,0.035328124999999974
37300,1.0151015625000004,0.0030625,0.9617968749999994,0.03514062499999999
37400,1.0152812499999997,0.0032656250000000003,0.9610390624999993,0.0356953125
37500,1.01498671875,0.0033203125000000003,0.9616249999999996,0.03505468749999996
37600,1.01501484375,0.0032812500000000003,0.96153125,0.035187500000000003
37700,1.0154679687500001,0.0034062500000000004,0.9612734374999994,0.03532031249999997
37800,1.0151195312500003,0.003203125,0.9614140624999998,0.03538281249999999
37900,1.0154609374999999,0.0032890625,0.9608437499999999,0.035867187499999974
38000,1.0151335937500001,0.003046875,0.9610312499999994,0.03592187499999998
38100,1.0144265625000002,0.0029062500000000004,0.9625937499999998,0.034499999999999975
38200,1.0145359375000003,0.0029375,0.9620546874999996,0.03500781249999998
38300,1.01464453125,0.0030625,0.9624921874999997,0.03444531249999999
38400,1.0146929687500006,0.0032500000000000003,0.9622499999999994,0.03449999999999998
38500,1.01489765625,0.0033515625000000004,0.9632499999999999,0.033398437499999975
38600,1.01511796875,0.0033281250000000004,0.9625390624999998,0.0341328125
38700,1.0148773437499996,0.0033828125000000004,0.9621171874999995,0.034499999999999975
38800,1.0147703125,0.0033281250000000004,0.9629374999999996,0.03373437499999998
38900,1.0149125000000006,0.0032500000000000003,0.9621093749999997,0.03464062499999999
39000,1.0150281249999997,0.0033593750000000004,0.9619140624999998,0.03472656249999998
39100,1.01525078125,0.0034765625000000005,0.9618984374999997,0.034624999999999975
39200,1.0155109375,0.0035234375000000005,0.9613906249999999,0.03508593749999999
39300,1.0156023437500004,0.0035625,0.9618828124999993,0.0345546875
39400,1.0154859375,0.003515625,0.9614453124999998,0.0350390625
39500,1.0155546874999999,0.003484375,0.9616406249999995,0.03487499999999998
39600,1.0152796875,0.0033203125000000003,0.9621953124999995,0.03448437499999999
39700,1.0149375000000003,0.0032187500000000003,0.9628593749999994,0.033921875
39800,1.0148343750000002,0.0032343750000000003,0.9616953124999994,0.0350703125
39900,1.01464765625,0.0031875000000000002,0.9621562499999997,0.034656249999999965
40000,1.0147609375000002,0.0033203125000000003,0.9622031249999994,0.03447656249999998
40100,1.0151429687499998,0.0033125000000000003,0.9619453124999995,0.03474218749999998
40200,1.0152023437500004,0.0034375000000000005,0.9622499999999995,0.03431249999999999
40300,1.0152070312499997,0.0034218750000000004,0.9627656249999997,0.03381249999999999
40400,1.0152804687500006,0.0035156250000000005,0.9620078124999998,0.03447656249999998
40500,1.0152546875000001,0.0036328125,0.9627187499999993,0.033648437499999975
40600,1.0158179687500002,0.0038671875,0.9618203124999996,0.03431249999999997
40700,1.01593125,0.003828125,0.9616640624999994,0.034507812499999985
40800,1.0161414062499998,0.0038828125,0.9616640624999998,0.03445312499999999
40900,1.0166242187500005,0.004015625,0.9611796874999995,0.03480468749999998
41000,1.0169593750000003,0.00425,0.9609062499999996,0.03484375
41100,1.0171710937500003,0.004328125,0.9608984374999994,0.03477343749999998
41200,1.0168031250000005,0.0044453125000000005,0.9622578124999999,0.033296874999999976
41300,1.0166710937499996,0.0042890625,0.9625156249999995,0.03319531249999998
41400,1.0161640625000008,0.0040390625,0.9629062499999993,0.033054687499999964
41500,1.01624609375,0.0039921875,0.9612890624999993,0.03471874999999999
41600,1.0153398437500005,0.0038046875,0.9623749999999992,0.033820312499999984
41700,1.01543203125,0.003734375,0.9622187499999997,0.03404687499999999
41800,1.0148140625,0.0035234375000000005,0.9627968749999996,0.03367968749999999
41900,1.0145015625,0.0033593750000000004,0.9632343749999995,0.033406249999999985
42000,1.014325,0.0033203125000000003,0.9632968749999995,0.03338281249999999
42100,1.01393046875,0.0032187500000000003,0.9638359374999992,0.03294531249999996
42200,1.0140093749999999,0.0032812500000000003,0.9647421874999995,0.031976562499999986
42300,1.0145570312499999,0.0034218750000000004,0.9635468749999991,0.03303124999999999
42400,1.0145343749999998,0.0032343750000000003,0.9628437499999993,0.033921874999999976
42500,1.0145843749999999,0.0033281250000000004,0.963265624999999,0.03340624999999999
42600,1.0142000000000007,0.0032187500000000003,0.9633515624999998,0.03342968749999998
42700,1.0139796875000007,0.0031171874999999997,0.9640703124999999,0.03281249999999998
42800,1.0142617187500003,0.0030000000000000005,0.9633984374999996,0.033601562499999967
42900,1.0143289062500003,0.0031328125,0.9638046874999997,0.03306249999999999
43000,1.0145968750000003,0.0033203125000000003,0.9633906249999997,0.03328906250000001
43100,1.0153726562500003,0.0033593750000000004,0.9626015625,0.03403906249999999
43200,1.0154898437500004,0.0034609375000000005,0.9619296874999995,0.034609374999999984
43300,1.0156460937499998,0.0035781250000000006,0.9620546875,0.03436718749999999
43400,1.0160296875000003,0.0036484375000000006,0.9622890624999995,0.03406249999999999
43500,1.0156601562500003,0.0036250000000000006,0.9624531249999995,0.033921875
43600,1.0157187500000002,0.0034921875000000005,0.9613984374999998,0.03510937499999997
43700,1.015878125,0.0034921875000000005,0.9620468749999995,0.03446093749999998
43800,1.0155554687500001,0.0034140625000000004,0.9632968749999995,0.033289062499999966
43900,1.0157828125000006,0.0034062500000000004,0.9616953124999995,0.03489843750000001
44000,1.0152851562500003,0.0033125000000000003,0.9626015624999993,0.034085937499999955
44100,1.0145421875000005,0.0031796875000000002,0.9636953124999993,0.03312499999999998
44200,1.0146039062500005,0.0032265625000000003,0.9622734374999992,0.034499999999999975
44300,1.0141671875,0.0032343750000000003,0.9640781249999998,0.032687499999999974
44400,1.0140265624999998,0.0032109375000000002,0.9638281249999996,0.03296093749999998
44500,1.0141242187500001,0.0031484375,0.9635312499999993,0.033320312499999984
44600,1.0137781250000002,0.002953125,0.9644999999999992,0.032546874999999996
44700,1.0134507812500002,0.002875,0.9638749999999997,0.03324999999999999
44800,1.0134164062500004,0.0028515625000000004,0.9642031249999997,0.03294531249999998
44900,1.0131624999999997,0.0027343750000000003,0.9643749999999996,0.03289062499999998
45000,1.0129710937500003,0.0027109375,0.9653437499999998,0.03194531249999997
45100,1.0132640625,0.0028515625,0.9644765624999992,0.03267187499999998
45200,1.0135554687500001,0.002859375,0.9645078124999994,0.03263281249999999
45300,1.0138101562500001,0.002859375,0.9641015624999995,0.033039062499999994
45400,1.0134898437500002,0.0030234375,0.9647734374999996,0.032203125
45500,1.0142257812500004,0.0031171875,0.9637968749999998,0.03308593749999996
45600,1.0138132812499998,0.0028984375,0.9643906249999995,0.032710937499999995
45700,1.0139359375000006,0.003109375,0.9640703124999996,0.03282031249999998
45800,1.0143632812499999,0.0031328125,0.9636484374999998,0.03321874999999999
45900,1.0144445312500001,0.0031875000000000002,0.9633281249999994,0.03348437499999998
46000,1.0144375000000003,0.0031953125000000002,0.9638593749999994,0.03294531249999996
46100,1.0144289062500003,0.0032343750000000003,0.9639218749999998,0.03284374999999999
46200,1.0147812499999995,0.0034140625000000004,0.9635546874999994,0.033031249999999984
46300,1.0145960937500003,0.0033359375000000004,0.9637734374999996,0.03289062499999998
46400,1.0142453125,0.0035390625000000005,0.9649609374999992,0.03149999999999998
46500,1.014428125,0.0034218750000000004,0.9645468749999995,0.03203124999999998
46600,1.0139601562500002,0.0031484375,0.964499999999999,0.03235156249999998
46700,1.0134382812499998,0.0028359375,0.9649999999999997,0.03216406249999998
46800,1.0134906250000002,0.002703125,0.9640078124999996,0.033289062499999994
46900,1.01289375,0.002515625,0.9650234375,0.032460937499999995
47000,1.0123679687499998,0.0024296875,0.9653515624999991,0.03221874999999999
47100,1.0122000000000002,0.0022500000000000003,0.9650156249999993,0.03273437499999998
47200,1.0119757812499999,0.0021796875,0.9657265624999998,0.03209374999999999
47300,1.0119726562500002,0.0021171875,0.9653515624999993,0.03253124999999997
47400,1.0117476562500005,0.0020546875,0.9655859374999993,0.03235937499999997
47500,1.0118125000000002,0.001984375,0.9659062499999997,0.03210937499999999
47600,1.0117593750000007,0.0019453125000000002,0.9659374999999998,0.03211718749999998
47700,1.0123921875000002,0.0020859375,0.9648828124999994,0.033031249999999984
47800,1.0119140625000005,0.002,0.9659687499999997,0.03203124999999998
47900,1.0116328125,0.001953125,0.9658125000000001,0.032234374999999996
48000,1.0116609374999999,0.0019609375,0.9660078124999996,0.03203124999999999
48100,1.01150078125,0.0019609375,0.9654296874999995,0.032609374999999975
48200,1.0113960937500002,0.0019062500000000004,0.9664453124999998,0.03164843749999997
48300,1.0112890625000004,0.0017031250000000002,0.9664609374999998,0.031835937499999994
48400,1.0107273437500006,0.0018359375000000003,0.9664687499999995,0.03169531249999999
48500,1.01087734375,0.0017734375000000003,0.9666874999999996,0.031539062499999986
48600,1.0108273437500004,0.0017343750000000002,0.9673437499999995,0.03092187499999998
48700,1.01075078125,0.0017968750000000003,0.9669531249999997,0.031249999999999976
48800,1.0111226562500002,0.0018671875000000004,0.9662265624999998,0.03190624999999998
48900,1.0110968749999998,0.0017968750000000003,0.9662265624999997,0.03197656249999999
49000,1.0107078125,0.0017812500000000005,0.9671484374999997,0.03107031249999997
49100,1.0105609375000004,0.0017187500000000002,0.9671406249999999,0.031140624999999977
49200,1.0105335937500002,0.0017812500000000003,0.9670546874999996,0.03116406249999998
49300,1.0109835937500005,0.0018984375000000002,0.9666093749999997,0.03149218749999998
49400,1.0111367187500002,0.0018984375000000002,0.9663046874999994,0.03179687499999998
49500,1.0109757812499998,0.0018828125000000002,0.9665624999999993,0.03155468749999999
49600,1.0106625000000007,0.0016953125,0.9665703124999997,0.03173437499999998
49700,1.010731250000001,0.001734375,0.9664765624999995,0.03178906249999998
49800,1.0108164062499998,0.0017109375000000002,0.9665703124999996,0.03171874999999999
49900,1.0106937500000004,0.0017187500000000007,0.9673671874999994,0.03091406249999999
50000,1.0106828124999998,0.0016875000000000006,0.9666796874999996,0.03163281249999999
50100,1.0107429687500002,0.0016171875000000006,0.9664453124999993,0.0319375
50200,1.010328125,0.0015546875000000005,0.9673906249999993,0.031054687499999983
50300,1.0102453125000004,0.0014609375000000002,0.9679296874999992,0.030609374999999987
50400,1.0101437500000003,0.0014609375,0.9671328124999997,0.03140624999999998
50500,1.0103187500000002,0.0015078125,0.9672734374999992,0.03121874999999998
50600,1.0104296875000005,0.0014921875000000005,0.9663984374999997,0.03210937499999998
50700,1.0101726562500002,0.0014453125000000004,0.9673671874999991,0.031187499999999996
50800,1.0100679687500003,0.0013906250000000002,0.9667499999999998,0.03185937499999999
50900,1.0101617187500005,0.0013984375000000002,0.9667187499999995,0.03188281249999997
51000,1.0103781250000003,0.0015546875,0.9668984374999995,0.031546874999999974
51100,1.0105554687499996,0.0016171875000000001,0.9666484374999996,0.03173437499999997
51200,1.0113398437499999,0.0018125000000000003,0.9654531249999998,0.032734374999999975
51300,1.0112640625000007,0.0018281250000000003,0.9653437499999994,0.03282812499999999
