step,msd_global,n_round,n_elongated
0,0.0,2500,0
100,29.233407424940385,2500,0
200,38.30402508494756,2457,43
300,42.77321950470143,2421,79
400,46.676067773344755,2375,125
500,49.942483624148736,2311,189
600,59.39449266343757,2235,265
700,71.37674638162562,2160,340
800,82.50408695098056,2087,413
900,99.18378024276338,2004,496
1000,114.36791892000718,1942,558
1100,136.90198707880654,1894,606
1200,166.67871265477518,1846,654
1300,192.31165153456925,1806,694
1400,216.8912467212663,1761,739
1500,242.64050987610509,1738,762
1600,275.8778979503697,1704,796
1700,314.6212489449829,1673,827
1800,348.7192715422202,1642,858
1900,384.1344911201488,1628,872
2000,428.9674375128992,1629,871
2100,467.84091316539104,1600,900
2200,509.355548742428,1583,917
2300,542.0047540850172,1568,932
2400,578.4416422736623,1546,954
2500,618.5632816864032,1531,969
2600,649.093458436096,1515,985
2700,684.48278145631,1512,988
2800,718.2742713340725,1511,989
2900,747.1509072427596,1514,986
3000,785.6326599760806,1494,1006
3100,821.2744986634633,1504,996
3200,869.6474185744071,1477,1023
3300,916.2862598462924,1462,1038
3400,975.3195217257958,1430,1070
3500,1023.2389336406142,1423,1077
3600,1084.9679753919895,1405,1095
3700,1125.9898642278695,1398,1102
3800,1168.626847300711,1395,1105
3900,1200.8638112266678,1363,1137
4000,1240.776722667262,1332,1168
4100,1278.2391615996235,1321,1179
4200,1325.0504214734053,1300,1200
4300,1369.8678473740526,1293,1207
4400,1426.7032416925952,1283,1217
4500,1477.0388121830324,1276,1224
4600,1537.3639657374413,1279,1221
4700,1608.1985000700936,1303,1197
4800,1680.151158992707,1317,1183
4900,1769.5408310386997,1326,1174
5000,1852.6847580315641,1307,1193
5100,1943.1273678304597,1267,1233
5200,2027.3075062179714,1249,1251
5300,2126.726834160804,1241,1259
5400,2200.3225250067308,1239,1261
5500,2289.5432360535287,1200,1300
5600,2394.586822926513,1179,1321
5700,2488.419850653082,1193,1307
5800,2605.367203436999,1201,1299
5900,2712.2828011601937,1192,1308
6000,2833.977753653393,1202,1298
6100,2952.852770586293,1213,1287
6200,3079.7652484604137,1206,1294
6300,3170.2533352961154,1199,1301
6400,3258.36993712612,1177,1323
6500,3297.779539127568,1188,1312
6600,3337.7342587039275,1182,1318
6700,3375.8165425314573,1159,1341
6800,3422.9014773125446,1136,1364
6900,3480.4187626063363,1151,1349
7000,3547.0728684989167,1152,1348
7100,3605.595561640893,1149,1351
7200,3663.7821000142803,1160,1340
7300,3750.639466329801,1143,1357
7400,3863.67940567507,1120,1380
7500,3940.5134970212275,1124,1376
7600,4025.614432109849,1117,1383
7700,4094.7270539162196,1115,1385
7800,4200.50598078721,1101,1399
7900,4319.309515387221,1061,1439
8000,4451.353218564992,1034,1466
8100,4598.944052612049,978,1522
8200,4702.544834036044,945,1555
8300,4804.265096128889,918,1582
8400,4927.583879272528,904,1596
8500,4998.577919655234,883,1617
8600,5069.933339254461,857,1643
8700,5176.430521634799,810,1690
8800,5261.60858723836,758,1742
8900,5367.916292351334,701,1799
9000,5492.461627630531,679,1821
9100,5668.215202249263,653,1847
9200,5836.974596212562,625,1875
9300,6031.948468662421,581,1919
9400,6231.599411302901,526,1974
9500,6413.914462101442,478,2022
9600,6646.912886613094,432,2068
9700,6859.5296070903305,397,2103
9800,7074.713825158887,369,2131
9900,7291.714985867565,344,2156
10000,7499.1594332002405,331,2169
10100,7745.159193325891,322,2178
10200,7975.150203149245,326,2174
10300,8214.854399690234,332,2168
10400,8446.34927365363,337,2163
10500,8690.871389068963,324,2176
10600,8942.254793375167,316,2184
10700,9203.771143230355,310,2190
10800,9462.550377824618,300,2200
10900,9717.436757055799,297,2203
11000,10010.395404588005,279,2221
11100,10328.836536964513,259,2241
11200,10659.146353410997,247,2253
11300,10993.227684356596,241,2259
11400,11372.479755595967,220,2280
11500,11748.696396425734,203,2297
11600,12152.152922831465,185,2315
11700,12553.845394415112,156,2344
11800,13025.684213306826,145,2355
11900,13445.252004555381,135,2365
12000,13878.245836997294,127,2373
12100,14359.0772972351,114,2386
12200,14843.727951160248,116,2384
12300,15281.94461221343,117,2383
12400,15736.661283178646,118,2382
12500,16232.534553910502,115,2385
12600,16701.108253435097,105,2395
12700,17196.159092050464,102,2398
12800,17718.310355434925,95,2405
12900,18215.11002133564,88,2412
13000,18683.542963584252,82,2418
13100,19161.656810281027,82,2418
13200,19706.634487591084,90,2410
13300,20248.531884519463,83,2417
13400,20830.306527030145,79,2421
13500,21407.4624267605,72,2428
13600,22003.772540986425,66,2434
13700,22634.243614395928,61,2439
13800,23277.94962818546,54,2446
13900,23952.030279039736,49,2451
14000,24635.00773967637,47,2453
14100,25310.774494771566,41,2459
14200,26037.45651791022,36,2464
14300,26780.947586434817,28,2472
14400,27474.13829793952,29,2471
14500,28123.736977321623,30,2470
14600,28884.206058673633,31,2469
14700,29684.763790123296,36,2464
14800,30427.564429410882,38,2462
14900,31197.395186492544,36,2464
15000,31996.33340668272,35,2465
15100,32750.815774637813,27,2473
15200,33511.01282625313,34,2466
15300,34346.00226344161,33,2467
15400,35179.49294589022,28,2472
15500,35965.47701577789,24,2476
15600,36819.392795002546,27,2473
15700,37640.43524017913,25,2475
15800,38488.492054297516,21,2479
15900,39376.75529947142,19,2481
16000,40266.70202933129,13,2487
16100,41200.89429572019,14,2486
16200,42132.97416856966,16,2484
16300,43123.46254035138,16,2484
16400,44049.25237967368,13,2487
16500,45073.86082896632,14,2486
16600,46114.52757152145,18,2482
16700,47101.53870652552,22,2478
16800,48100.55492501071,21,2479
16900,49168.67484247558,21,2479
17000,50243.21677009272,18,2482
17100,51239.61452316979,20,2480
17200,52393.06359851643,16,2484
17300,53446.8302334746,15,2485
17400,54462.55248484456,14,2486
17500,55579.098899979435,13,2487
17600,56674.942231330955,14,2486
17700,57864.03035150319,14,2486
17800,58915.783844051446,12,2488
17900,60002.96627088044,11,2489
18000,61176.92353829545,11,2489
18100,62335.72753705467,11,2489
18200,63589.858893255594,9,2491
18300,64744.98989928844,9,2491
18400,65992.32969378207,10,2490
18500,67273.43431056394,10,2490
18600,68536.73706017864,9,2491
18700,69847.89926006536,9,2491
18800,71140.84720671721,9,2491
18900,72446.98036622636,10,2490
19000,73754.57034229937,11,2489
19100,75124.79910950334,11,2489
19200,76542.5154831938,11,2489
19300,77864.07259360228,12,2488
19400,79241.79853232707,12,2488
19500,80598.25449192336,12,2488
19600,81998.54176336474,10,2490
19700,83396.42181129933,9,2491
19800,84753.52706791411,9,2491
19900,86116.6163559996,9,2491
20000,87608.81021488705,9,2491
20100,89066.80591964192,10,2490
20200,90515.73923407054,11,2489
20300,92025.07089582029,10,2490
20400,93569.04573456092,10,2490
20500,95107.47160526969,10,2490
20600,96680.00739918253,11,2489
20700,98250.84397054296,10,2490
20800,99796.07112312218,10,2490
20900,101300.14076089025,10,2490
21000,102925.35816941892,10,2490
21100,104578.2093093383,11,2489
21200,106194.85954378167,10,2490
21300,107789.7699089401,10,2490
21400,109477.1584251615,10,2490
21500,111206.09727185487,10,2490
21600,112944.82450756934,10,2490
21700,114599.84432439995,10,2490
21800,116308.03600205324,11,2489
21900,118053.01154083181,11,2489
22000,119743.58512900476,15,2485
22100,121445.88358339824,13,2487
22200,123201.4350900001,12,2488
22300,124933.79015270571,11,2489
22400,126702.7529440812,11,2489
22500,128505.64807982631,11,2489
22600,130237.5007639947,13,2487
22700,132053.60557632198,13,2487
22800,133900.71924064046,13,2487
22900,135644.08701087834,15,2485
23000,137539.19233384845,17,2483
23100,139378.80983546798,17,2483
23200,141177.62692937526,17,2483
23300,143027.48705267,17,2483
23400,144838.0898696488,17,2483
23500,146812.71662773684,17,2483
23600,148733.6236476998,17,2483
23700,150678.74386039443,19,2481
23800,152551.3816073483,21,2479
23900,154608.36967787746,22,2478
24000,156565.21639529814,24,2476
24100,158591.64186579236,24,2476
24200,160642.27821281075,25,2475
24300,162779.8402691597,39,2461
24400,164885.4061978301,47,2453
24500,166829.5210090205,49,2451
24600,168803.6436110269,52,2448
24700,170883.71645702628,63,2437
24800,173002.75330111192,62,2438
24900,174994.8600455015,71,2429
25000,177009.38671207108,78,2422
25100,179187.95804129099,77,2423
25200,181248.200729593,88,2412
25300,183325.57269047253,105,2395
25400,185283.53512395907,144,2356
25500,187157.70640870158,151,2349
25600,189189.09775456027,165,2335
25700,191229.00662127943,171,2329
25800,193222.86389975133,181,2319
25900,195318.37149896706,190,2310
26000,197233.65350890727,208,2292
26100,199382.00209088935,214,2286
26200,201353.76269812294,221,2279
26300,203385.49802314048,229,2271
26400,205489.8572826045,246,2254
26500,207570.23552178327,265,2235
26600,209588.3589684377,274,2226
26700,211616.8434707919,290,2210
26800,213646.71664854497,291,2209
26900,215679.26772099038,297,2203
27000,217669.58007253686,304,2196
27100,219680.80985766224,309,2191
27200,221772.15605750517,314,2186
27300,223649.39487731032,323,2177
27400,225536.34753667927,327,2173
27500,227404.82852863354,336,2164
27600,229220.1635183352,341,2159
27700,231100.55039442846,364,2136
27800,233062.62093859984,371,2129
27900,235011.5745483489,383,2117
28000,237138.49780943512,391,2109
28100,238988.28227119584,392,2108
28200,240835.21442951603,394,2106
28300,242681.8858470707,382,2118
28400,244662.47198899597,368,2132
28500,246588.6214182703,362,2138
28600,248731.6125499045,359,2141
28700,250844.61760435486,358,2142
28800,253032.758901797,365,2135
28900,255053.07612462202,354,2146
29000,257155.60650449438,351,2149
29100,259319.33882786732,330,2170
29200,261505.7088139113,318,2182
29300,263816.6189287413,304,2196
29400,266190.96940231975,296,2204
29500,268229.5076961208,291,2209
29600,270406.64691754006,283,2217
29700,272494.9553017703,293,2207
29800,274675.174532925,288,2212
29900,276814.6318851542,280,2220
30000,278970.0926091699,279,2221
30100,281042.77750722354,278,2222
30200,283248.6632607397,281,2219
30300,285518.9262174175,268,2232
30400,287596.51666386536,255,2245
30500,289452.70703773893,261,2239
30600,291457.35982263985,276,2224
30700,293668.53459289396,272,2228
30800,295646.69672281435,265,2235
30900,297757.3899518969,281,2219
31000,299965.4021024307,299,2201
31100,302162.6543407687,303,2197
31200,304469.7466929318,310,2190
31300,306535.74224079703,310,2190
31400,308671.36755353794,310,2190
31500,310863.9144657359,296,2204
31600,313154.98195712006,280,2220
31700,315384.0263157012,277,2223
31800,317578.5292651726,266,2234
31900,319815.6886306673,250,2250
32000,322059.07565793704,234,2266
32100,324404.49843736703,227,2273
32200,326735.6926349213,224,2276
32300,329096.1008827689,227,2273
32400,331464.73355526524,229,2271
32500,333597.8192227187,224,2276
32600,335733.4435654235,223,2277
32700,337752.0391029439,226,2274
32800,339986.4605766934,212,2288
32900,342026.7800228447,202,2298
33000,344063.16681550944,193,2307
33100,346411.4742613487,186,2314
33200,348870.81621457974,186,2314
33300,351181.7434279063,180,2320
33400,353393.4187028949,168,2332
33500,355797.45339320414,168,2332
33600,357995.0271944769,169,2331
33700,360390.10076127737,169,2331
33800,362906.77720935456,164,2336
33900,365201.12302213616,171,2329
34000,367734.5547404872,172,2328
34100,370032.4031688287,176,2324
34200,372715.8683578988,166,2334
34300,375174.08900659333,160,2340
34400,377551.09381177643,152,2348
34500,379873.39199500135,147,2353
34600,382426.4874457085,141,2359
34700,384898.1696302499,137,2363
34800,387308.1458914814,138,2362
34900,389752.2750589284,141,2359
35000,392362.41478215175,153,2347
35100,394756.4053447424,155,2345
35200,397085.23502519017,154,2346
35300,399416.38537809637,154,2346
35400,402026.78691189736,150,2350
35500,404644.0405880479,138,2362
35600,407638.5739105502,122,2378
35700,409890.85192548664,124,2376
35800,412423.71539131313,119,2381
35900,415181.60585677385,115,2385
36000,417963.9444246399,119,2381
36100,420372.82803593256,111,2389
36200,422984.0020169124,98,2402
36300,425543.2360917405,102,2398
36400,428128.2134584556,105,2395
36500,430802.45143040066,119,2381
36600,433602.45421779406,120,2380
36700,436536.5410776783,117,2383
36800,439231.23279911134,108,2392
36900,441832.9850743676,103,2397
37000,444543.8775873937,93,2407
37100,447245.4848218812,79,2421
37200,450256.275342245,69,2431
37300,452954.3369659765,64,2436
37400,455787.3175609037,56,2444
37500,458630.69080376776,54,2446
37600,461318.98988757917,58,2442
37700,463969.8422533432,53,2447
37800,467080.05528821924,52,2448
37900,469872.06292691553,45,2455
38000,472295.7207596081,39,2461
38100,475490.4531978283,39,2461
38200,478225.7289808424,42,2458
38300,481108.65246339777,46,2454
38400,484022.3632935935,44,2456
38500,486995.1672611017,43,2457
38600,489905.12088853,53,2447
38700,492699.7787819505,50,2450
38800,495648.22803328733,50,2450
38900,498851.81188132666,47,2453
39000,501956.09824500687,52,2448
39100,504997.51311385754,64,2436
39200,508037.5197149411,68,2432
39300,510996.64341325284,75,2425
39400,514161.0735017167,77,2423
39500,517128.5070394783,85,2415
39600,520313.22246729594,98,2402
39700,523404.1717135401,113,2387
39800,526398.4805831542,126,2374
39900,529118.1862089245,130,2370
40000,532359.3883549373,123,2377
40100,535545.9086940672,133,2367
40200,538417.6448035634,138,2362
40300,541703.7209239141,133,2367
40400,544750.5755269192,125,2375
40500,547895.8209783734,116,2384
40600,551011.7229160037,103,2397
40700,554136.5264712133,92,2408
40800,557502.658981869,85,2415
40900,560770.7274332909,77,2423
41000,564151.8369643801,68,2432
41100,567412.0008894817,60,2440
41200,570940.8731247341,47,2453
41300,574318.9398893205,38,2462
41400,577315.4909672777,39,2461
41500,580525.3618324609,41,2459
41600,583813.1255420061,46,2454
41700,587044.6735667519,42,2458
41800,590363.7274284662,48,2452
41900,593324.5564002662,54,2446
42000,596632.7267021033,55,2445
42100,599940.8562949495,51,2449
42200,603423.3740289994,47,2453
42300,606683.2419419576,45,2455
42400,609939.3062026236,44,2456
42500,613333.7957237265,44,2456
42600,616858.9629785747,49,2451
42700,620085.9084908317,48,2452
42800,623921.0310669888,50,2450
42900,627451.0142330314,54,2446
43000,630893.7333281845,55,2445
43100,634727.7692098565,52,2448
43200,638425.8608432041,54,2446
43300,641839.5724939866,56,2444
43400,645761.6433180254,57,2443
43500,649173.3251904051,63,2437
43600,652810.6017762363,64,2436
43700,656400.0844341854,62,2438
43800,660184.4278526987,60,2440
43900,663878.9171064566,57,2443
44000,667427.1881572517,53,2447
44100,670658.5085201164,53,2447
44200,674175.2218639603,52,2448
44300,677935.8243591248,48,2452
44400,681366.5248267697,47,2453
44500,684841.8010677984,46,2454
44600,688583.3356692503,48,2452
44700,692254.6242005316,49,2451
44800,695975.4944892228,44,2456
44900,699643.7837051434,43,2457
45000,703508.7748600496,43,2457
45100,707341.9182132297,43,2457
45200,711048.7189924468,43,2457
45300,715035.4264344655,44,2456
45400,719007.6398305142,44,2456
45500,722936.6386558607,42,2458
45600,726792.8573128715,42,2458
45700,730607.1504237924,42,2458
45800,734640.249637231,41,2459
45900,738613.3541212416,41,2459
46000,742493.8140072322,40,2460
46100,746429.8924285768,28,2472
46200,750162.5913165741,19,2481
46300,754032.082356666,18,2482
46400,757793.3494431912,18,2482
46500,761550.7101579854,18,2482
46600,765399.3316217274,17,2483
46700,769198.5807868921,17,2483
46800,773049.3514790552,17,2483
46900,777059.3091931965,17,2483
47000,780820.532817848,17,2483
47100,784790.9084185254,17,2483
47200,789154.2128129547,17,2483
47300,793154.175052885,18,2482
47400,796999.9494372138,18,2482
47500,801393.0756502114,22,2478
47600,805793.2194724161,22,2478
47700,809933.1375702491,25,2475
47800,814121.7038443703,24,2476
47900,818287.6729268442,26,2474
48000,822252.4462113148,27,2473
48100,826345.6423202064,28,2472
48200,830510.8734347102,31,2469
48300,834545.707668876,33,2467
48400,838620.2663190807,37,2463
48500,842281.2744814304,43,2457
48600,846338.2519180368,44,2456
48700,850182.8358182047,49,2451
48800,854342.1816642619,59,2441
48900,858223.509399898,63,2437
49000,862455.0436204907,67,2433
49100,866565.2262420875,71,2429
49200,870930.8046389293,89,2411
49300,875068.6595178831,90,2410
49400,878911.9196544174,96,2404
49500,883221.08471173,102,2398
49600,887532.8720217504,108,2392
49700,891819.3594178383,109,2391
49800,896169.7936687708,113,2387
49900,900396.2938406545,116,2384
50000,904763.4954785446,121,2379
