step,msd_global,n_round,n_elongated
0,0.0,2500,0
100,29.38579648145897,2500,0
200,29.12073792177079,2446,54
300,35.232512461396134,2387,113
400,43.54359002573703,2326,174
500,56.06959665464209,2261,239
600,67.65034171000794,2204,296
700,80.9240541579725,2152,348
800,97.47266332697116,2089,411
900,111.35402002141365,2039,461
1000,133.5429664219008,1978,522
1100,153.95475988968738,1920,580
1200,177.88554047215786,1881,619
1300,200.45786261706527,1859,641
1400,225.41486593441485,1842,658
1500,251.01393081796607,1804,696
1600,274.03293546823915,1777,723
1700,305.414777697655,1739,761
1800,342.11956735773833,1694,806
1900,376.80071724191623,1674,826
2000,406.65804810786284,1655,845
2100,441.39643471999506,1627,873
2200,480.5176877558261,1613,887
2300,510.6265934830835,1615,885
2400,539.0173986951899,1587,913
2500,563.7417785768635,1571,929
2600,592.7650269179348,1545,955
2700,631.6754646305444,1526,974
2800,667.0576806928037,1509,991
2900,710.910550770749,1488,1012
3000,751.2871457421707,1510,990
3100,807.2284274560451,1504,996
3200,863.779341047981,1482,1018
3300,917.4363851345088,1468,1032
3400,965.8403211619474,1478,1022
3500,1013.9267739257915,1491,1009
3600,1059.34147359953,1507,993
3700,1099.6672853640505,1528,972
3800,1151.2480215353648,1489,1011
3900,1195.9485841729022,1465,1035
4000,1233.1354599926149,1445,1055
4100,1251.5963226470378,1428,1072
4200,1279.750326971664,1402,1098
4300,1307.7935970081721,1373,1127
4400,1341.4960438754833,1346,1154
4500,1364.5041459582585,1323,1177
4600,1409.7214196415132,1309,1191
4700,1464.9194859395777,1304,1196
4800,1511.3043400265447,1317,1183
4900,1556.47509783007,1337,1163
5000,1596.9732081905645,1330,1170
5100,1644.7097720543022,1331,1169
5200,1714.8025040079795,1324,1176
5300,1784.9647170261032,1322,1178
5400,1837.8681545375787,1318,1182
5500,1897.5836358719316,1321,1179
5600,1946.3152129119917,1303,1197
5700,1993.321913514521,1304,1196
5800,2064.2161460747247,1295,1205
5900,2131.3060359688993,1272,1228
6000,2205.599774136848,1245,1255
6100,2264.310380715949,1211,1289
6200,2320.254778106662,1203,1297
6300,2402.8472112559584,1180,1320
6400,2497.204325581193,1161,1339
6500,2602.5718305515015,1156,1344
6600,2715.2749497246214,1147,1353
6700,2798.004632682792,1137,1363
6800,2862.0273673291476,1119,1381
6900,2917.72823851242,1105,1395
7000,2981.9620148760223,1102,1398
7100,3052.174681176785,1088,1412
7200,3173.850841836147,1090,1410
7300,3295.5853034145193,1071,1429
7400,3385.710463207968,1059,1441
7500,3503.765372538109,1061,1439
7600,3643.123161244437,1054,1446
7700,3764.2731032001266,1030,1470
7800,3855.2565046739705,1027,1473
7900,3956.3404709300326,1004,1496
8000,4053.897077925807,970,1530
8100,4164.246893776998,963,1537
8200,4290.567568116357,947,1553
8300,4390.507685550565,930,1570
8400,4504.50968820548,929,1571
8500,4589.141089569644,928,1572
8600,4705.983089103135,916,1584
8700,4847.8094547201335,932,1568
8800,4997.451347459962,933,1567
8900,5137.326811345968,939,1561
9000,5297.1607242228765,932,1568
9100,5471.985830727582,928,1572
9200,5647.255230061476,920,1580
9300,5751.345265268696,918,1582
9400,5932.186040193756,923,1577
9500,6129.526586991314,916,1584
9600,6341.3133204782,913,1587
9700,6553.881653352725,914,1586
9800,6744.164059536752,910,1590
9900,6957.733694597948,897,1603
10000,7191.583287360221,893,1607
10100,7402.48719754299,879,1621
10200,7619.771100074937,860,1640
10300,7815.53197491456,843,1657
10400,7980.39865490199,830,1670
10500,8207.62304026197,828,1672
10600,8406.562093482513,825,1675
10700,8596.864514872039,815,1685
10800,8749.76385299346,809,1691
10900,8932.25161619555,804,1696
11000,9097.04754428608,798,1702
11100,9261.52449513374,816,1684
11200,9457.16508586025,811,1689
11300,9668.020700161165,805,1695
11400,9896.891757611065,794,1706
11500,10085.475000815111,794,1706
11600,10300.732780999213,780,1720
11700,10521.740770372551,812,1688
11800,10772.724899382263,833,1667
11900,11003.25661903971,830,1670
12000,11225.750906505114,834,1666
12100,11492.34808249304,829,1671
12200,11760.06667246381,823,1677
12300,12022.732287736573,814,1686
12400,12305.907037858482,792,1708
12500,12563.560733500448,821,1679
12600,12785.401423511808,829,1671
12700,13068.35462928474,810,1690
12800,13359.426368168268,810,1690
12900,13644.423374608856,817,1683
13000,13892.291388855183,810,1690
13100,14119.910690747403,825,1675
13200,14336.97340459243,856,1644
13300,14578.33672146396,875,1625
13400,14790.558289520859,877,1623
13500,14986.885138993503,879,1621
13600,15230.81545502557,864,1636
13700,15463.883745154455,875,1625
13800,15648.948811098797,864,1636
13900,15882.770751973412,877,1623
14000,16160.612804738248,876,1624
14100,16436.37140083793,877,1623
14200,16700.22591777004,873,1627
14300,16950.187186318984,856,1644
14400,17239.608950042122,842,1658
14500,17549.527982639378,842,1658
14600,17895.952020211353,830,1670
14700,18195.49095029462,811,1689
14800,18512.426959717013,800,1700
14900,18811.895504000997,776,1724
15000,19117.29967903181,754,1746
15100,19420.83145666398,724,1776
15200,19655.22153478872,703,1797
15300,19849.742543273664,668,1832
15400,19985.68228486879,658,1842
15500,20130.485823897143,645,1855
15600,20350.246531511973,619,1881
15700,20643.31852606331,600,1900
15800,21068.290706124655,556,1944
15900,21447.756130270354,525,1975
16000,21823.97528368532,487,2013
16100,22139.68502133683,482,2018
16200,22406.777297449993,479,2021
16300,22759.88788994048,477,2023
16400,23062.084109203177,480,2020
16500,23350.120675864517,472,2028
16600,23618.68798673311,464,2036
16700,23950.297577613783,447,2053
16800,24357.720295346193,438,2062
16900,24695.848354466558,412,2088
17000,25069.008549363996,382,2118
17100,25431.156835587233,347,2153
17200,25783.306347881575,325,2175
17300,26168.225347001033,305,2195
17400,26602.887536105958,283,2217
17500,26988.30570838216,260,2240
17600,27464.095664820183,246,2254
17700,27987.93186850352,223,2277
17800,28464.518662281836,198,2302
17900,29036.448442005694,177,2323
18000,29568.537268862234,162,2338
18100,30174.52367124176,148,2352
18200,30765.52570772469,142,2358
18300,31382.415302147616,134,2366
18400,31984.301652545346,119,2381
18500,32569.18043084463,118,2382
18600,33192.90376624373,130,2370
18700,33777.57968099899,137,2363
18800,34329.17980082516,146,2354
18900,34933.11347514374,144,2356
19000,35545.63548998645,148,2352
19100,36183.08696363797,141,2359
19200,36725.57474802918,138,2362
19300,37274.37335602101,139,2361
19400,37827.738944838435,139,2361
19500,38366.05097560279,131,2369
19600,38936.76973876636,143,2357
19700,39517.24914566423,147,2353
19800,40154.681321637574,145,2355
19900,40728.29638768557,134,2366
20000,41347.822769783736,127,2373
20100,41996.77683922698,116,2384
20200,42766.76386179686,116,2384
20300,43500.06520925638,114,2386
20400,44330.13757363094,110,2390
20500,45141.82223785379,109,2391
20600,45933.69006679921,106,2394
20700,46658.01468723454,98,2402
20800,47540.76195691065,91,2409
20900,48369.32023062152,91,2409
21000,49221.81233886597,87,2413
21100,50033.49265391563,84,2416
21200,50897.254502093914,71,2429
21300,51739.99140579522,61,2439
21400,52668.42853580619,56,2444
21500,53566.279740762744,49,2451
21600,54519.16619315208,42,2458
21700,55434.86491623216,34,2466
21800,56440.92198664255,29,2471
21900,57348.328290736266,21,2479
22000,58317.09588294313,16,2484
22100,59311.450897603274,9,2491
22200,60302.96955527565,7,2493
22300,61337.16335148895,7,2493
22400,62390.06724590144,7,2493
22500,63396.09510173514,8,2492
22600,64510.672709534694,11,2489
22700,65471.98727617241,12,2488
22800,66551.19287012884,9,2491
22900,67556.8613986696,9,2491
23000,68617.03283208032,9,2491
23100,69612.1251996558,9,2491
23200,70806.19911758859,9,2491
23300,71886.24604729316,8,2492
23400,73050.60389757184,9,2491
23500,74237.30798412225,8,2492
23600,75467.51646200263,9,2491
23700,76658.94972403713,7,2493
23800,77944.27178146438,6,2494
23900,79117.01050246379,6,2494
24000,80432.09743632267,6,2494
24100,81754.27149063775,7,2493
24200,83069.80356058503,6,2494
24300,84327.2070064362,8,2492
24400,85643.84042096556,8,2492
24500,87009.61003332246,8,2492
24600,88331.08211373698,7,2493
24700,89698.65839489592,8,2492
24800,91031.28581430862,8,2492
24900,92383.51875940498,7,2493
25000,93823.3641897416,9,2491
25100,95278.80320766493,6,2494
25200,96654.47501691243,6,2494
25300,98177.21410367292,6,2494
25400,99615.9788667403,6,2494
25500,101070.36667307756,7,2493
25600,102523.57028493426,10,2490
25700,103998.20294012025,6,2494
25800,105505.35018752608,6,2494
25900,106932.17458138532,7,2493
26000,108430.26499356263,6,2494
26100,109990.54595522878,6,2494
26200,111471.13620710108,6,2494
26300,113038.63167853837,6,2494
26400,114588.4095359215,6,2494
26500,116291.17053410149,6,2494
26600,117876.05239860916,6,2494
26700,119574.1270221691,7,2493
26800,121273.9037007639,6,2494
26900,123004.55774626837,6,2494
27000,124671.63618447872,6,2494
27100,126354.25072961359,6,2494
27200,128078.48761870399,6,2494
27300,129829.38792861254,6,2494
27400,131627.60013439646,6,2494
27500,133459.216444206,6,2494
27600,135270.59965596118,6,2494
27700,137009.59981133844,6,2494
27800,138858.92975588352,6,2494
27900,140668.98125950023,6,2494
28000,142635.47699782558,6,2494
28100,144503.88855569466,6,2494
28200,146407.61736559676,7,2493
28300,148269.5063901269,6,2494
28400,150186.94096575413,6,2494
28500,152131.9514723051,6,2494
28600,154080.65130835644,6,2494
28700,156027.35378044652,7,2493
28800,157925.64478169047,6,2494
28900,159841.30590760623,7,2493
29000,161775.8432259882,12,2488
29100,163785.17165601408,19,2481
29200,165705.76320336226,26,2474
29300,167738.3653697168,27,2473
29400,169668.69595535955,22,2478
29500,171693.38445064434,18,2482
29600,173615.34078141314,24,2476
29700,175668.88763237963,17,2483
29800,177731.27053951222,19,2481
29900,179778.1464860585,20,2480
30000,181895.84250768393,22,2478
30100,183949.3398101252,23,2477
30200,186043.47975841726,22,2478
30300,188078.9722667398,21,2479
30400,190254.14402976283,11,2489
30500,192462.8501564415,6,2494
30600,194689.2371804989,6,2494
30700,196941.8726719749,6,2494
30800,199197.3852642056,6,2494
30900,201489.57088257224,7,2493
31000,203698.66781137636,6,2494
31100,205891.28448796962,6,2494
31200,208220.62952235417,6,2494
31300,210392.75974995038,6,2494
31400,212629.3886958115,6,2494
31500,214890.1851147027,6,2494
31600,217047.38977209025,6,2494
31700,219417.71490344644,6,2494
31800,221664.62985769683,6,2494
31900,224021.49835748362,6,2494
32000,226382.67640205022,6,2494
32100,228769.86119189538,6,2494
32200,231143.06734843377,6,2494
32300,233464.55078663764,6,2494
32400,235826.0601357276,6,2494
32500,238199.51031225358,6,2494
32600,240681.83965502406,7,2493
32700,243243.04540326563,6,2494
32800,245751.81057524093,6,2494
32900,248225.59563333265,6,2494
33000,250685.56036968922,6,2494
33100,253111.93411493712,6,2494
33200,255650.18245497064,6,2494
33300,258048.57180206274,6,2494
33400,260710.5100608714,6,2494
33500,263246.1796169696,7,2493
33600,265855.24940454063,6,2494
33700,268493.0500438546,8,2492
33800,271106.3937882659,7,2493
33900,273923.43852361117,6,2494
34000,276639.68458778865,6,2494
34100,279448.35083251755,6,2494
34200,282175.82520143804,5,2495
34300,284756.2391385318,5,2495
34400,287512.5797829313,6,2494
34500,290215.22117398854,5,2495
34600,292736.07527451427,5,2495
34700,295339.87075705983,5,2495
34800,298003.5078145272,5,2495
34900,300764.0124597347,5,2495
35000,303492.9471663723,5,2495
35100,306269.637050107,5,2495
35200,309081.8351432487,5,2495
35300,311810.0042542798,5,2495
35400,314667.39522373804,5,2495
35500,317664.0953705208,5,2495
35600,320708.0002583064,5,2495
35700,323772.8428481194,5,2495
35800,326726.00511393155,5,2495
35900,329617.3579603483,5,2495
36000,332451.2716610433,5,2495
36100,335372.2574427071,6,2494
36200,338123.8446799525,6,2494
36300,341058.43696307356,7,2493
36400,344029.32056133787,6,2494
36500,346973.99393657956,5,2495
36600,350081.6768110075,5,2495
36700,353206.219826178,5,2495
36800,356448.04200590885,5,2495
36900,359445.8781824366,5,2495
37000,362653.36129656946,5,2495
37100,365682.6256683699,5,2495
37200,368937.47626688745,5,2495
37300,372003.0183677551,5,2495
37400,375065.2582296616,5,2495
37500,378111.4480605981,5,2495
37600,381087.65925164404,5,2495
37700,384174.89777203236,5,2495
37800,387353.51291001367,5,2495
37900,390629.5879036604,5,2495
38000,393712.13810700615,5,2495
38100,396926.78313532035,5,2495
38200,400315.68762835243,5,2495
38300,403348.92174701946,5,2495
38400,406850.237362072,5,2495
38500,410237.926647267,5,2495
38600,413761.1846012626,5,2495
38700,417158.2413373535,5,2495
38800,420687.2530563983,5,2495
38900,423902.209553023,5,2495
39000,427248.1423474135,5,2495
39100,430636.9050597483,5,2495
39200,434187.90378694976,5,2495
39300,437462.1581982591,5,2495
39400,440934.4462401268,6,2494
39500,444491.3763339621,5,2495
39600,447931.2511963873,5,2495
39700,451442.48323131714,5,2495
39800,455041.2912491787,5,2495
39900,458542.296595368,5,2495
40000,462056.4609604454,5,2495
40100,465530.8527226896,5,2495
40200,469006.2633257441,5,2495
40300,472515.001944776,5,2495
40400,476026.29108443146,5,2495
40500,479420.10098272486,5,2495
40600,483003.3586497857,5,2495
40700,486461.00699011533,5,2495
40800,490081.872865614,5,2495
40900,493755.1649059556,5,2495
41000,497407.5866355345,5,2495
41100,501135.45214738214,4,2496
41200,504815.0879447402,4,2496
41300,508649.2822660858,4,2496
41400,512453.8843835744,4,2496
41500,516336.0372979807,4,2496
41600,520120.9804771126,4,2496
41700,523943.54320439365,4,2496
41800,527722.2086762785,4,2496
41900,531523.7396157669,4,2496
42000,535494.6240910023,4,2496
42100,539368.6674568163,4,2496
42200,543258.7425007833,4,2496
42300,547098.0238703334,4,2496
42400,550957.8966173438,4,2496
42500,554946.5380341514,4,2496
42600,558901.0956081123,4,2496
42700,562949.3527379693,4,2496
42800,567038.6487330517,4,2496
42900,571055.5315794742,4,2496
43000,574918.959597697,4,2496
43100,578756.8978718172,4,2496
43200,582686.242393974,4,2496
43300,586327.0783551382,4,2496
43400,590162.7860403098,5,2495
43500,593986.5356619761,4,2496
43600,597684.5163251333,4,2496
43700,601680.1322548545,4,2496
43800,605901.3290027499,4,2496
43900,609921.5784918743,4,2496
44000,613865.7831414158,4,2496
44100,618008.2041690935,4,2496
44200,622444.3917540679,4,2496
44300,626745.5637862372,4,2496
44400,631187.8342024924,4,2496
44500,635487.6982636055,4,2496
44600,639688.3784923566,4,2496
44700,643908.7833792915,4,2496
44800,648135.4483511881,4,2496
44900,652329.333621553,4,2496
45000,656673.6417844311,4,2496
45100,660983.1524046035,4,2496
45200,665364.0027090438,4,2496
45300,669851.4960835674,4,2496
45400,674395.4153889159,4,2496
45500,678901.4914271131,4,2496
45600,683355.3281800702,4,2496
45700,687560.2988589118,4,2496
45800,691990.1361990637,4,2496
45900,696358.5514678167,4,2496
46000,700686.6709363463,4,2496
46100,704914.0536417566,4,2496
46200,709216.3803146561,4,2496
46300,713410.6663663458,4,2496
46400,717672.9572318299,4,2496
46500,721872.8059434353,4,2496
46600,725992.7561944827,4,2496
46700,730566.2967387823,4,2496
46800,734960.5465022244,4,2496
46900,739446.9703096956,4,2496
47000,743874.2982771005,4,2496
47100,748621.3659919226,4,2496
47200,753473.2821872662,4,2496
47300,758235.7706565968,4,2496
47400,762979.5073399446,4,2496
47500,767641.9614795189,4,2496
47600,772379.1802826268,5,2495
47700,777126.7535554183,5,2495
47800,781974.8019307619,4,2496
47900,786727.690904836,4,2496
48000,791186.0729014955,4,2496
48100,796052.764981807,4,2496
48200,800883.3227396841,4,2496
48300,805788.4453431144,4,2496
48400,810677.5616372757,4,2496
48500,815634.8483357166,8,2492
48600,820598.6387801822,4,2496
48700,825223.3462965103,4,2496
48800,830128.312578234,4,2496
48900,834742.3144114466,4,2496
49000,839397.0375994089,4,2496
49100,843950.376733078,4,2496
49200,848585.012779427,4,2496
49300,853195.4359729192,4,2496
49400,857786.4438721598,4,2496
49500,862678.0080353245,4,2496
49600,867160.8305540993,4,2496
49700,872146.7566386226,4,2496
49800,876990.1333710493,4,2496
49900,881866.0079041426,4,2496
50000,887080.2702131462,4,2496
