step,msd_global,n_round,n_elongated
0,0.0,2500,0
100,29.05014665696058,2500,0
200,34.531677370035986,2497,3
300,34.598566600987475,2494,6
400,35.36527109958365,2490,10
500,36.96618007585108,2487,13
600,40.536868889523646,2483,17
700,40.565096388847756,2474,26
800,43.04704580833282,2466,34
900,45.255400349982686,2457,43
1000,46.95184966850646,2450,50
1100,51.31558041236228,2438,62
1200,53.638456226689506,2426,74
1300,57.16612220805655,2416,84
1400,59.192860671183254,2398,102
1500,62.81361578570356,2385,115
1600,70.13950289258042,2369,131
1700,77.41990073476822,2355,145
1800,80.40232923950478,2347,153
1900,83.96397948834225,2327,173
2000,92.33230487199836,2300,200
2100,98.1227264661253,2287,213
2200,105.36378405843358,2265,235
2300,111.3264725387655,2247,253
2400,116.70006518821447,2231,269
2500,124.25303819555505,2217,283
2600,132.5175377238389,2191,309
2700,142.2483760010576,2170,330
2800,156.3950574317979,2144,356
2900,171.76125226803333,2120,380
3000,182.17424235843575,2110,390
3100,199.08932722315993,2094,406
3200,202.59409506331826,2089,411
3300,216.68243715440872,2090,410
3400,235.7538782968212,2080,420
3500,255.52901037195298,2066,434
3600,279.1266802437329,2047,453
3700,306.492319143354,2026,474
3800,333.6070851354395,1998,502
3900,366.10662850660935,1984,516
4000,389.00319234103256,1981,519
4100,416.38651041216895,1963,537
4200,435.29544057606114,1951,549
4300,458.97286336489526,1948,552
4400,477.52033484760466,1950,550
4500,481.80159704253293,1948,552
4600,486.2365369871238,1937,563
4700,503.59860862290935,1923,577
4800,521.8616316131511,1911,589
4900,554.9852784622605,1891,609
5000,597.2477183483448,1878,622
5100,633.7541006226177,1869,631
5200,652.7598002884137,1865,635
5300,672.0858514983431,1850,650
5400,700.1472729342768,1846,654
5500,729.2010030615866,1837,663
5600,760.971853922446,1826,674
5700,784.3333681277131,1803,697
5800,802.1387431721506,1770,730
5900,828.0383616990009,1760,740
6000,851.5282007615378,1748,752
6100,873.5962590858755,1753,747
6200,909.4303726767674,1747,753
6300,936.2074517422127,1745,755
6400,980.8756292117674,1751,749
6500,1019.1887944030683,1747,753
6600,1059.2544208113227,1745,755
6700,1088.9049081693474,1719,781
6800,1132.3396376514536,1697,803
6900,1173.9754665194887,1703,797
7000,1230.8790127549257,1700,800
7100,1292.416660146371,1694,806
7200,1343.1406550506583,1686,814
7300,1392.6025411298804,1684,816
7400,1461.2100034202563,1682,818
7500,1535.987833659992,1693,807
7600,1607.4406652874143,1673,827
7700,1684.9013540599021,1666,834
7800,1759.7310780765265,1657,843
7900,1828.9518058784627,1668,832
8000,1896.0847125064856,1655,845
8100,1978.1943707002356,1653,847
8200,2072.159221620442,1646,854
8300,2155.300109604735,1642,858
8400,2222.661846504733,1645,855
8500,2271.5183937222073,1648,852
8600,2319.7988765622104,1665,835
8700,2360.427189816971,1666,834
8800,2397.2235736093285,1652,848
8900,2419.7301746265566,1633,867
9000,2455.140776909454,1620,880
9100,2500.6015224829057,1615,885
9200,2549.0412270826378,1611,889
9300,2615.3328084347518,1594,906
9400,2670.707145015731,1567,933
9500,2751.49142112541,1545,955
9600,2845.171087574458,1519,981
9700,2946.6893664172994,1484,1016
9800,3048.103390643627,1462,1038
9900,3172.8250409099155,1450,1050
10000,3306.3141973069487,1454,1046
10100,3462.252869468902,1447,1053
10200,3616.948298958639,1457,1043
10300,3789.4663034735054,1467,1033
10400,3954.359466964604,1482,1018
10500,4086.7368764152334,1486,1014
10600,4231.573329002179,1498,1002
10700,4370.854490593153,1517,983
10800,4505.401420949231,1530,970
10900,4624.684040072252,1514,986
11000,4756.839998490116,1488,1012
11100,4871.959284394898,1474,1026
11200,5008.814429933761,1459,1041
11300,5123.39386357395,1436,1064
11400,5256.346827235407,1415,1085
11500,5396.363072603829,1400,1100
11600,5514.960790754066,1399,1101
11700,5644.820214223772,1395,1105
11800,5745.628253272367,1383,1117
11900,5851.823164968698,1368,1132
12000,5929.145966565992,1340,1160
12100,6006.417719944506,1316,1184
12200,6071.0813796951325,1301,1199
12300,6132.130058318509,1277,1223
12400,6163.634462282776,1265,1235
12500,6240.692027042619,1253,1247
12600,6342.028501502339,1246,1254
12700,6451.132368801471,1231,1269
12800,6566.467935865145,1217,1283
12900,6731.176656334,1223,1277
13000,6861.427134020936,1221,1279
13100,7033.877449881463,1225,1275
13200,7221.928174936586,1236,1264
13300,7437.884746464667,1239,1261
13400,7629.192277553431,1227,1273
13500,7830.267017307782,1214,1286
13600,8025.416787494522,1183,1317
13700,8224.624866086453,1159,1341
13800,8418.6828751843,1123,1377
13900,8632.9771283887,1104,1396
14000,8823.806472755687,1109,1391
14100,8989.489521994132,1130,1370
14200,9139.43130909957,1119,1381
14300,9283.000240416386,1116,1384
14400,9403.957397836628,1120,1380
14500,9583.727290696457,1112,1388
14600,9789.010708777823,1094,1406
14700,10014.10827585212,1087,1413
14800,10259.518859760732,1079,1421
14900,10511.848833084672,1074,1426
15000,10792.44274244274,1069,1431
15100,11066.603370883997,1056,1444
15200,11371.907183904883,1032,1468
15300,11677.795008426972,1012,1488
15400,11976.61238455468,987,1513
15500,12282.092082157958,972,1528
15600,12593.700468747073,958,1542
15700,12941.60930729948,934,1566
15800,13268.730328585521,916,1584
15900,13540.896934300088,908,1592
16000,13865.751899228453,903,1597
16100,14130.566997247368,890,1610
16200,14401.43884780426,904,1596
16300,14656.425493351815,890,1610
16400,14954.987206229562,913,1587
16500,15275.869289610044,890,1610
16600,15582.545275979954,899,1601
16700,15907.808867083833,888,1612
16800,16211.860594657117,889,1611
16900,16548.820870149433,884,1616
17000,16915.036673607272,866,1634
17100,17275.654316483433,852,1648
17200,17636.283303355263,874,1626
17300,18063.975060927547,869,1631
17400,18449.41152577666,873,1627
17500,18889.61370881432,884,1616
17600,19324.519295940612,872,1628
17700,19723.52338689072,864,1636
17800,20163.800137959748,838,1662
17900,20628.874858898038,810,1690
18000,21068.1891849535,773,1727
18100,21506.31967745575,752,1748
18200,21914.221302768638,737,1763
18300,22369.799032111674,732,1768
18400,22835.759326077914,719,1781
18500,23292.390962784128,716,1784
18600,23736.708354633152,704,1796
18700,24253.994445080632,691,1809
18800,24752.342563885297,678,1822
18900,25227.468050865915,673,1827
19000,25764.96909332493,687,1813
19100,26309.262633439514,680,1820
19200,26772.899178842996,683,1817
19300,27318.705036126496,667,1833
19400,27826.298721319385,646,1854
19500,28360.568007604754,617,1883
19600,28835.948775237946,597,1903
19700,29416.38307661723,584,1916
19800,30006.60860501059,567,1933
19900,30598.01032612793,570,1930
20000,31186.822155197013,569,1931
20100,31790.344612044657,566,1934
20200,32410.403634154623,569,1931
20300,33026.83764042097,574,1926
20400,33664.90543419853,577,1923
20500,34345.348679909024,580,1920
20600,34993.19815419026,589,1911
20700,35630.89595829298,585,1915
20800,36307.30921657107,584,1916
20900,36984.59230418062,581,1919
21000,37725.304237411336,583,1917
21100,38464.54850071001,581,1919
21200,39114.886050308596,581,1919
21300,39737.973521672764,576,1924
21400,40422.5591839627,572,1928
21500,41172.236954286636,567,1933
21600,41870.96539996556,551,1949
21700,42542.72856227082,542,1958
21800,43187.68081352727,542,1958
21900,43951.7961958531,526,1974
22000,44749.93969854696,519,1981
22100,45538.21947224354,515,1985
22200,46290.11150078414,513,1987
22300,47092.368300136615,504,1996
22400,47920.77791448701,496,2004
22500,48729.31442906388,478,2022
22600,49679.04143025889,469,2031
22700,50553.172015029726,455,2045
22800,51434.783138558465,439,2061
22900,52332.16734595654,422,2078
23000,53307.22837008802,404,2096
23100,54211.62146292899,395,2105
23200,55076.30335660999,384,2116
23300,56028.19678422867,379,2121
23400,56875.95711453877,375,2125
23500,57793.284678903176,371,2129
23600,58724.791908883846,360,2140
23700,59575.926198586916,346,2154
23800,60466.86365472882,339,2161
23900,61359.719768044255,332,2168
24000,62274.594560137484,327,2173
24100,63265.7918565494,307,2193
24200,64249.013979587886,294,2206
24300,65208.13773469145,280,2220
24400,66258.50925283346,270,2230
24500,67318.70015050538,262,2238
24600,68399.14416869642,246,2254
24700,69514.5467681128,228,2272
24800,70603.02626790019,214,2286
24900,71734.89231016593,209,2291
25000,72916.92270608184,192,2308
25100,74008.89591402638,180,2320
25200,75052.11308639555,171,2329
25300,76261.359872753,164,2336
25400,77466.12087194032,148,2352
25500,78538.8623067251,137,2363
25600,79669.10803404085,129,2371
25700,80826.18243421368,118,2382
25800,82040.53791651857,116,2384
25900,83201.49265859752,106,2394
26000,84441.59557951753,95,2405
26100,85610.82398420067,80,2420
26200,86812.84352722518,71,2429
26300,88009.60642620984,53,2447
26400,89296.31616861254,45,2455
26500,90591.62847538124,38,2462
26600,91915.53196895988,35,2465
26700,93166.02841950205,25,2475
26800,94467.1953709518,24,2476
26900,95813.8456293648,28,2472
27000,97269.42002578214,23,2477
27100,98673.83234463177,24,2476
27200,100084.60849018533,25,2475
27300,101402.94265749546,22,2478
27400,102908.1601686395,22,2478
27500,104336.08745295537,16,2484
27600,105871.49052702398,14,2486
27700,107291.16007245559,15,2485
27800,108777.20331627542,14,2486
27900,110217.86739987908,14,2486
28000,111651.46214780532,12,2488
28100,113050.0488255034,11,2489
28200,114505.07121589922,12,2488
28300,116045.18857567098,11,2489
28400,117571.51323869519,9,2491
28500,119198.3982547878,8,2492
28600,120689.08503134981,8,2492
28700,122201.63446113766,8,2492
28800,123873.76540759897,8,2492
28900,125504.89615093668,7,2493
29000,127163.06575021143,8,2492
29100,128897.87089195578,8,2492
29200,130633.37355484004,7,2493
29300,132336.90871493396,9,2491
29400,134121.5839159691,10,2490
29500,135824.59233810756,11,2489
29600,137595.57251901412,8,2492
29700,139482.21386575833,7,2493
29800,141205.7105963986,10,2490
29900,142983.25951873942,10,2490
30000,144801.28427579574,11,2489
30100,146523.28994614605,14,2486
30200,148155.9396392584,11,2489
30300,149918.65544579728,9,2491
30400,151763.36834864278,7,2493
30500,153634.94999789304,8,2492
30600,155638.60504535204,9,2491
30700,157580.19884656722,9,2491
30800,159344.2780710901,9,2491
30900,161245.0596867575,9,2491
31000,163285.73625572058,9,2491
31100,165270.09182310515,9,2491
31200,167302.51854526054,9,2491
31300,169399.3954313762,9,2491
31400,171394.7709730886,9,2491
31500,173548.38678433443,9,2491
31600,175454.3208199795,9,2491
31700,177575.275955397,9,2491
31800,179773.34456521113,9,2491
31900,181738.43097571822,9,2491
32000,183742.52929836957,9,2491
32100,185812.49195676742,9,2491
32200,187638.32717748018,9,2491
32300,189729.497596495,9,2491
32400,192001.70920110942,9,2491
32500,194067.12310218363,9,2491
32600,196201.05884928574,9,2491
32700,198363.390941096,10,2490
32800,200491.0857479973,10,2490
32900,202711.97908557492,10,2490
33000,204942.18777957367,10,2490
33100,207306.06914900482,10,2490
33200,209540.84539757398,9,2491
33300,211773.27389670114,9,2491
33400,214044.7510589247,9,2491
33500,216406.1662651346,9,2491
33600,218644.54796569978,9,2491
33700,221069.38285688314,9,2491
33800,223449.9755940442,9,2491
33900,225855.27372932807,9,2491
34000,228118.58074623952,9,2491
34100,230388.3016059946,9,2491
34200,232607.36009933997,9,2491
34300,234900.40046411686,9,2491
34400,237420.8313988126,9,2491
34500,239979.3978350238,9,2491
34600,242351.1591711281,9,2491
34700,244741.8348944209,9,2491
34800,247130.0571611788,9,2491
34900,249552.8444801897,9,2491
35000,252126.55137700654,9,2491
35100,254864.9373137848,9,2491
35200,257362.47435612645,9,2491
35300,259985.44414321365,9,2491
35400,262602.44319988246,9,2491
35500,265066.6453367182,9,2491
35600,267686.21113161056,9,2491
35700,270579.76177374355,9,2491
35800,273170.20494237164,10,2490
35900,275886.9420856964,8,2492
36000,278609.91455594177,8,2492
36100,281062.67806132935,8,2492
36200,283739.97083712026,8,2492
36300,286167.9112188392,8,2492
36400,289076.84758346865,8,2492
36500,291998.0487239098,8,2492
36600,294750.4594914067,8,2492
36700,297452.2912274144,8,2492
36800,300129.43752573803,8,2492
36900,302743.8813940386,10,2490
37000,305676.0965435702,8,2492
37100,308713.5213059151,8,2492
37200,311452.67940700863,8,2492
37300,314494.7458664355,8,2492
37400,317532.9643320063,9,2491
37500,320313.1618843748,8,2492
37600,323238.6595058661,8,2492
37700,326290.18076951697,8,2492
37800,329283.31514915,8,2492
37900,332307.7592067381,8,2492
38000,335159.87764362304,8,2492
38100,338180.04526950314,8,2492
38200,341038.23675854167,8,2492
38300,343899.8741472547,8,2492
38400,346906.7081301187,8,2492
38500,350111.1458965913,8,2492
38600,353132.4586757523,8,2492
38700,356175.1541857956,8,2492
38800,358992.57327266486,8,2492
38900,362103.9490438255,8,2492
39000,365214.8065475212,8,2492
39100,368386.895664634,8,2492
39200,371474.1352491205,8,2492
39300,375007.25840991695,8,2492
39400,378286.66706492094,8,2492
39500,381366.9766639387,8,2492
39600,384651.4420764938,8,2492
39700,388089.2131372084,8,2492
39800,391423.9702300804,9,2491
39900,394601.0282252964,9,2491
40000,397887.14546325104,9,2491
40100,401107.1544571378,9,2491
40200,404216.99690143776,9,2491
40300,407312.0237357276,9,2491
40400,410610.23838066513,10,2490
40500,413948.3787912078,9,2491
40600,417361.17378496437,9,2491
40700,420575.21709980036,9,2491
40800,423887.7684737443,9,2491
40900,427244.0135822055,9,2491
41000,430702.5256201265,9,2491
41100,434029.4044724701,9,2491
41200,437621.273093254,9,2491
41300,441260.4161065172,12,2488
41400,444654.5737173088,15,2485
41500,448224.689356646,18,2482
41600,451851.08999067347,22,2478
41700,455460.72035032464,20,2480
41800,459015.1804684396,12,2488
41900,462652.6890879323,10,2490
42000,466237.8898948055,9,2491
42100,469828.34451768105,9,2491
42200,473194.97735140857,9,2491
42300,476586.5124531682,9,2491
42400,480111.98041224165,9,2491
42500,483760.97516102163,9,2491
42600,487211.6876359085,9,2491
42700,490911.02948227036,9,2491
42800,494457.4499239351,9,2491
42900,498126.2856226997,10,2490
43000,502006.6809884552,12,2488
43100,505822.5599192633,9,2491
43200,509540.3370060174,9,2491
43300,513348.5928743494,9,2491
43400,517137.7993043818,9,2491
43500,521083.3233855318,9,2491
43600,524996.1558638812,9,2491
43700,528931.3476485781,9,2491
43800,532934.8724259245,9,2491
43900,536745.3551058011,9,2491
44000,540577.9245301746,9,2491
44100,544356.0375280846,9,2491
44200,548293.885565432,9,2491
44300,552098.7517773258,9,2491
44400,555819.0633035055,9,2491
44500,559789.2913238942,9,2491
44600,563499.0491752446,9,2491
44700,567495.8312032486,9,2491
44800,571395.63669112,9,2491
44900,575462.5483619518,9,2491
45000,579725.7344772639,9,2491
45100,583806.5401454003,9,2491
45200,587860.8691735785,9,2491
45300,592013.6033064976,9,2491
45400,596134.785429811,9,2491
45500,600454.8905796611,9,2491
45600,604655.807891597,10,2490
45700,609025.4838790399,10,2490
45800,613184.2470151612,10,2490
45900,617412.953974564,10,2490
46000,621635.5181680135,10,2490
46100,625521.1494255104,10,2490
46200,629933.6562179023,10,2490
46300,633921.4715653738,10,2490
46400,637923.131998205,10,2490
46500,642184.0167151815,10,2490
46600,646290.340466221,10,2490
46700,650490.0823358147,11,2489
46800,654694.2202030506,10,2490
46900,659202.0617002702,10,2490
47000,663596.7658366903,10,2490
47100,667928.0451601956,10,2490
47200,672173.1309869005,10,2490
47300,676647.786462593,10,2490
47400,681309.2063666026,10,2490
47500,685643.0381287376,10,2490
47600,690124.7452261467,10,2490
47700,694751.6201986973,10,2490
47800,699419.4262054941,10,2490
47900,703681.4116609595,10,2490
48000,708318.6379529989,10,2490
48100,712556.3857020248,10,2490
48200,716733.3677005172,10,2490
48300,721209.3215846783,10,2490
48400,725696.3190455099,10,2490
48500,730366.7100180285,10,2490
48600,734772.315432057,10,2490
48700,739064.2916421661,10,2490
48800,743475.731628998,10,2490
48900,748161.5311413994,10,2490
49000,752944.214214019,10,2490
49100,757342.9418306511,10,2490
49200,761999.6226525435,10,2490
49300,766899.8871014101,10,2490
49400,771704.5663811385,10,2490
49500,776403.9793722731,10,2490
49600,781400.849023737,10,2490
49700,786098.3909655189,10,2490
49800,790780.2726138049,10,2490
49900,795736.5180274172,10,2490
50000,800488.4762634747,10,2490
