step,msd_global,n_round,n_elongated
0,0.0,2500,0
100,22.47030841148383,2500,0
200,28.2627270503305,2485,15
300,30.093496821522596,2478,22
400,32.657557807523574,2466,34
500,33.351234376228895,2459,41
600,35.55288470677452,2445,55
700,36.74426159896517,2425,75
800,40.50480592906321,2404,96
900,43.55419619587811,2391,109
1000,46.11197662309019,2378,122
1100,51.84184656786201,2365,135
1200,58.1430277445972,2347,153
1300,64.1852009097378,2330,170
1400,71.2812332091633,2304,196
1500,81.88558146318493,2272,228
1600,91.1165411938177,2245,255
1700,100.38044112955616,2216,284
1800,112.05640125043206,2198,302
1900,128.304802948944,2179,321
2000,149.94337375160637,2143,357
2100,164.17905504156144,2116,384
2200,179.075417808211,2100,400
2300,198.28993591390062,2093,407
2400,218.91007137773195,2075,425
2500,235.46244902741918,2062,438
2600,245.6114567764411,2044,456
2700,262.86463108222665,2026,474
2800,284.42496927057965,2006,494
2900,298.66624704372117,2005,495
3000,315.1877372366172,1998,502
3100,334.79607431624214,1992,508
3200,352.9972737370045,1998,502
3300,378.6120168408341,1974,526
3400,406.5422872232811,1975,525
3500,439.33960711265354,1962,538
3600,468.817707166283,1950,550
3700,506.38659421021305,1940,560
3800,548.1551504805348,1928,572
3900,588.4154217982447,1903,597
4000,627.3577238391784,1888,612
4100,675.7264625708677,1889,611
4200,722.6954552351249,1881,619
4300,765.4432561181566,1875,625
4400,802.1099634809108,1865,635
4500,831.897260174326,1845,655
4600,859.9815309729161,1836,664
4700,875.0810477294322,1823,677
4800,901.2605562616069,1808,692
4900,940.3537244907919,1801,699
5000,986.227082912781,1785,715
5100,1037.8045848252912,1764,736
5200,1083.2650945792402,1741,759
5300,1131.1854979485327,1734,766
5400,1161.2543944640336,1708,792
5500,1177.160711552083,1690,810
5600,1198.1397756120653,1669,831
5700,1226.7565933773074,1670,830
5800,1256.3554756889894,1661,839
5900,1295.5009066002008,1658,842
6000,1332.0660250076444,1651,849
6100,1379.3971539992697,1642,858
6200,1418.9942371098914,1632,868
6300,1476.603116752778,1630,870
6400,1538.189171337243,1645,855
6500,1605.0602301858914,1631,869
6600,1686.552744252655,1620,880
6700,1776.1083170860966,1612,888
6800,1857.129968074962,1592,908
6900,1934.45097509136,1577,923
7000,2006.3275364439908,1574,926
7100,2080.641495698568,1578,922
7200,2157.324686941553,1588,912
7300,2226.757478346172,1580,920
7400,2275.8034448065287,1579,921
7500,2318.6716463084235,1575,925
7600,2349.336963868126,1582,918
7700,2390.867505992968,1579,921
7800,2444.433774651335,1559,941
7900,2490.6075792155557,1556,944
8000,2540.5068368188918,1546,954
8100,2590.602440092982,1548,952
8200,2636.332667264846,1518,982
8300,2673.3918880980063,1499,1001
8400,2723.40522409128,1471,1029
8500,2780.910231782958,1438,1062
8600,2841.5729096535624,1437,1063
8700,2909.5561498223224,1427,1073
8800,2992.3316494462124,1409,1091
8900,3086.7478429997573,1389,1111
9000,3178.9845725982573,1365,1135
9100,3295.2348462770524,1343,1157
9200,3409.831769104524,1323,1177
9300,3537.9984202947917,1301,1199
9400,3673.4831973352602,1291,1209
9500,3830.999381443733,1289,1211
9600,3991.220551066748,1293,1207
9700,4142.9741841546165,1284,1216
9800,4270.415149269699,1311,1189
9900,4363.135789193187,1311,1189
10000,4444.008106628712,1296,1204
10100,4494.295905622199,1271,1229
10200,4547.685835055218,1262,1238
10300,4607.3815636777645,1251,1249
10400,4688.2825914068935,1254,1246
10500,4724.7520687531505,1235,1265
10600,4762.200613678332,1215,1285
10700,4801.014816727992,1184,1316
10800,4874.126775491455,1167,1333
10900,4964.0942857783675,1162,1338
11000,5040.374760525579,1146,1354
11100,5123.077314784348,1151,1349
11200,5215.654433913192,1121,1379
11300,5278.80072626981,1089,1411
11400,5345.633270342405,1072,1428
11500,5383.067400357203,1067,1433
11600,5462.494092256529,1063,1437
11700,5517.3625819636945,1064,1436
11800,5574.888456546975,1043,1457
11900,5630.243299336388,1028,1472
12000,5695.861668335914,1025,1475
12100,5781.032314445991,1022,1478
12200,5864.358277786056,1014,1486
12300,5966.407253562449,1006,1494
12400,6078.584359160317,973,1527
12500,6225.644633235441,948,1552
12600,6350.684520951585,937,1563
12700,6475.167737417161,918,1582
12800,6620.47387486245,895,1605
12900,6781.574666238567,882,1618
13000,6986.557802448146,871,1629
13100,7159.957944012884,867,1633
13200,7330.863697843834,854,1646
13300,7487.545588850728,863,1637
13400,7638.441996028596,851,1649
13500,7763.5140185944365,858,1642
13600,7952.047677913219,864,1636
13700,8144.401747434678,859,1641
13800,8328.832811859365,873,1627
13900,8566.684246383935,870,1630
14000,8823.477984210158,851,1649
14100,9090.341478388396,831,1669
14200,9337.648574437088,821,1679
14300,9531.585061049796,793,1707
14400,9775.546533441679,773,1727
14500,10049.360368963882,748,1752
14600,10345.491131366085,729,1771
14700,10645.572511383123,714,1786
14800,10951.851700720867,682,1818
14900,11264.649959222343,656,1844
15000,11562.902183364718,632,1868
15100,11866.062504901922,617,1883
15200,12183.202507254478,613,1887
15300,12537.256213723304,610,1890
15400,12879.1810687437,605,1895
15500,13232.559446712536,631,1869
15600,13595.352834973484,635,1865
15700,13918.258018715615,636,1864
15800,14286.037945506745,632,1868
15900,14685.924727662348,637,1863
16000,15117.08998503862,619,1881
16100,15518.345876953297,612,1888
16200,15956.565638563312,617,1883
16300,16367.012881212711,611,1889
16400,16771.31169797939,606,1894
16500,17227.155366002764,595,1905
16600,17691.749104509287,597,1903
16700,18177.94891746334,611,1889
16800,18706.803176269997,607,1893
16900,19263.654567626425,599,1901
17000,19785.74278862024,595,1905
17100,20256.94829559008,587,1913
17200,20780.94722719714,588,1912
17300,21277.04831741283,584,1916
17400,21740.39740081593,574,1926
17500,22194.610312402237,567,1933
17600,22710.839328032296,570,1930
17700,23211.5518516654,561,1939
17800,23720.365274608735,558,1942
17900,24259.57682645284,547,1953
18000,24810.702028468037,533,1967
18100,25372.076872192054,529,1971
18200,25905.854561737953,525,1975
18300,26498.11670260793,535,1965
18400,27075.19110197418,528,1972
18500,27618.29192341994,526,1974
18600,28179.69373416588,520,1980
18700,28757.67852295708,526,1974
18800,29340.65058601709,530,1970
18900,29863.582503989674,523,1977
19000,30402.1034091874,530,1970
19100,31041.116721282273,543,1957
19200,31660.645162310982,538,1962
19300,32232.65241456057,530,1970
19400,32829.31202294208,530,1970
19500,33482.728997769664,535,1965
19600,34151.8328282392,534,1966
19700,34862.796900961,527,1973
19800,35589.97283476573,518,1982
19900,36324.23652702634,513,1987
20000,37045.12003872614,503,1997
20100,37786.81291565943,494,2006
20200,38579.94707937398,493,2007
20300,39344.36999968849,489,2011
20400,40061.265559736086,493,2007
20500,40804.87646616274,498,2002
20600,41515.65683679651,494,2006
20700,42228.597867309516,475,2025
20800,43008.57176792271,466,2034
20900,43765.000133103356,457,2043
21000,44614.99866540349,433,2067
21100,45442.1721853989,413,2087
21200,46311.504632224765,391,2109
21300,47140.275322690024,371,2129
21400,48037.641026259065,355,2145
21500,48888.90894196954,327,2173
21600,49723.615332134425,308,2192
21700,50609.355163082866,282,2218
21800,51465.88769200469,257,2243
21900,52416.82764141052,232,2268
22000,53326.97692033708,211,2289
22100,54302.85144299803,203,2297
22200,55201.57088664305,192,2308
22300,56168.93326873476,176,2324
22400,57130.02077503437,165,2335
22500,58140.70693766912,151,2349
22600,59137.61703765895,133,2367
22700,60149.18474801525,127,2373
22800,61188.56806378856,109,2391
22900,62238.41038623691,96,2404
23000,63253.58912856352,89,2411
23100,64376.129273226,91,2409
23200,65452.41104747052,86,2414
23300,66513.5736041226,92,2408
23400,67630.95639125146,79,2421
23500,68729.240448996,74,2426
23600,69817.74244552267,68,2432
23700,70881.3419506147,71,2429
23800,71920.63120384343,75,2425
23900,73071.18034126365,66,2434
24000,74164.99939409373,64,2436
24100,75294.40843330848,54,2446
24200,76414.07902526105,51,2449
24300,77535.76928615797,53,2447
24400,78663.97273607623,49,2451
24500,79843.50034292534,46,2454
24600,81033.85761296866,41,2459
24700,82158.44453428216,39,2461
24800,83358.86493528214,37,2463
24900,84519.44501597295,32,2468
25000,85750.37861308864,28,2472
25100,86993.58938741265,25,2475
25200,88246.64064376881,27,2473
25300,89528.57434701514,26,2474
25400,90842.36140171067,24,2476
25500,92178.49308294566,21,2479
25600,93502.58286980854,19,2481
25700,94805.11604184551,14,2486
25800,96139.15959062846,13,2487
25900,97606.97166535875,11,2489
26000,99045.56048779484,9,2491
26100,100591.16545853631,9,2491
26200,102023.32945944485,10,2490
26300,103531.98731619504,13,2487
26400,104922.76948831609,13,2487
26500,106455.81406940747,10,2490
26600,107938.8635293466,9,2491
26700,109339.07830120123,6,2494
26800,110858.11507920141,6,2494
26900,112256.86395479836,5,2495
27000,113729.2429921452,5,2495
27100,115273.28133323879,5,2495
27200,116857.92499828963,5,2495
27300,118379.13197788625,5,2495
27400,119911.03436688504,5,2495
27500,121485.45104575658,5,2495
27600,123012.39729726322,5,2495
27700,124573.4924963721,5,2495
27800,126166.38426344037,5,2495
27900,127734.85581238526,5,2495
28000,129413.67855382829,5,2495
28100,131124.6155696863,5,2495
28200,132900.10010462074,5,2495
28300,134595.032328426,5,2495
28400,136303.27005889686,5,2495
28500,137944.26822263573,5,2495
28600,139507.0353854186,5,2495
28700,141287.44308242208,6,2494
28800,143108.82630328918,5,2495
28900,144946.21300458073,7,2493
29000,146834.8123491168,7,2493
29100,148763.48522428796,5,2495
29200,150749.9331249627,6,2494
29300,152649.54251814523,6,2494
29400,154603.68898231018,6,2494
29500,156436.576014595,5,2495
29600,158420.14722712545,5,2495
29700,160200.15637115552,5,2495
29800,161968.5861027349,5,2495
29900,163791.79561907283,5,2495
30000,165607.8391586962,5,2495
30100,167585.50460662207,5,2495
30200,169604.81704062535,5,2495
30300,171470.42911904884,5,2495
30400,173433.70740509295,5,2495
30500,175418.20128470744,5,2495
30600,177340.72214019165,5,2495
30700,179381.04898882355,5,2495
30800,181416.2733456699,5,2495
30900,183503.67572694644,5,2495
31000,185668.10201678306,5,2495
31100,187806.47705753683,5,2495
31200,189948.60564266116,5,2495
31300,191968.265883051,5,2495
31400,194015.00376253075,5,2495
31500,196144.3780376843,5,2495
31600,198236.19810138602,5,2495
31700,200404.56690183864,5,2495
31800,202557.94414178305,5,2495
31900,204808.09270647002,5,2495
32000,207179.11805100032,5,2495
32100,209523.02828245205,5,2495
32200,211887.02668010126,5,2495
32300,214209.0611281654,5,2495
32400,216607.3601460196,5,2495
32500,218975.99839854622,5,2495
32600,221167.0218841854,5,2495
32700,223427.21405414134,5,2495
32800,225660.4103587339,5,2495
32900,227953.15857265212,5,2495
33000,230182.98193847915,5,2495
33100,232426.04920138812,5,2495
33200,234700.04996584106,5,2495
33300,237124.31407269696,5,2495
33400,239436.13943670035,5,2495
33500,241810.96806828585,5,2495
33600,244309.43684744035,5,2495
33700,246753.01715629196,5,2495
33800,249368.98900646257,5,2495
33900,251890.70999372474,5,2495
34000,254427.0880971311,5,2495
34100,256953.56575381127,5,2495
34200,259524.61929439468,5,2495
34300,262098.8047944148,5,2495
34400,264556.96668196155,5,2495
34500,266879.20578038914,5,2495
34600,269416.94502150983,5,2495
34700,271979.58723619464,5,2495
34800,274688.48499111837,5,2495
34900,277387.46182113315,5,2495
35000,280094.70210930007,5,2495
35100,282829.15979498933,5,2495
35200,285595.4709032639,5,2495
35300,288371.02568474144,5,2495
35400,291171.1684392722,5,2495
35500,293905.121974903,5,2495
35600,296662.225344127,5,2495
35700,299308.7772560482,5,2495
35800,301911.7986064987,5,2495
35900,304491.5222087168,5,2495
36000,307112.90548874246,5,2495
36100,309765.22862350364,5,2495
36200,312481.7124429615,5,2495
36300,315302.6105264899,5,2495
36400,318142.74394646485,5,2495
36500,321152.49431705446,5,2495
36600,324026.0979850491,5,2495
36700,326930.9658637309,5,2495
36800,329823.06266836805,5,2495
36900,332843.9856074706,5,2495
37000,335659.6440477513,5,2495
37100,338642.5769477141,5,2495
37200,341652.16499573283,5,2495
37300,344600.95742655575,5,2495
37400,347624.78000239393,5,2495
37500,350549.6731788403,5,2495
37600,353515.6462870036,5,2495
37700,356478.3419697885,5,2495
37800,359661.57808070275,5,2495
37900,362766.1078323086,5,2495
38000,365965.30849676125,5,2495
38100,369157.98007628386,5,2495
38200,372379.5806207475,5,2495
38300,375547.9876387687,5,2495
38400,378720.26268071175,5,2495
38500,381885.6289421472,5,2495
38600,384886.1209976553,5,2495
38700,387927.44122460904,5,2495
38800,390988.76697685244,5,2495
38900,393910.4499733418,5,2495
39000,396990.0257400277,5,2495
39100,400165.4843630347,5,2495
39200,403401.14801915985,5,2495
39300,406623.7556574134,5,2495
39400,410045.93169576285,5,2495
39500,413398.32553941105,5,2495
39600,416782.3093896593,5,2495
39700,420019.0116189808,5,2495
39800,423375.81825418625,5,2495
39900,426771.8547133185,5,2495
40000,430186.91922449885,5,2495
40100,433549.33555861807,5,2495
40200,437044.7214936968,5,2495
40300,440403.9620787077,5,2495
40400,443749.63943472196,5,2495
40500,447096.22464683466,5,2495
40600,450508.7428222865,5,2495
40700,453904.4734197126,5,2495
40800,457351.4698263816,5,2495
40900,460825.0122875755,5,2495
41000,464477.3447285776,5,2495
41100,468159.3017708029,5,2495
41200,471612.8282332245,5,2495
41300,475286.1579395317,5,2495
41400,478788.5009405928,5,2495
41500,482427.42026304454,5,2495
41600,486115.30634767475,7,2493
41700,489631.26121718483,7,2493
41800,493189.7479257736,6,2494
41900,496700.73298064317,7,2493
42000,500179.43320612813,9,2491
42100,503564.6299665291,6,2494
42200,507378.3129459116,6,2494
42300,510957.6311495409,5,2495
42400,514692.9257434088,5,2495
42500,518414.5351321161,5,2495
42600,522187.62412710267,5,2495
42700,526077.4387868951,5,2495
42800,529803.4614295516,5,2495
42900,533648.9193801298,5,2495
43000,537494.4425007631,5,2495
43100,541286.3967744658,5,2495
43200,545194.0330881699,5,2495
43300,548968.7332438747,5,2495
43400,552621.3620601788,5,2495
43500,556338.872616362,5,2495
43600,560303.5114981824,5,2495
43700,564156.6669095736,5,2495
43800,568078.362609779,5,2495
43900,571924.4867157442,5,2495
44000,575814.1285422234,5,2495
44100,579691.503840797,5,2495
44200,583820.6825866696,5,2495
44300,587862.0067017693,5,2495
44400,591877.0724763745,5,2495
44500,596196.9187978712,5,2495
44600,600247.3572675077,5,2495
44700,604245.3717341936,5,2495
44800,608160.1340018482,5,2495
44900,612235.6271642029,5,2495
45000,616174.4923283078,5,2495
45100,620293.712818284,5,2495
45200,624364.4013539922,5,2495
45300,628461.8222564486,5,2495
45400,632672.541758545,5,2495
45500,636749.3564170345,5,2495
45600,641085.5514858501,5,2495
45700,645233.1291264702,5,2495
45800,649514.4620902119,5,2495
45900,653771.6730745507,5,2495
46000,658087.9782071443,5,2495
46100,662163.7978964967,5,2495
46200,666291.4761971004,5,2495
46300,670473.0547209246,5,2495
46400,674685.4475934719,5,2495
46500,678722.2443631141,5,2495
46600,682854.8661873485,5,2495
46700,687220.7399037717,5,2495
46800,691415.446219588,5,2495
46900,695816.9782646296,5,2495
47000,700216.5208301039,5,2495
47100,704671.1846558449,5,2495
47200,709321.6416644885,5,2495
47300,713794.4930280964,5,2495
47400,718303.2136539822,6,2494
47500,722858.9121409808,6,2494
47600,727479.9865518463,5,2495
47700,732079.8446359632,5,2495
47800,736407.2196423642,5,2495
47900,740715.872990072,5,2495
48000,745394.8533239956,5,2495
48100,750016.9898732946,5,2495
48200,754663.2466436126,5,2495
48300,759214.0146886671,5,2495
48400,763872.5795468,5,2495
48500,768614.0586202957,5,2495
48600,773056.9938851894,5,2495
48700,777704.3552471524,5,2495
48800,782377.8252173496,5,2495
48900,786925.0988370795,5,2495
49000,791581.2201434071,5,2495
49100,796043.7380304326,5,2495
49200,800740.3113310806,5,2495
49300,805383.3907090044,5,2495
49400,809869.7192418393,5,2495
49500,814403.6163872817,5,2495
49600,819026.8143593473,5,2495
49700,823783.4769143929,5,2495
49800,828592.1839191745,5,2495
49900,833572.008013374,5,2495
50000,838433.8055241584,5,2495
