step,msd_global,n_round,n_elongated
0,0.0,2500,0
100,34.51919818872737,2500,0
200,37.24654819678596,2492,8
300,37.32692524990687,2489,11
400,38.626567181889,2481,19
500,38.6364468010268,2476,24
600,38.753869687694575,2474,26
700,43.82161717355662,2463,37
800,46.13369692560833,2456,44
900,49.36952901640434,2442,58
1000,51.68693839433042,2434,66
1100,55.29061474282842,2419,81
1200,55.45587798099243,2406,94
1300,59.047551769377,2402,98
1400,66.72234362431367,2386,114
1500,76.24424653211287,2375,125
1600,84.56681989583545,2354,146
1700,87.58365048650008,2342,158
1800,86.9153390498896,2311,189
1900,97.6532798211687,2285,215
2000,105.92804578380974,2265,235
2100,114.29176406496323,2250,250
2200,124.71234293063158,2229,271
2300,135.63383571040845,2213,287
2400,145.4633081630567,2186,314
2500,161.19921392730257,2164,336
2600,174.74461339274967,2148,352
2700,189.13564987701554,2129,371
2800,203.94126695235647,2088,412
2900,226.2341173803937,2069,431
3000,242.75890919474728,2059,441
3100,259.7545277803948,2023,477
3200,277.77534901004054,1992,508
3300,292.2056320873114,1978,522
3400,309.92321989522185,1950,550
3500,330.87106343603386,1944,556
3600,351.43784415841833,1931,569
3700,378.19797150637123,1919,581
3800,406.0865135023537,1930,570
3900,430.4833160310702,1916,584
4000,460.3444646436177,1902,598
4100,490.1816175495329,1893,607
4200,518.0788760426408,1896,604
4300,548.7890825256702,1891,609
4400,578.1348771321661,1869,631
4500,596.3389948685333,1864,636
4600,609.088880258476,1866,634
4700,622.3528868058506,1862,638
4800,639.3584426706791,1843,657
4900,659.1773507657628,1827,673
5000,686.0998218374423,1821,679
5100,716.3381194425145,1818,682
5200,747.2919231038734,1812,688
5300,777.6343380640525,1809,691
5400,808.9913172812865,1805,695
5500,851.5842270557094,1804,696
5600,897.7006392353281,1793,707
5700,939.3225250504311,1786,714
5800,978.5354022959716,1790,710
5900,1010.4228787500814,1769,731
6000,1051.5902629013128,1762,738
6100,1089.4588227736883,1758,742
6200,1136.7511959901267,1751,749
6300,1183.1475778906788,1752,748
6400,1228.3264793805006,1744,756
6500,1277.8670073312226,1730,770
6600,1326.4569466683854,1714,786
6700,1363.342520845487,1701,799
6800,1416.2418881239225,1671,829
6900,1478.8605857222553,1659,841
7000,1541.2558851965491,1640,860
7100,1600.6223535134216,1605,895
7200,1647.7496080952362,1574,926
7300,1709.4243030171804,1552,948
7400,1771.2952701256268,1556,944
7500,1835.7489625059839,1549,951
7600,1905.234713693785,1536,964
7700,2000.0538000487734,1535,965
7800,2084.1801632102347,1519,981
7900,2138.384411773864,1481,1019
8000,2200.216521994114,1465,1035
8100,2241.534728580824,1478,1022
8200,2282.370852637799,1474,1026
8300,2317.588110912318,1470,1030
8400,2359.4930284231523,1464,1036
8500,2387.641374507718,1464,1036
8600,2443.8030372292196,1464,1036
8700,2520.7075296798444,1490,1010
8800,2576.357615002726,1481,1019
8900,2664.3046109293127,1494,1006
9000,2755.082651106416,1467,1033
9100,2842.0705585150017,1443,1057
9200,2932.8877239182216,1422,1078
9300,3035.4291365835315,1419,1081
9400,3149.232782309215,1399,1101
9500,3289.652079152371,1405,1095
9600,3446.527126727382,1399,1101
9700,3586.7097658529146,1389,1111
9800,3697.5539016917005,1385,1115
9900,3791.103752127391,1382,1118
10000,3873.1853179383143,1385,1115
10100,3980.790499917018,1388,1112
10200,4112.90041056789,1392,1108
10300,4252.798802412706,1370,1130
10400,4384.301040869204,1338,1162
10500,4515.079666023605,1306,1194
10600,4623.664380508396,1302,1198
10700,4722.487023842113,1298,1202
10800,4805.257782274434,1277,1223
10900,4895.1605347883615,1262,1238
11000,4984.31966141517,1236,1264
11100,5084.192970125814,1219,1281
11200,5195.391339400196,1196,1304
11300,5289.641131976633,1197,1303
11400,5406.355767636966,1180,1320
11500,5539.384204982346,1182,1318
11600,5696.683791205569,1160,1340
11700,5839.480971811165,1148,1352
11800,6024.78308521169,1135,1365
11900,6223.855515444568,1124,1376
12000,6397.586419255175,1104,1396
12100,6616.276754862927,1087,1413
12200,6822.105622463238,1046,1454
12300,7050.409527098081,1000,1500
12400,7259.555000972862,958,1542
12500,7491.113324362621,930,1570
12600,7689.69556938037,915,1585
12700,7936.6991178665085,886,1614
12800,8178.576458533196,869,1631
12900,8436.98107908583,852,1648
13000,8744.131906696934,840,1660
13100,9058.452732104288,814,1686
13200,9343.461251404693,787,1713
13300,9661.7112672448,767,1733
13400,9997.618765550962,740,1760
13500,10321.291659763137,716,1784
13600,10653.76807457507,702,1798
13700,10975.881379105675,683,1817
13800,11286.71528524604,655,1845
13900,11660.491319216198,638,1862
14000,12032.94612407846,603,1897
14100,12388.454488538004,579,1921
14200,12709.869505757284,555,1945
14300,13068.129096313554,526,1974
14400,13395.547950177033,504,1996
14500,13765.482571337401,489,2011
14600,14091.17619027633,461,2039
14700,14407.332356770945,459,2041
14800,14772.947674279567,452,2048
14900,15160.902569490761,444,2056
15000,15477.423581999576,440,2060
15100,15842.857450480622,429,2071
15200,16202.091421080926,447,2053
15300,16517.037899530125,447,2053
15400,16883.7270182062,443,2057
15500,17301.1308631602,449,2051
15600,17695.50141672156,436,2064
15700,18168.687633009136,440,2060
15800,18672.501784426317,430,2070
15900,19145.3971917914,410,2090
16000,19671.79804947126,395,2105
16100,20258.95117016271,382,2118
16200,20812.87047241547,370,2130
16300,21382.157280481504,370,2130
16400,21980.206042494356,356,2144
16500,22590.80585766004,338,2162
16600,23224.238967787896,325,2175
16700,23898.19793770166,318,2182
16800,24560.924819649987,313,2187
16900,25222.54747715974,303,2197
17000,25901.34574466816,286,2214
17100,26581.908278542585,273,2227
17200,27163.86549291472,261,2239
17300,27715.6667717254,255,2245
17400,28249.24487186468,251,2249
17500,28797.860294864742,252,2248
17600,29372.718291699483,222,2278
17700,29937.066410950207,211,2289
17800,30521.456302681345,215,2285
17900,31147.078838680387,228,2272
18000,31736.225892013073,250,2250
18100,32299.041799693037,245,2255
18200,32916.36726013855,243,2257
18300,33546.542029516444,259,2241
18400,34229.52478114338,258,2242
18500,34926.15552649843,270,2230
18600,35669.80720249394,276,2224
18700,36395.659121671306,281,2219
18800,37153.63607412535,272,2228
18900,37912.63019837116,262,2238
19000,38746.63275968678,265,2235
19100,39569.529978616294,273,2227
19200,40394.20402767943,252,2248
19300,41277.40984069617,250,2250
19400,42195.14214097374,251,2249
19500,43103.656530928376,238,2262
19600,44027.954559827056,220,2280
19700,44985.0093838077,223,2277
19800,45933.41504770314,220,2280
19900,46862.99719187906,205,2295
20000,47792.92284474912,198,2302
20100,48771.50520934533,186,2314
20200,49707.23788031129,163,2337
20300,50662.2054413623,139,2361
20400,51562.175375939216,125,2375
20500,52490.65824420146,116,2384
20600,53423.92172221649,106,2394
20700,54363.54448099365,99,2401
20800,55238.76366749965,95,2405
20900,56129.326964924,87,2413
21000,57117.458486526535,90,2410
21100,58059.6284178065,85,2415
21200,59054.92967340952,76,2424
21300,60087.03582529468,68,2432
21400,61010.51884808795,62,2438
21500,62062.10343392884,58,2442
21600,63006.529805362436,52,2448
21700,64042.79042175479,38,2462
21800,65096.384837746824,31,2469
21900,66184.84850150219,35,2465
22000,67311.56755414049,38,2462
22100,68439.01995102325,33,2467
22200,69657.21242985791,31,2469
22300,70877.2554672311,27,2473
22400,72156.65227633111,29,2471
22500,73416.74610406318,37,2463
22600,74715.78161570315,40,2460
22700,76021.56546066877,34,2466
22800,77318.01510137308,27,2473
22900,78679.35216368253,28,2472
23000,80091.75033492071,31,2469
23100,81473.8861748628,26,2474
23200,82842.77779318161,26,2474
23300,84248.47483254918,24,2476
23400,85651.04817907562,26,2474
23500,87043.85457892263,20,2480
23600,88410.711682673,19,2481
23700,89793.55268863366,18,2482
23800,91153.05247884887,28,2472
23900,92490.85166313102,26,2474
24000,93851.10255226388,27,2473
24100,95222.74250271195,21,2479
24200,96595.82082890096,15,2485
24300,97990.79905735028,11,2489
24400,99421.79448369933,10,2490
24500,100855.35723858858,9,2491
24600,102279.1271889011,10,2490
24700,103708.38854926795,8,2492
24800,105189.41612488368,8,2492
24900,106625.32492309313,8,2492
25000,108082.23708012767,7,2493
25100,109536.3313863118,7,2493
25200,111116.7336129431,7,2493
25300,112707.21847741489,6,2494
25400,114322.69643456936,6,2494
25500,115889.35773811626,6,2494
25600,117603.13480852859,6,2494
25700,119280.50413767176,6,2494
25800,120986.9110607645,6,2494
25900,122760.38537754735,8,2492
26000,124504.01502033643,6,2494
26100,126271.52350915084,6,2494
26200,128170.93486769636,6,2494
26300,129959.00289188094,7,2493
26400,131809.9501790737,8,2492
26500,133689.29099617695,7,2493
26600,135471.07073728024,7,2493
26700,137346.40438604789,8,2492
26800,139104.88335422453,6,2494
26900,140907.25173683523,6,2494
27000,142695.45516957063,6,2494
27100,144483.4751268325,6,2494
27200,146266.38806733247,9,2491
27300,148079.7622776887,11,2489
27400,149934.52734163232,12,2488
27500,151834.46919313402,11,2489
27600,153747.61323781472,10,2490
27700,155714.7757584271,14,2486
27800,157603.01419293636,13,2487
27900,159497.83046245846,12,2488
28000,161411.18437682022,11,2489
28100,163203.64889114004,9,2491
28200,165099.9295564564,8,2492
28300,167047.54069466738,6,2494
28400,169005.4759414342,6,2494
28500,170960.48399630855,6,2494
28600,173072.74304386548,8,2492
28700,175086.37557094145,12,2488
28800,177236.16725190167,14,2486
28900,179383.51317011003,14,2486
29000,181569.30732471455,10,2490
29100,183791.5192658967,6,2494
29200,186111.99793576886,6,2494
29300,188387.53652596744,6,2494
29400,190647.2461382827,6,2494
29500,192841.31640704183,6,2494
29600,195227.8648357285,6,2494
29700,197439.646602173,6,2494
29800,199737.57836697702,6,2494
29900,201992.5788416769,6,2494
30000,204193.8937435895,6,2494
30100,206492.05761660967,6,2494
30200,208711.42095998497,6,2494
30300,211059.76892277563,6,2494
30400,213352.23508432263,6,2494
30500,215659.9509994871,6,2494
30600,218078.21979757413,6,2494
30700,220382.55441991583,6,2494
30800,222728.72092561403,6,2494
30900,225025.27916060505,6,2494
31000,227432.38862699099,6,2494
31100,229746.0660371126,6,2494
31200,231972.77330454177,6,2494
31300,234342.41778799123,6,2494
31400,236717.35275263633,6,2494
31500,239047.16738610383,6,2494
31600,241532.1594798148,6,2494
31700,244018.65548682137,6,2494
31800,246622.42177268385,6,2494
31900,249154.8524237443,6,2494
32000,251789.43756602678,6,2494
32100,254472.0836906294,6,2494
32200,257023.46013714914,6,2494
32300,259671.9729507546,8,2492
32400,262364.0491414063,13,2487
32500,265131.10944592865,15,2485
32600,267883.08153848245,14,2486
32700,270651.20558083476,13,2487
32800,273348.99274432514,8,2492
32900,276054.0701842474,7,2493
33000,278782.02673487365,6,2494
33100,281553.590814966,6,2494
33200,284422.6633853897,6,2494
33300,287181.21182403754,6,2494
33400,290024.636933252,6,2494
33500,292725.63226306945,6,2494
33600,295367.5319102702,6,2494
33700,298081.368012909,6,2494
33800,300711.0527276625,6,2494
33900,303518.03397266776,6,2494
34000,306256.05816779844,6,2494
34100,308983.18204340356,6,2494
34200,311760.5954006048,6,2494
34300,314555.18236142205,6,2494
34400,317437.3544939895,6,2494
34500,320195.4792111091,6,2494
34600,323042.58779564383,6,2494
34700,325895.93950614234,6,2494
34800,328813.6190979201,6,2494
34900,331778.5722360548,6,2494
35000,334786.55347698415,6,2494
35100,337735.83026054996,6,2494
35200,340861.09278283006,6,2494
35300,343978.45217959915,6,2494
35400,347089.7810235139,6,2494
35500,350193.39837693016,6,2494
35600,353374.46921568393,6,2494
35700,356569.16014385,6,2494
35800,359780.91845605493,6,2494
35900,363065.0748082659,6,2494
36000,366256.52456319134,6,2494
36100,369421.9765749438,6,2494
36200,372741.02818551945,6,2494
36300,375932.52255081706,6,2494
36400,379184.8951547436,6,2494
36500,382278.16568516404,6,2494
36600,385339.752474802,6,2494
36700,388576.72467503353,6,2494
36800,391723.60269857734,6,2494
36900,394971.24508168106,6,2494
37000,398244.47618374246,6,2494
37100,401423.9596378596,6,2494
37200,404740.5072037347,6,2494
37300,407975.78179725754,6,2494
37400,411178.5291004836,6,2494
37500,414538.51260976173,6,2494
37600,417704.0850745718,6,2494
37700,421184.75706230255,6,2494
37800,424263.6175798857,6,2494
37900,427733.7312518455,6,2494
38000,431031.5191760417,6,2494
38100,434457.0994529047,6,2494
38200,437886.7622693459,6,2494
38300,441398.313759606,6,2494
38400,445011.1036566574,6,2494
38500,448772.3153111322,6,2494
38600,452346.90316467115,6,2494
38700,455918.9305109639,6,2494
38800,459578.22492446384,6,2494
38900,463349.2767218189,6,2494
39000,466946.503769096,6,2494
39100,470535.341472154,6,2494
39200,474180.854020903,6,2494
39300,477764.730094606,6,2494
39400,481401.0499487835,6,2494
39500,484998.3214083012,6,2494
39600,488513.54141930636,6,2494
39700,492094.9215160777,6,2494
39800,495765.8127006256,6,2494
39900,499449.27829337615,6,2494
40000,503142.4567350863,6,2494
40100,506898.65196827793,6,2494
40200,510596.0050643618,6,2494
40300,514246.46406725695,6,2494
40400,518049.02580513695,6,2494
40500,521709.7696541065,6,2494
40600,525420.3123160788,6,2494
40700,529065.0788437688,6,2494
40800,532808.5640869846,6,2494
40900,536425.3918218119,6,2494
41000,540314.1078330965,6,2494
41100,544198.8076724312,6,2494
41200,548173.8239480112,6,2494
41300,552208.1486698018,6,2494
41400,556145.0592837412,6,2494
41500,560171.8464357553,6,2494
41600,564292.6125727257,6,2494
41700,568407.3997141281,6,2494
41800,572523.6847221556,6,2494
41900,576581.0824430275,7,2493
42000,580705.467899934,6,2494
42100,584653.2251811029,6,2494
42200,588595.8256949122,6,2494
42300,592782.8419144799,6,2494
42400,596644.6614359868,6,2494
42500,600689.1904226581,6,2494
42600,604755.2722585031,6,2494
42700,608603.1559822542,6,2494
42800,612648.188126194,6,2494
42900,616617.9292397781,6,2494
43000,620797.9577777033,6,2494
43100,624904.7686367322,6,2494
43200,629210.7468520942,9,2491
43300,633404.2770575446,6,2494
43400,637788.5988330273,6,2494
43500,641877.4254305386,6,2494
43600,646028.4717875331,6,2494
43700,650141.4054722236,6,2494
43800,654259.6923364551,6,2494
43900,658419.6364562251,6,2494
44000,662646.3547726207,6,2494
44100,666963.8711092861,6,2494
44200,671305.3791765155,6,2494
44300,675667.5019950935,6,2494
44400,680177.6710612279,6,2494
44500,684555.6726985716,6,2494
44600,689097.0336298695,6,2494
44700,693472.7648281633,6,2494
44800,698022.7472900988,6,2494
44900,702374.1935973546,6,2494
45000,706883.226148547,6,2494
45100,711404.6117680961,6,2494
45200,715656.4674212392,6,2494
45300,720253.3804835542,9,2491
45400,724680.8411597414,7,2493
45500,729151.6266029198,6,2494
45600,733601.8740657957,6,2494
45700,738022.0231593893,6,2494
45800,742442.5747593215,6,2494
45900,747034.9131131687,6,2494
46000,751722.1396400087,6,2494
46100,756517.768327436,6,2494
46200,760978.1059704293,6,2494
46300,765641.2496365448,6,2494
46400,770154.1823254029,6,2494
46500,774851.8470488639,6,2494
46600,779564.5751018191,6,2494
46700,784290.0903889484,6,2494
46800,789032.3856579061,6,2494
46900,793534.048568259,6,2494
47000,798080.7136305452,6,2494
47100,802833.7625707852,6,2494
47200,807484.5482620327,6,2494
47300,812249.2217622258,6,2494
47400,816978.0034022651,6,2494
47500,821904.4745117166,6,2494
47600,826857.0049284678,6,2494
47700,831721.2253073265,6,2494
47800,836525.8132753929,8,2492
47900,841354.7116232618,6,2494
48000,846245.8808118503,6,2494
48100,851028.7077837641,6,2494
48200,855881.0032688753,6,2494
48300,860750.2087453079,6,2494
48400,865583.6822857063,5,2495
48500,870475.4575788719,6,2494
48600,875345.8492337017,5,2495
48700,880190.4932237203,5,2495
48800,885355.247777623,5,2495
48900,890261.3217072457,5,2495
49000,895448.0881310152,5,2495
49100,900487.4455282838,5,2495
49200,905698.0882039258,5,2495
49300,911052.4978646772,5,2495
49400,916178.0905645401,5,2495
49500,921366.1470028466,5,2495
49600,926312.5804334957,5,2495
49700,931250.1817700382,5,2495
49800,936138.0363866211,5,2495
49900,941146.3253296022,5,2495
50000,946148.7064748246,5,2495
