step,msd_global,n_round,n_elongated
0,0.0,2500,0
100,16.935497179581258,2500,0
200,19.153816289481085,2490,10
300,24.80394508882504,2484,16
400,28.52084267126714,2479,21
500,29.05184482716861,2473,27
600,31.071594321699628,2468,32
700,34.10851427285624,2456,44
800,35.406453897522226,2442,58
900,37.0602762552026,2428,72
1000,40.578826300000024,2407,93
1100,43.35442706769041,2392,108
1200,45.06704244465317,2377,123
1300,48.460231594457234,2359,141
1400,53.179501235861515,2339,161
1500,60.12457559380888,2313,187
1600,67.91760544565523,2293,207
1700,74.5967931733797,2271,229
1800,83.19388772066222,2241,259
1900,92.52726149381317,2215,285
2000,107.15149509853092,2187,313
2100,124.76762472323168,2154,346
2200,141.87612869041413,2123,377
2300,160.99999713467437,2089,411
2400,178.54663801045166,2064,436
2500,196.96702602112498,2049,451
2600,214.0794506582599,2043,457
2700,238.78594041312795,2053,447
2800,261.4107804011249,2052,448
2900,289.39145893920085,2043,457
3000,321.30384314713075,2018,482
3100,348.5113867571518,2008,492
3200,367.83053512174126,1982,518
3300,394.1737085254923,1960,540
3400,424.1676557443092,1955,545
3500,459.6109442255905,1927,573
3600,491.95898005110325,1913,587
3700,532.1390260059463,1906,594
3800,574.2465728092186,1900,600
3900,616.5906829523043,1908,592
4000,653.878993233696,1910,590
4100,689.5858565674454,1917,583
4200,722.994202353945,1921,579
4300,747.2693046870596,1920,580
4400,772.444968966229,1896,604
4500,801.9557803928702,1878,622
4600,848.1539803980289,1863,637
4700,905.2314972146231,1849,651
4800,958.1000004873365,1837,663
4900,1010.0090455231671,1800,700
5000,1055.1366088546265,1770,730
5100,1070.0142867403574,1748,752
5200,1086.2788005013579,1751,749
5300,1115.28493049957,1744,756
5400,1150.4574992394046,1747,753
5500,1188.7752533474275,1751,749
5600,1222.242771399288,1743,757
5700,1258.3781035728296,1745,755
5800,1307.0061559730004,1754,746
5900,1354.1014256896588,1759,741
6000,1408.6541395991687,1776,724
6100,1451.5914689861552,1783,717
6200,1494.5859379098144,1781,719
6300,1541.1354998904374,1794,706
6400,1599.178747938808,1775,725
6500,1666.4350108940123,1767,733
6600,1721.7320831500374,1764,736
6700,1773.3783351559487,1778,722
6800,1828.2366265538014,1778,722
6900,1886.3990398617736,1779,721
7000,1958.378897454179,1774,726
7100,2032.8394800749195,1770,730
7200,2118.3160320399898,1777,723
7300,2204.5538357924784,1780,720
7400,2302.811696110479,1773,727
7500,2381.176388709756,1785,715
7600,2444.3209556884626,1781,719
7700,2484.7471495407594,1774,726
7800,2539.1665108779744,1776,724
7900,2577.025097395749,1772,728
8000,2597.262103796121,1767,733
8100,2607.880855822743,1768,732
8200,2619.8538414805753,1753,747
8300,2635.140522519981,1735,765
8400,2677.6370863206566,1717,783
8500,2741.864956127244,1693,807
8600,2804.2686244531833,1689,811
8700,2902.7529811466993,1680,820
8800,3014.0838579379674,1682,818
8900,3125.292353912952,1671,829
9000,3195.682056701108,1647,853
9100,3254.367662057737,1646,854
9200,3311.9759595424325,1631,869
9300,3368.592365262501,1608,892
9400,3436.413749659748,1605,895
9500,3481.906558729288,1604,896
9600,3528.5341665177657,1592,908
9700,3599.1389719909444,1581,919
9800,3675.6524247599436,1582,918
9900,3739.836527003889,1582,918
10000,3827.4101227554665,1582,918
10100,3924.8406300988795,1583,917
10200,4013.544817063758,1578,922
10300,4100.479472948784,1577,923
10400,4205.992762485339,1580,920
10500,4284.814440021041,1569,931
10600,4364.7899588109985,1557,943
10700,4414.790242861348,1559,941
10800,4436.240636295108,1578,922
10900,4473.828042400945,1581,919
11000,4495.488745123221,1593,907
11100,4530.756625721282,1579,921
11200,4573.916859306319,1577,923
11300,4655.595834659917,1582,918
11400,4731.396557198007,1592,908
11500,4783.692272216809,1587,913
11600,4873.145475112147,1579,921
11700,4947.024727730038,1568,932
11800,5061.513931165573,1586,914
11900,5156.271250265569,1591,909
12000,5252.061429832461,1564,936
12100,5361.357439804325,1562,938
12200,5462.999570396117,1557,943
12300,5536.101967982455,1564,936
12400,5641.083048343228,1556,944
12500,5753.03972469047,1531,969
12600,5863.726987740864,1518,982
12700,5958.732311578369,1513,987
12800,6082.382465750785,1502,998
12900,6205.321095773626,1503,997
13000,6326.067963885226,1487,1013
13100,6400.707514257798,1481,1019
13200,6476.155017972888,1464,1036
13300,6533.974806485863,1460,1040
13400,6614.571383626373,1448,1052
13500,6690.821549440437,1412,1088
13600,6777.725505885601,1388,1112
13700,6890.906192569414,1348,1152
13800,7013.15118566998,1323,1177
13900,7130.966862467029,1295,1205
14000,7217.917320273915,1290,1210
14100,7313.145425677005,1277,1223
14200,7376.9471324708165,1268,1232
14300,7433.029344691872,1267,1233
14400,7495.652826560775,1290,1210
14500,7531.068603906494,1281,1219
14600,7578.935887534367,1282,1218
14700,7625.171589121652,1291,1209
14800,7724.519828678088,1289,1211
14900,7824.098939595177,1270,1230
15000,7940.16056952225,1249,1251
15100,8105.979859799524,1243,1257
15200,8254.043159738912,1257,1243
15300,8418.695021357289,1263,1237
15400,8611.247144954985,1247,1253
15500,8821.883514553143,1248,1252
15600,9010.077094219538,1245,1255
15700,9204.251463305402,1248,1252
15800,9368.88484880407,1217,1283
15900,9540.069753026264,1206,1294
16000,9710.474407203626,1191,1309
16100,9832.281031390154,1159,1341
16200,9991.356466712028,1142,1358
16300,10097.555935620525,1143,1357
16400,10171.908768313935,1143,1357
16500,10222.59599586468,1174,1326
16600,10310.206071114608,1174,1326
16700,10409.04411017481,1183,1317
16800,10488.607554074128,1176,1324
16900,10590.306788619133,1173,1327
17000,10680.494252483764,1169,1331
17100,10806.063777143014,1159,1341
17200,10947.077953808302,1158,1342
17300,11111.42760326304,1147,1353
17400,11221.61741360443,1114,1386
17500,11360.996668010122,1110,1390
17600,11538.953679516993,1094,1406
17700,11726.683593391856,1088,1412
17800,11976.183028546895,1065,1435
17900,12215.029417561875,1054,1446
18000,12451.629976049986,1047,1453
18100,12751.166440893781,1021,1479
18200,13030.894880495282,999,1501
18300,13305.86874715224,978,1522
18400,13548.951771973938,972,1528
18500,13834.683106680119,958,1542
18600,14104.265967089957,957,1543
18700,14347.53967783593,950,1550
18800,14570.819760218406,923,1577
18900,14767.128734862097,900,1600
19000,14979.57895199259,869,1631
19100,15164.755892313522,845,1655
19200,15340.597740789386,829,1671
19300,15606.69098034302,796,1704
19400,15896.252766136486,789,1711
19500,16227.504667532272,778,1722
19600,16571.361187257477,757,1743
19700,16920.22172332554,744,1756
19800,17250.181295505387,716,1784
19900,17652.43355446969,692,1808
20000,18018.28303387218,675,1825
20100,18434.75907550059,664,1836
20200,18892.0381266268,652,1848
20300,19339.624751821993,644,1856
20400,19747.054719021493,662,1838
20500,20132.80941864886,673,1827
20600,20520.918860599126,675,1825
20700,20862.254175952192,673,1827
20800,21251.013842366727,658,1842
20900,21633.53640133794,626,1874
21000,22014.970067440554,623,1877
21100,22355.152886269156,638,1862
21200,22642.286092757135,620,1880
21300,22877.4489559235,621,1879
21400,23195.92002267336,614,1886
21500,23560.349844954275,628,1872
21600,24032.434307398533,616,1884
21700,24454.769529057234,612,1888
21800,24896.13557793028,597,1903
21900,25312.738737250198,578,1922
22000,25827.329170625362,573,1927
22100,26352.86503807191,567,1933
22200,26871.46108190279,561,1939
22300,27413.65427648412,549,1951
22400,27844.735023190035,534,1966
22500,28413.5422377777,518,1982
22600,28900.251902629836,505,1995
22700,29405.363162334917,516,1984
22800,29848.14961615316,533,1967
22900,30284.032114660728,530,1970
23000,30751.564963853085,525,1975
23100,31174.155634706818,539,1961
23200,31608.098935073365,540,1960
23300,31985.588264408976,553,1947
23400,32476.62059378063,566,1934
23500,33033.288095729935,568,1932
23600,33547.84507979381,565,1935
23700,34086.484421119814,567,1933
23800,34653.72225913941,550,1950
23900,35188.23146832316,526,1974
24000,35796.493498806805,519,1981
24100,36370.057750446795,503,1997
24200,36997.742954072666,510,1990
24300,37665.59978987245,497,2003
24400,38320.31506453371,476,2024
24500,38946.156244720594,454,2046
24600,39614.046701100764,447,2053
24700,40290.75063335324,461,2039
24800,40935.35970008025,474,2026
24900,41594.71337451818,449,2051
25000,42190.77966925503,443,2057
25100,42885.62402106984,415,2085
25200,43422.13790293566,417,2083
25300,43908.24654318699,408,2092
25400,44597.88614906921,409,2091
25500,45304.83112103962,409,2091
25600,45865.95523676676,412,2088
25700,46452.35898346061,398,2102
25800,47223.98776506542,380,2120
25900,47984.43590825399,372,2128
26000,48730.05953471084,362,2138
26100,49492.823488155016,354,2146
26200,50274.548782497164,370,2130
26300,51141.41898492802,369,2131
26400,51970.477347416825,380,2120
26500,52853.11251838435,369,2131
26600,53755.99136348928,372,2128
26700,54581.97561361097,372,2128
26800,55424.32494013941,369,2131
26900,56189.19245347627,356,2144
27000,56910.70572343401,352,2148
27100,57723.680594907906,342,2158
27200,58565.804724745045,332,2168
27300,59292.71704683356,327,2173
27400,60106.70180646939,327,2173
27500,61034.09377164969,320,2180
27600,61900.37060009892,299,2201
27700,62744.19440070248,278,2222
27800,63664.20748650581,269,2231
27900,64716.77211598139,261,2239
28000,65738.05190993374,267,2233
28100,66844.7769381839,265,2235
28200,67891.77272006909,269,2231
28300,68957.56470961153,290,2210
28400,70019.0636793138,282,2218
28500,71009.23198480728,309,2191
28600,72078.90806000988,305,2195
28700,73192.15246146252,301,2199
28800,74136.71377273517,292,2208
28900,75073.73129522482,293,2207
29000,76030.49905220588,287,2213
29100,76999.46754898997,277,2223
29200,77886.46593982505,270,2230
29300,78638.38762818933,263,2237
29400,79474.29969819047,250,2250
29500,80532.7736561373,246,2254
29600,81500.5404642601,230,2270
29700,82543.14741229243,228,2272
29800,83605.10840382807,217,2283
29900,84725.09846160113,195,2305
30000,85937.91515569235,168,2332
30100,87229.69545726843,146,2354
30200,88416.80037488339,128,2372
30300,89588.12249413201,128,2372
30400,90800.65117431837,117,2383
30500,92118.17505808758,127,2373
30600,93343.44947147422,127,2373
30700,94586.17553748899,130,2370
30800,95835.65188255171,127,2373
30900,97130.03882455426,132,2368
31000,98311.21949673217,143,2357
31100,99438.21043909964,141,2359
31200,100686.93055587784,158,2342
31300,101825.78602640683,176,2324
31400,102930.46490245103,177,2323
31500,104223.60142457455,184,2316
31600,105432.68745012638,196,2304
31700,106691.77398844474,204,2296
31800,107990.6338525614,190,2310
31900,109282.08016364217,187,2313
32000,110654.64824724803,184,2316
32100,112091.59870219936,178,2322
32200,113632.80985826807,179,2321
32300,115069.6332462522,175,2325
32400,116504.32629172616,173,2327
32500,117999.38438951156,162,2338
32600,119412.66185703575,156,2344
32700,120887.51864299011,153,2347
32800,122467.49550246124,141,2359
32900,123924.01177131801,132,2368
33000,125389.71721978766,132,2368
33100,126789.83905591488,133,2367
33200,128186.62744765794,131,2369
33300,129576.91245980754,125,2375
33400,130880.7402955563,119,2381
33500,132273.50905679094,129,2371
33600,133727.01093987757,119,2381
33700,135153.16014287065,115,2385
33800,136686.4662312017,104,2396
33900,138232.9329569267,102,2398
34000,139846.19148185372,102,2398
34100,141465.51484519342,104,2396
34200,143199.3281115933,106,2394
34300,144916.30291158575,114,2386
34400,146661.87776439785,121,2379
34500,148314.4321856555,123,2377
34600,150036.02160599388,131,2369
34700,151780.09584954652,133,2367
34800,153543.20547285466,121,2379
34900,155227.8404134471,111,2389
35000,156863.22683711306,113,2387
35100,158495.35224749855,104,2396
35200,160189.3609569821,87,2413
35300,161707.44998058488,69,2431
35400,163332.64588429497,64,2436
35500,165018.1646935601,65,2435
35600,166708.8128457273,67,2433
35700,168477.76005577395,68,2432
35800,170337.66049167723,73,2427
35900,172205.7274247974,73,2427
36000,174082.02264207514,77,2423
36100,176097.6312655471,76,2424
36200,178025.02497490283,73,2427
36300,180073.93921623222,67,2433
36400,181913.57104865985,62,2438
36500,183937.93577605253,57,2443
36600,185984.27366696845,45,2455
36700,188028.07005808994,37,2463
36800,190029.13360615555,29,2471
36900,191944.7182506762,25,2475
37000,194067.0698187316,24,2476
37100,195918.4143792806,25,2475
37200,197962.66198339334,23,2477
37300,199822.7612227881,18,2482
37400,201568.8586901978,20,2480
37500,203446.03182241364,26,2474
37600,205509.81851688813,28,2472
37700,207629.87195019942,29,2471
37800,209721.01183801255,27,2473
37900,211874.84974688443,23,2477
38000,214019.4302861317,21,2479
38100,216398.10800753575,21,2479
38200,218697.83416986046,21,2479
38300,220887.6686317861,20,2480
38400,223044.58892964703,18,2482
38500,225344.57347418717,17,2483
38600,227580.8205784214,14,2486
38700,229819.94117687648,14,2486
38800,232219.6613295773,14,2486
38900,234467.24895850205,14,2486
39000,236808.37930776924,14,2486
39100,238970.69121296325,14,2486
39200,241232.13733759208,14,2486
39300,243317.21115174255,14,2486
39400,245388.6590440366,14,2486
39500,247843.37954513732,15,2485
39600,250085.18121787166,14,2486
39700,252486.95502357522,14,2486
39800,254827.07564352665,14,2486
39900,257233.28299040336,15,2485
40000,259801.79483460676,14,2486
40100,262316.77678924025,14,2486
40200,264945.4676278987,14,2486
40300,267338.0408923745,14,2486
40400,269855.2436670724,14,2486
40500,272302.5518164984,14,2486
40600,274817.4056448433,14,2486
40700,277340.92073810246,22,2478
40800,279881.9292415648,27,2473
40900,282482.7756685397,25,2475
41000,285027.46150877926,25,2475
41100,287604.9161298707,25,2475
41200,290126.26150820137,24,2476
41300,292528.84805427486,19,2481
41400,295063.99338433874,15,2485
41500,297580.50108224974,12,2488
41600,300100.1713498534,12,2488
41700,302770.79591287003,12,2488
41800,305405.08683691587,12,2488
41900,308095.4448395076,12,2488
42000,311035.94238697283,12,2488
42100,313934.6146572319,13,2487
42200,316693.7339909874,16,2484
42300,319516.58427047427,13,2487
42400,322263.34609923296,12,2488
42500,325059.64310408116,12,2488
42600,327958.63372347667,13,2487
42700,330387.15565250296,13,2487
42800,333383.6914786045,13,2487
42900,336255.0589593579,17,2483
43000,338860.6000435838,24,2476
43100,341747.635892376,20,2480
43200,344576.3391568725,18,2482
43300,347308.1475346649,15,2485
43400,349981.66306181805,13,2487
43500,352702.9530307699,13,2487
43600,355614.5475252053,13,2487
43700,358621.6231160376,12,2488
43800,361597.83984827774,12,2488
43900,364564.7716040204,12,2488
44000,367545.41115554667,12,2488
44100,370795.5802045741,12,2488
44200,373851.7578064968,18,2482
44300,377070.74302593485,19,2481
44400,380033.34739740484,19,2481
44500,383138.0622106481,19,2481
44600,386101.9088656284,19,2481
44700,389046.71511073475,19,2481
44800,392096.3977462637,20,2480
44900,395168.19795291655,20,2480
45000,397970.13700342714,21,2479
45100,401093.67101313,21,2479
45200,404170.55481456587,21,2479
45300,407256.5563479743,21,2479
45400,410116.04023820016,21,2479
45500,413310.76301672304,21,2479
45600,416378.7858642333,22,2478
45700,419720.2133304491,23,2477
45800,422750.25855184026,24,2476
45900,426122.41290796816,30,2470
46000,429439.141141518,39,2461
46100,432859.4859859167,48,2452
46200,436125.33373390883,50,2450
46300,439354.71859982755,59,2441
46400,442703.08114996855,66,2434
46500,446125.8386640912,68,2432
46600,449364.1207620616,74,2426
46700,452668.9036005531,73,2427
46800,455855.70920003817,72,2428
46900,459090.45545028325,67,2433
47000,462319.4920405907,63,2437
47100,465470.84711691114,64,2436
47200,468832.0417595683,55,2445
47300,471980.1676727173,48,2452
47400,475286.37848053855,41,2459
47500,478700.80909580784,41,2459
47600,482116.8781567104,35,2465
47700,485495.8598503786,33,2467
47800,489000.23127045966,32,2468
47900,492643.2448411412,31,2469
48000,496276.27987854136,29,2471
48100,499926.4457052921,27,2473
48200,503497.6003214106,27,2473
48300,507161.4222684189,27,2473
48400,510869.09146809176,27,2473
48500,514262.35972522147,29,2471
48600,517921.37370118505,27,2473
48700,521327.24664400856,27,2473
48800,524774.0442367215,27,2473
48900,528325.9578845609,28,2472
49000,531759.2243278245,31,2469
49100,535307.1744075299,33,2467
49200,538701.1390085577,30,2470
49300,542098.7173495728,23,2477
49400,545840.2877569684,18,2482
49500,549680.3242031658,15,2485
49600,553129.122158323,12,2488
49700,556822.8199818358,11,2489
49800,560619.1228327036,11,2489
49900,564419.6336306263,11,2489
50000,568618.126910199,11,2489
