step,msd_global,n_round,n_elongated
0,0.0,2500,0
100,28.618571169824804,2500,0
200,31.322239998170616,2500,0
300,32.881915730735216,2499,1
400,33.64124168710213,2498,2
500,36.371352356297685,2497,3
600,39.2964449493492,2496,4
700,40.333237379110564,2494,6
800,40.90809212898378,2491,9
900,42.488331301054636,2490,10
1000,41.805744345693434,2486,14
1100,42.235876279260765,2481,19
1200,42.32999854965422,2473,27
1300,42.94411451389489,2465,35
1400,45.29375651562488,2460,40
1500,45.10813722169016,2447,53
1600,49.19438357625146,2433,67
1700,50.79030838421474,2422,78
1800,48.32697827297202,2414,86
1900,51.41054425376255,2399,101
2000,56.913962364832685,2380,120
2100,64.10318504420728,2365,135
2200,68.04713123685723,2348,152
2300,69.40059199153171,2331,169
2400,76.34860423292028,2316,184
2500,85.41986645392865,2297,203
2600,93.1613904067875,2269,231
2700,99.85882682971838,2240,260
2800,108.41181498197825,2215,285
2900,116.51360408087426,2188,312
3000,131.21900883177534,2168,332
3100,143.7430514847913,2150,350
3200,161.24538991652034,2143,357
3300,181.85246260655086,2121,379
3400,203.40518306647766,2115,385
3500,220.8189394435608,2096,404
3600,242.74210204541595,2065,435
3700,262.67451739957426,2046,454
3800,274.97339939319295,2040,460
3900,296.5599395149542,2032,468
4000,321.91548147044864,2033,467
4100,343.31797380947575,2021,479
4200,368.26321237254746,2002,498
4300,385.57079322965114,1981,519
4400,407.9056613227619,1972,528
4500,431.17854332398997,1957,543
4600,461.8110798488347,1950,550
4700,488.96101063135285,1947,553
4800,531.3366332891121,1934,566
4900,572.3536088333268,1910,590
5000,609.5215095025364,1903,597
5100,650.9717053217973,1880,620
5200,694.4033695870236,1870,630
5300,743.3765578595326,1847,653
5400,787.6507807672263,1839,661
5500,828.6615030113052,1838,662
5600,855.2138798594594,1850,650
5700,879.1880796500914,1855,645
5800,916.6752581092663,1859,641
5900,964.2728443640083,1842,658
6000,1002.511425039642,1820,680
6100,1054.6687598457888,1812,688
6200,1099.4945306150657,1804,696
6300,1126.5710587628878,1784,716
6400,1156.1154332709546,1776,724
6500,1169.6104776388115,1777,723
6600,1189.724141103654,1773,727
6700,1192.5279476850121,1765,735
6800,1209.6585572692302,1762,738
6900,1215.6752626740106,1752,748
7000,1216.4077979576427,1749,751
7100,1234.358418514836,1745,755
7200,1262.359080140297,1742,758
7300,1308.7846653302286,1738,762
7400,1346.904719291249,1725,775
7500,1418.0920830157615,1719,781
7600,1486.2735130147591,1722,778
7700,1558.1560451883263,1715,785
7800,1626.9580329959585,1704,796
7900,1697.8683266830653,1696,804
8000,1754.781756766037,1687,813
8100,1814.469334327467,1697,803
8200,1884.5043947941065,1698,802
8300,1948.7719681530607,1692,808
8400,2005.5399746599642,1677,823
8500,2062.095194640818,1658,842
8600,2147.141061769939,1649,851
8700,2222.5753463000824,1647,853
8800,2294.382102593246,1648,852
8900,2353.1545836090568,1628,872
9000,2422.0239028658043,1623,877
9100,2466.4509335582225,1605,895
9200,2518.5876687653185,1621,879
9300,2536.647574564917,1629,871
9400,2548.768569957129,1623,877
9500,2585.9435033986524,1609,891
9600,2618.1349899789902,1578,922
9700,2669.250687907266,1558,942
9800,2724.6710645395137,1536,964
9900,2782.83722698883,1520,980
10000,2856.9768332697868,1502,998
10100,2936.5393728400854,1480,1020
10200,3024.536007498357,1463,1037
10300,3117.8896255090044,1447,1053
10400,3234.870926241957,1423,1077
10500,3379.9090980160395,1407,1093
10600,3542.833501292412,1380,1120
10700,3703.5837511932077,1377,1123
10800,3861.322918485038,1374,1126
10900,4024.6396446782237,1362,1138
11000,4187.71652971624,1357,1143
11100,4355.469190965734,1359,1141
11200,4503.614387432958,1348,1152
11300,4650.133553050258,1333,1167
11400,4755.720834672937,1317,1183
11500,4847.4165364130695,1291,1209
11600,4964.6047979254645,1265,1235
11700,5088.168923251028,1244,1256
11800,5241.475731570853,1219,1281
11900,5428.282512119755,1216,1284
12000,5597.235282350924,1205,1295
12100,5777.178813669833,1189,1311
12200,5936.937284590314,1180,1320
12300,6117.544873617715,1167,1333
12400,6344.470449706245,1144,1356
12500,6558.056286147086,1111,1389
12600,6783.739148238224,1089,1411
12700,7055.077700610152,1074,1426
12800,7338.532623869914,1072,1428
12900,7634.283833939794,1064,1436
13000,7900.912219137281,1061,1439
13100,8189.509177690222,1056,1444
13200,8470.519447345736,1050,1450
13300,8687.47335487935,1056,1444
13400,8929.460041753016,1056,1444
13500,9208.56517446824,1042,1458
13600,9457.514140591502,1034,1466
13700,9695.698304441217,1018,1482
13800,9920.462015697503,997,1503
13900,10203.78760961726,974,1526
14000,10451.575100234599,954,1546
14100,10704.867396977728,950,1550
14200,10983.902142804267,941,1559
14300,11249.08757335338,929,1571
14400,11516.566540918144,922,1578
14500,11867.036133081752,902,1598
14600,12173.55017825436,886,1614
14700,12491.573064451326,885,1615
14800,12872.282510835057,865,1635
14900,13230.771113491217,855,1645
15000,13601.82623866191,844,1656
15100,14005.169004860556,817,1683
15200,14396.136185570997,809,1691
15300,14836.978574197727,783,1717
15400,15254.10386807389,770,1730
15500,15685.227717124968,764,1736
15600,16124.666635963285,755,1745
15700,16576.652346929444,744,1756
15800,17006.03020613874,731,1769
15900,17474.04040237168,709,1791
16000,17873.75186585359,685,1815
16100,18348.323848411008,655,1845
16200,18753.05307846715,643,1857
16300,19235.320380863723,617,1883
16400,19740.713013182656,605,1895
16500,20181.945628021815,584,1916
16600,20628.632001986916,574,1926
16700,21167.62760025557,555,1945
16800,21690.73349046375,549,1951
16900,22247.04293490558,537,1963
17000,22783.82975584997,528,1972
17100,23358.707196913496,505,1995
17200,23966.529083181053,484,2016
17300,24581.95375844106,478,2022
17400,25185.933326067923,466,2034
17500,25781.055047182854,464,2036
17600,26353.492925007387,450,2050
17700,26967.242984172415,442,2058
17800,27644.761367345895,431,2069
17900,28280.0410969904,430,2070
18000,28895.530698486487,427,2073
18100,29566.247715041267,424,2076
18200,30226.4849392218,410,2090
18300,30834.054892268712,406,2094
18400,31509.965143436682,399,2101
18500,32209.309601221128,390,2110
18600,32906.375397344906,395,2105
18700,33592.916744562426,393,2107
18800,34286.727391177665,384,2116
18900,35091.46562488075,377,2123
19000,35852.51207415238,367,2133
19100,36614.70982769983,359,2141
19200,37433.80622485865,352,2148
19300,38226.038181337615,346,2154
19400,39050.94980610619,333,2167
19500,39886.59525581711,337,2163
19600,40717.185567012355,334,2166
19700,41571.64884492941,323,2177
19800,42423.308969291276,305,2195
19900,43190.3056348282,295,2205
20000,44042.892252473626,295,2205
20100,44992.73212621852,295,2205
20200,45905.6493199747,285,2215
20300,46775.333894162155,282,2218
20400,47691.915401262915,280,2220
20500,48595.57173239807,264,2236
20600,49508.25150143106,253,2247
20700,50411.55731018134,241,2259
20800,51318.182948918344,247,2253
20900,52274.497066185126,242,2258
21000,53306.02703694289,237,2263
21100,54297.544402206026,224,2276
21200,55326.6917887403,220,2280
21300,56376.687260475184,214,2286
21400,57421.35085667896,204,2296
21500,58459.07218178165,189,2311
21600,59488.61744784405,176,2324
21700,60654.72606987066,156,2344
21800,61661.133666718015,139,2361
21900,62761.83221582756,121,2379
22000,63807.70763656616,110,2390
22100,64882.3590901813,98,2402
22200,66026.96402663783,96,2404
22300,67142.69987633284,94,2406
22400,68389.68263679222,93,2407
22500,69491.72834961978,87,2413
22600,70661.89190999129,82,2418
22700,71889.45228140007,80,2420
22800,73052.98058661618,79,2421
22900,74232.91830339703,76,2424
23000,75509.26803122307,69,2431
23100,76737.81981151916,75,2425
23200,78046.09749677524,62,2438
23300,79404.048692964,61,2439
23400,80657.00259134281,53,2447
23500,81985.74372901919,50,2450
23600,83296.88787602687,44,2456
23700,84666.94418370827,41,2459
23800,85988.85657181103,45,2455
23900,87286.20365368834,41,2459
24000,88611.17912562919,36,2464
24100,89962.76745713613,34,2466
24200,91307.39908952228,29,2471
24300,92804.48827907574,27,2473
24400,94269.36561123845,26,2474
24500,95832.70356977584,22,2478
24600,97179.82815239641,21,2479
24700,98678.14278782625,22,2478
24800,100112.00046128532,25,2475
24900,101606.083054846,25,2475
25000,103071.15272570324,24,2476
25100,104635.23533946338,28,2472
25200,106387.97393334289,28,2472
25300,108018.54128209579,23,2477
25400,109542.24856592483,19,2481
25500,111138.48085707646,19,2481
25600,112671.98596741981,19,2481
25700,114261.74503632014,19,2481
25800,115849.30719089354,20,2480
25900,117432.42321067073,20,2480
26000,118928.63724465008,23,2477
26100,120504.75154897936,27,2473
26200,122179.21215365257,30,2470
26300,123827.62221414862,31,2469
26400,125638.56779324688,30,2470
26500,127366.00153907642,36,2464
26600,129060.62452639498,29,2471
26700,130884.26702630371,25,2475
26800,132650.63293839392,26,2474
26900,134420.24018680342,27,2473
27000,136253.60981117203,28,2472
27100,138093.2178367403,23,2477
27200,140088.2801232716,19,2481
27300,141999.03683893452,22,2478
27400,143849.96821891807,24,2476
27500,145689.8616805952,22,2478
27600,147676.1324957943,22,2478
27700,149548.69639432358,22,2478
27800,151410.65994530724,20,2480
27900,153297.80043888596,23,2477
28000,155000.4798779742,26,2474
28100,156711.14400396278,22,2478
28200,158685.11322761746,20,2480
28300,160725.56912298824,20,2480
28400,162581.4290949631,20,2480
28500,164720.1814922525,20,2480
28600,166733.08090907542,20,2480
28700,168793.99129430432,20,2480
28800,170836.68447069416,20,2480
28900,172936.53170841307,20,2480
29000,175091.2356041433,20,2480
29100,177244.42964744725,20,2480
29200,179487.72553556008,20,2480
29300,181737.16542488823,21,2479
29400,183860.9819010857,20,2480
29500,186008.81135012273,20,2480
29600,188355.45698253962,20,2480
29700,190484.33352137354,20,2480
29800,192697.58258604302,20,2480
29900,194874.71907658243,20,2480
30000,196867.56661742242,21,2479
30100,198988.20431119748,24,2476
30200,201104.54755419758,24,2476
30300,203201.3149001323,24,2476
30400,205596.09937397088,21,2479
30500,207956.9372159267,19,2481
30600,210285.36002786964,19,2481
30700,212618.20474235536,19,2481
30800,214973.42267507716,19,2481
30900,217467.29282918765,19,2481
31000,219807.64732746134,19,2481
31100,222428.3729135958,19,2481
31200,224815.8076454985,19,2481
31300,227351.99257609586,21,2479
31400,229886.8581258669,22,2478
31500,232415.35414193035,21,2479
31600,234897.6625868226,20,2480
31700,237470.22288593455,19,2481
31800,239978.27901884576,20,2480
31900,242249.2335135559,21,2479
32000,244551.97294122286,21,2479
32100,246814.3526898205,19,2481
32200,249280.8673653329,19,2481
32300,251767.60507581863,19,2481
32400,254418.36863577127,19,2481
32500,256924.3227370013,19,2481
32600,259586.46611244735,20,2480
32700,262229.4007891473,19,2481
32800,264833.12027318485,19,2481
32900,267609.0069543619,19,2481
33000,270356.4902096482,19,2481
33100,273169.81552047527,19,2481
33200,275871.1100861112,19,2481
33300,278741.00252993434,19,2481
33400,281454.8823147355,19,2481
33500,284199.0463680381,19,2481
33600,287195.57761064987,20,2480
33700,289930.18256699434,19,2481
33800,292670.7113016179,19,2481
33900,295335.54982818215,19,2481
34000,297836.51110041694,19,2481
34100,300393.49826651457,19,2481
34200,303096.4312480854,20,2480
34300,305855.11515201937,21,2479
34400,308742.8220346451,19,2481
34500,311573.39169178007,22,2478
34600,314398.08425549354,23,2477
34700,317366.47838559287,22,2478
34800,320302.04709417536,22,2478
34900,323215.5813268968,21,2479
35000,326215.83825530956,20,2480
35100,329272.9277725959,19,2481
35200,332515.9970831394,19,2481
35300,335598.743701784,20,2480
35400,338648.3981072928,21,2479
35500,341877.02629833185,19,2481
35600,345100.2635233358,19,2481
35700,347971.73760731914,21,2479
35800,350921.1744195647,20,2480
35900,353816.9528187206,19,2481
36000,356738.2380066268,19,2481
36100,359661.5662397882,19,2481
36200,362704.47207389364,19,2481
36300,365878.61099000653,19,2481
36400,368792.03505744436,19,2481
36500,371737.11089289974,19,2481
36600,375062.93913500186,19,2481
36700,378231.2320875175,20,2480
36800,381421.96852826804,19,2481
36900,384787.87558508303,19,2481
37000,388150.22521474893,19,2481
37100,391479.3504724475,19,2481
37200,394762.96458918153,19,2481
37300,398216.250191743,19,2481
37400,401515.786382224,19,2481
37500,404976.7811799263,19,2481
37600,408350.6948578005,19,2481
37700,411808.2104104527,19,2481
37800,415305.0059011609,19,2481
37900,418553.89294877794,19,2481
38000,421530.83369080414,19,2481
38100,424761.93675573176,19,2481
38200,428164.09993343084,19,2481
38300,431434.517881592,19,2481
38400,434962.46169487725,19,2481
38500,438336.4332828326,19,2481
38600,441624.50902948534,19,2481
38700,445059.235592536,19,2481
38800,448640.882747964,19,2481
38900,452266.4067795065,19,2481
39000,455898.7349278698,19,2481
39100,459675.7240173022,19,2481
39200,463438.3656859571,19,2481
39300,467200.1120534481,19,2481
39400,470665.32265611686,19,2481
39500,474260.0839020622,19,2481
39600,477929.6674698089,19,2481
39700,481797.84343632223,19,2481
39800,485562.30646516057,19,2481
39900,488984.9438869024,19,2481
40000,492438.5543400644,19,2481
40100,496178.61154391564,19,2481
40200,499713.8211442141,19,2481
40300,503324.1116751518,20,2480
40400,506711.2701850042,20,2480
40500,510649.1767195714,21,2479
40600,514459.9730140586,21,2479
40700,518232.5342324682,21,2479
40800,522044.1437601023,22,2478
40900,525784.1701850351,22,2478
41000,529682.5620909065,22,2478
41100,533933.9643110496,22,2478
41200,538033.6030393051,22,2478
41300,541896.4503819873,22,2478
41400,545895.4750682232,22,2478
41500,549931.5435642076,22,2478
41600,554060.1703605495,22,2478
41700,558041.0735755344,22,2478
41800,561997.6989624281,22,2478
41900,565802.8445200197,22,2478
42000,569641.4226891544,22,2478
42100,573375.4213884454,22,2478
42200,577265.4062593677,22,2478
42300,581194.1806707226,22,2478
42400,585203.8513725543,22,2478
42500,589159.8014705701,22,2478
42600,593186.5632906944,22,2478
42700,597383.7623819348,22,2478
42800,601411.3279105586,23,2477
42900,605675.6128839126,23,2477
43000,609958.4370794194,23,2477
43100,614296.2556350587,23,2477
43200,618682.9377185537,23,2477
43300,623025.4219980732,23,2477
43400,627307.9168180452,23,2477
43500,631481.642396863,23,2477
43600,636048.4676155567,23,2477
43700,640362.0845621069,23,2477
43800,644562.5045906786,23,2477
43900,648551.627676124,23,2477
44000,652757.7505245176,23,2477
44100,656937.951703918,23,2477
44200,661223.6296134964,23,2477
44300,665397.8502724275,23,2477
44400,669606.1412518853,24,2476
44500,673825.1693151373,23,2477
44600,678360.5267295829,23,2477
44700,682689.1309204957,23,2477
44800,687150.2660747906,23,2477
44900,691434.4847308674,23,2477
45000,696014.18000403,23,2477
45100,700774.0602605795,23,2477
45200,705473.7691803062,24,2476
45300,710129.1085348945,24,2476
45400,714675.6606093762,24,2476
45500,719359.5956138627,24,2476
45600,724125.5222045198,24,2476
45700,728518.3289552438,24,2476
45800,733083.1215682154,24,2476
45900,737666.4332566628,24,2476
46000,742154.7647955067,24,2476
46100,746412.1396086006,24,2476
46200,750812.9205889012,24,2476
46300,755599.0280546569,24,2476
46400,759958.5324109313,24,2476
46500,764615.7423343529,24,2476
46600,769412.2779494746,24,2476
46700,774160.1443086875,24,2476
46800,778692.3525399521,24,2476
46900,783341.0274276049,24,2476
47000,788162.962085783,24,2476
47100,793106.6388707487,24,2476
47200,798043.9327548954,24,2476
47300,803001.0504029654,24,2476
47400,807993.0831877756,24,2476
47500,812854.1385968757,24,2476
47600,817908.7357773158,24,2476
47700,822831.5678318162,24,2476
47800,827644.1114366398,24,2476
47900,832342.4032765498,24,2476
48000,837134.2044109108,24,2476
48100,841935.6335437429,24,2476
48200,846870.1394899981,24,2476
48300,851664.3910405786,24,2476
48400,856545.9351202179,24,2476
48500,861327.9696413566,24,2476
48600,866229.1592314937,24,2476
48700,871054.8587957573,24,2476
48800,876223.4112640404,24,2476
48900,881521.581207939,24,2476
49000,886530.672033295,24,2476
49100,891564.5794545009,24,2476
49200,896627.0811536871,24,2476
49300,902007.6404946834,24,2476
49400,907044.3087403431,24,2476
49500,912436.5346017933,24,2476
49600,917841.1208061371,24,2476
49700,922942.582872282,24,2476
49800,927901.1829042883,24,2476
49900,933079.1117558222,24,2476
50000,938049.8279955399,24,2476
