step,msd_global,n_round,n_elongated
0,0.0,2500,0
100,23.04499994523872,2500,0
200,24.63611255526612,2492,8
300,23.48327641282456,2486,14
400,23.82121331533391,2485,15
500,26.228603281730106,2479,21
600,26.786675540565433,2473,27
700,28.129836055789347,2467,33
800,31.044593083569023,2459,41
900,31.421382480036193,2453,47
1000,33.49841176545113,2438,62
1100,35.52126556539641,2423,77
1200,37.49959983390599,2412,88
1300,41.80823891223961,2398,102
1400,49.22402843800773,2384,116
1500,54.77012158576227,2364,136
1600,59.95916200881116,2349,151
1700,65.16411908683862,2336,164
1800,73.91911165366247,2318,182
1900,81.17555988782831,2299,201
2000,93.90502703530728,2278,222
2100,100.96119315693413,2260,240
2200,108.52180564431576,2247,253
2300,109.58874112336514,2218,282
2400,120.22519928329818,2199,301
2500,136.78334073314025,2187,313
2600,147.89701578491912,2170,330
2700,155.18681802729364,2170,330
2800,165.00006759505234,2146,354
2900,172.28365983240366,2132,368
3000,184.09463831753177,2114,386
3100,200.87911660130263,2086,414
3200,217.07069578487514,2068,432
3300,239.68668531588636,2059,441
3400,265.68540495610733,2051,449
3500,294.2252738287481,2056,444
3600,323.85005163558816,2050,450
3700,357.77448133675784,2047,453
3800,391.90987157066473,2038,462
3900,427.76780659463105,2032,468
4000,466.39566850256267,2026,474
4100,488.70063911813514,2021,479
4200,505.4669206609155,2010,490
4300,520.9712406025819,1992,508
4400,555.3185131169843,1978,522
4500,580.6226318797529,1970,530
4600,603.4902827633391,1961,539
4700,635.3526047465423,1944,556
4800,662.6701177449978,1939,561
4900,686.0191827371452,1923,577
5000,716.7503803167322,1921,579
5100,725.6912107249601,1893,607
5200,739.316809787749,1880,620
5300,761.3985074991115,1860,640
5400,791.3501861816947,1838,662
5500,816.8604045299685,1830,670
5600,865.1185944854319,1804,696
5700,919.9739453380814,1802,698
5800,965.4290724659069,1793,707
5900,995.3997821899575,1777,723
6000,1037.619666453095,1765,735
6100,1081.3323434130662,1752,748
6200,1153.7880759506638,1744,756
6300,1219.2655868929412,1731,769
6400,1296.5215651826184,1715,785
6500,1361.0159593685662,1712,788
6600,1437.2231189661834,1684,816
6700,1510.7344776243544,1643,857
6800,1578.4072010248135,1618,882
6900,1649.6494247835133,1590,910
7000,1706.6944204618983,1559,941
7100,1778.5218146332484,1540,960
7200,1862.4225203882397,1522,978
7300,1929.540236662583,1506,994
7400,1988.6300751318172,1509,991
7500,2059.89290569916,1495,1005
7600,2140.1038636263206,1486,1014
7700,2226.986603274493,1475,1025
7800,2314.622210430374,1475,1025
7900,2413.097037731083,1460,1040
8000,2484.146373011674,1453,1047
8100,2598.9854199483966,1446,1054
8200,2722.5166316310083,1426,1074
8300,2847.1565405736355,1438,1062
8400,2992.321566915103,1417,1083
8500,3133.8303950690647,1400,1100
8600,3269.061263025989,1386,1114
8700,3393.3367347892977,1374,1126
8800,3526.8242975551666,1372,1128
8900,3673.9324807035946,1375,1125
9000,3812.1572553796664,1357,1143
9100,3949.2119560471715,1350,1150
9200,4081.5232868516086,1335,1165
9300,4220.710749512392,1340,1160
9400,4345.397429343623,1310,1190
9500,4471.276818932207,1284,1216
9600,4614.148567689362,1256,1244
9700,4763.737389809561,1242,1258
9800,4928.915662296945,1242,1258
9900,5106.557359721728,1241,1259
10000,5266.618550246332,1228,1272
10100,5439.647886010803,1213,1287
10200,5631.955674235852,1240,1260
10300,5837.874943153213,1229,1271
10400,6055.239444401826,1219,1281
10500,6273.334192611691,1223,1277
10600,6488.685725894418,1215,1285
10700,6701.963685880018,1210,1290
10800,6939.819887741196,1185,1315
10900,7194.4798976234015,1174,1326
11000,7456.865513923393,1157,1343
11100,7687.502156728048,1148,1352
11200,7938.776242896646,1144,1356
11300,8215.116281913457,1152,1348
11400,8459.278026059323,1151,1349
11500,8699.424694400963,1140,1360
11600,8893.945659402907,1146,1354
11700,9098.62318725904,1145,1355
11800,9288.120629075827,1128,1372
11900,9523.106292027365,1118,1382
12000,9753.242006193725,1113,1387
12100,9961.109974380439,1110,1390
12200,10176.156461935116,1117,1383
12300,10454.421260089337,1119,1381
12400,10702.934142398233,1113,1387
12500,10947.479590152387,1111,1389
12600,11194.119618545154,1099,1401
12700,11442.358329853576,1082,1418
12800,11713.380199253015,1061,1439
12900,11964.077113243862,1057,1443
13000,12276.717542425647,1035,1465
13100,12582.694133026214,1033,1467
13200,12872.785082991652,1027,1473
13300,13200.655016631817,1028,1472
13400,13536.3993664325,1024,1476
13500,13814.763092459727,1034,1466
13600,14133.035323826634,1049,1451
13700,14480.949554559755,1044,1456
13800,14734.237775813705,1037,1463
13900,15025.359267709622,1044,1456
14000,15348.804902040196,1040,1460
14100,15643.142955539519,1026,1474
14200,15956.217051886064,1002,1498
14300,16279.850909336823,992,1508
14400,16600.911729087813,965,1535
14500,16995.342887971074,939,1561
14600,17334.57601097157,909,1591
14700,17680.95290115964,894,1606
14800,18059.8051308157,882,1618
14900,18450.42042380938,854,1646
15000,18823.31793260103,828,1672
15100,19268.281869525545,826,1674
15200,19677.80308029303,823,1677
15300,20116.549277815633,830,1670
15400,20534.11854929927,819,1681
15500,20982.08965310657,797,1703
15600,21419.871917617787,790,1710
15700,21831.963581189877,788,1712
15800,22270.429912727643,774,1726
15900,22746.023411474795,758,1742
16000,23163.191705446294,746,1754
16100,23605.637375156486,729,1771
16200,24070.605396421357,716,1784
16300,24486.94114104393,696,1804
16400,24896.392037150676,671,1829
16500,25301.03786532405,636,1864
16600,25762.673689505267,615,1885
16700,26174.039388069214,581,1919
16800,26662.196620364077,579,1921
16900,27190.052453705786,563,1937
17000,27661.301442794444,538,1962
17100,28157.53693493466,516,1984
17200,28744.016217171073,514,1986
17300,29295.930376799555,517,1983
17400,29819.22299787811,527,1973
17500,30334.61034676839,541,1959
17600,30877.508801029544,565,1935
17700,31451.477312655818,587,1913
17800,31981.80421917598,601,1899
17900,32582.694412165503,615,1885
18000,33210.47775138214,619,1881
18100,33783.14165060855,632,1868
18200,34375.78334611188,629,1871
18300,35059.611219830826,644,1856
18400,35657.090375716994,639,1861
18500,36249.730532029826,638,1862
18600,36832.23725177026,621,1879
18700,37466.951929571675,614,1886
18800,38019.39339729962,607,1893
18900,38612.66520582853,610,1890
19000,39230.684742379184,608,1892
19100,39823.818436727415,609,1891
19200,40450.26446300256,617,1883
19300,41080.13581833832,616,1884
19400,41686.072510948514,618,1882
19500,42289.328066554284,612,1888
19600,42977.21764785335,586,1914
19700,43606.20819904039,575,1925
19800,44284.22539457897,561,1939
19900,44970.57887497442,554,1946
20000,45674.00498345562,551,1949
20100,46463.50580151348,526,1974
20200,47228.94086733334,509,1991
20300,47901.78509115052,477,2023
20400,48608.61505000723,452,2048
20500,49362.79378755564,411,2089
20600,50152.91509313173,402,2098
20700,50881.87013788749,388,2112
20800,51660.06646230496,391,2109
20900,52478.359156186685,390,2110
21000,53242.16109981252,371,2129
21100,53995.5590925663,356,2144
21200,54786.42261161246,335,2165
21300,55568.765375646995,339,2161
21400,56348.61705813316,326,2174
21500,57220.9187601702,342,2158
21600,57977.63691228824,354,2146
21700,58828.16083704164,367,2133
21800,59646.30612051004,371,2129
21900,60527.692613080464,369,2131
22000,61435.144668078625,366,2134
22100,62276.60719684954,379,2121
22200,63179.381530699684,396,2104
22300,64041.53239938537,407,2093
22400,64944.896277196094,419,2081
22500,65796.50678323228,449,2051
22600,66706.27335310863,443,2057
22700,67634.23371037199,436,2064
22800,68557.61300468154,438,2062
22900,69420.25936459524,418,2082
23000,70430.63545573955,408,2092
23100,71386.13180194597,404,2096
23200,72397.5273981129,396,2104
23300,73313.14385175458,374,2126
23400,74255.45177016545,361,2139
23500,75139.8732596303,364,2136
23600,76073.52239256325,362,2138
23700,76884.62988100716,345,2155
23800,77783.57325279136,321,2179
23900,78784.19251403178,318,2182
24000,79709.9059566875,306,2194
24100,80696.67078656249,300,2200
24200,81572.3330184319,294,2206
24300,82566.54921617494,289,2211
24400,83648.65435945588,277,2223
24500,84620.76120637835,268,2232
24600,85583.76543225072,265,2235
24700,86644.79786375874,269,2231
24800,87591.15507250921,275,2225
24900,88611.36560771728,269,2231
25000,89734.21840491834,248,2252
25100,90807.4535419421,243,2257
25200,92001.63044929947,239,2261
25300,93136.04375975001,238,2262
25400,94188.53283868665,227,2273
25500,95343.5497027324,216,2284
25600,96450.81303282983,211,2289
25700,97511.63833854691,202,2298
25800,98523.14772753038,202,2298
25900,99611.97719044684,195,2305
26000,100690.76369205146,193,2307
26100,101810.1167690888,180,2320
26200,102880.48743304763,170,2330
26300,104026.39515272353,159,2341
26400,105289.12288733567,160,2340
26500,106510.97385651681,151,2349
26600,107554.8625504453,144,2356
26700,108755.57167194,143,2357
26800,109943.17926278543,147,2353
26900,111084.47896556807,154,2346
27000,112364.51680982031,150,2350
27100,113621.8648262481,151,2349
27200,114875.3509541341,139,2361
27300,116134.92767197065,136,2364
27400,117359.37087142124,143,2357
27500,118745.3113502298,139,2361
27600,120053.20475353331,141,2359
27700,121350.63957578437,135,2365
27800,122650.73040103113,143,2357
27900,123783.68277120766,141,2359
28000,125043.85639330278,145,2355
28100,126261.33541149292,136,2364
28200,127535.8844390832,133,2367
28300,128729.04785804245,128,2372
28400,129924.98996001751,127,2373
28500,131263.5167514926,130,2370
28600,132464.8716305504,129,2371
28700,133826.83290040275,134,2366
28800,135156.45305497863,140,2360
28900,136450.40219687455,136,2364
29000,137753.35300980098,135,2365
29100,139165.15945703216,129,2371
29200,140595.94373459878,121,2379
29300,141956.14803340973,121,2379
29400,143531.76797037487,113,2387
29500,144981.8310102382,108,2392
29600,146469.60883884737,108,2392
29700,148062.44237758074,108,2392
29800,149682.76849100203,108,2392
29900,151276.1528755856,107,2393
30000,152763.87160661098,108,2392
30100,154217.08103108392,111,2389
30200,155833.65342085698,108,2392
30300,157244.5517052317,106,2394
30400,158745.48751712032,105,2395
30500,160178.93815418138,106,2394
30600,161799.33866318004,105,2395
30700,163362.5491542876,104,2396
30800,165022.22972226667,106,2394
30900,166626.84407999195,106,2394
31000,168229.54075317844,101,2399
31100,169770.49670305825,101,2399
31200,171482.8021713799,101,2399
31300,173301.88293772825,102,2398
31400,175087.9982992398,102,2398
31500,176807.0200485967,102,2398
31600,178561.13042331554,102,2398
31700,180487.39404064402,102,2398
31800,182272.59288896917,103,2397
31900,184113.24111364517,103,2397
32000,185833.56573457923,103,2397
32100,187711.00252146166,103,2397
32200,189397.14079567758,103,2397
32300,191234.77907856065,104,2396
32400,192938.1612063713,103,2397
32500,194722.67705386275,103,2397
32600,196482.95273866228,103,2397
32700,198422.36408555708,103,2397
32800,200248.68502413388,103,2397
32900,202073.298978591,103,2397
33000,203959.97894188843,103,2397
33100,205824.99898742628,103,2397
33200,207830.1509914566,103,2397
33300,209692.26059363838,103,2397
33400,211812.63021695937,103,2397
33500,213894.46298485968,104,2396
33600,215936.8034367424,103,2397
33700,218031.69540168805,103,2397
33800,220136.46335800982,103,2397
33900,222167.10262790328,103,2397
34000,224257.5672649787,103,2397
34100,226189.70289294596,103,2397
34200,228218.04548326958,104,2396
34300,230123.20153961383,104,2396
34400,232234.59058814493,103,2397
34500,234114.09380942298,103,2397
34600,236187.15997782975,103,2397
34700,238108.27445089255,103,2397
34800,240289.8285449972,103,2397
34900,242408.41089049168,103,2397
35000,244426.92164610286,103,2397
35100,246519.97298217355,103,2397
35200,248603.42917360354,104,2396
35300,250938.26117406707,103,2397
35400,253327.15015741927,103,2397
35500,255661.30110614852,103,2397
35600,258029.40514292545,103,2397
35700,260385.81406692314,103,2397
35800,262739.6651315817,103,2397
35900,265017.9540116548,103,2397
36000,267429.78499815776,103,2397
36100,269719.5286436855,104,2396
36200,272094.6304714116,103,2397
36300,274254.31030177395,103,2397
36400,276476.2792977481,103,2397
36500,278791.3149316048,103,2397
36600,280983.2762758223,103,2397
36700,283394.41878828726,103,2397
36800,285672.5176603416,103,2397
36900,287897.1434874632,103,2397
37000,290493.70623412397,103,2397
37100,292758.8444799969,103,2397
37200,295226.58156253607,103,2397
37300,297650.9783234147,103,2397
37400,300336.2239740669,103,2397
37500,303032.23269500234,103,2397
37600,305689.4211096162,103,2397
37700,308467.70005003735,103,2397
37800,311062.33692369517,103,2397
37900,313804.3967418729,103,2397
38000,316389.62066157855,103,2397
38100,319135.92488550954,103,2397
38200,321792.73194479314,103,2397
38300,324288.59544871247,103,2397
38400,326705.31711498636,103,2397
38500,329208.01727187354,103,2397
38600,331775.23600855423,103,2397
38700,334412.28730939474,103,2397
38800,337102.9212041396,103,2397
38900,339751.80893619993,103,2397
39000,342280.95795980765,103,2397
39100,345052.059805859,103,2397
39200,347764.6113227029,103,2397
39300,350548.6827420817,103,2397
39400,353375.6505460743,103,2397
39500,356521.7269837685,103,2397
39600,359547.61328076565,103,2397
39700,362469.2776380573,103,2397
39800,365509.6182961878,103,2397
39900,368485.5833660944,103,2397
40000,371544.8268597745,103,2397
40100,374620.20170700166,103,2397
40200,377410.259509443,103,2397
40300,380199.514239679,103,2397
40400,383016.9113999287,103,2397
40500,385849.88445625914,103,2397
40600,388770.8697422056,103,2397
40700,391668.86080637755,103,2397
40800,394663.5427933164,103,2397
40900,397617.9021875146,103,2397
41000,400653.535885124,103,2397
41100,403612.65544675133,103,2397
41200,406588.1560003066,103,2397
41300,409802.83707113436,103,2397
41400,412879.7290733657,103,2397
41500,416339.84568922565,103,2397
41600,419646.27394913806,103,2397
41700,422932.79614652746,103,2397
41800,426369.3050311845,103,2397
41900,429623.7447792381,103,2397
42000,432839.60931333026,103,2397
42100,436218.3120295834,103,2397
42200,439561.0939421011,103,2397
42300,442616.1379010228,103,2397
42400,445702.5936971277,103,2397
42500,448899.3705581068,103,2397
42600,452064.5792506733,103,2397
42700,455247.96600701055,103,2397
42800,458506.70137401373,103,2397
42900,461583.3688431463,103,2397
43000,465106.8586726886,103,2397
43100,468174.9559276017,103,2397
43200,471453.37969530566,103,2397
43300,474992.72345288686,103,2397
43400,478449.39584576216,103,2397
43500,481911.95506466675,103,2397
43600,485659.18279579375,103,2397
43700,489307.73985807487,103,2397
43800,492830.9926866784,103,2397
43900,496375.2137040823,103,2397
44000,500016.46877476375,103,2397
44100,503565.06983726175,103,2397
44200,507121.3389689129,103,2397
44300,510547.6816370333,103,2397
44400,513976.70806370047,103,2397
44500,517425.33179984835,103,2397
44600,520807.3280020199,103,2397
44700,524298.8252761844,103,2397
44800,527688.3809245003,103,2397
44900,531206.7762333901,103,2397
45000,534746.0865798426,103,2397
45100,538260.5466686742,103,2397
45200,541831.5161580316,103,2397
45300,545676.0699450545,103,2397
45400,549346.8832077504,103,2397
45500,553226.2505922647,103,2397
45600,557079.099739784,103,2397
45700,560889.1819427436,103,2397
45800,564863.0054431857,103,2397
45900,568677.9472488855,103,2397
46000,572530.0802699674,103,2397
46100,576360.5938933758,103,2397
46200,580304.0390642768,103,2397
46300,584123.9496559879,103,2397
46400,587648.3411778137,103,2397
46500,591388.4186024794,103,2397
46600,595008.1998885176,103,2397
46700,598917.9905630257,103,2397
46800,602652.0434522536,103,2397
46900,606215.620541427,103,2397
47000,609869.2301586873,103,2397
47100,613750.2643521971,103,2397
47200,617609.6018091249,103,2397
47300,621524.5142737896,103,2397
47400,625537.4809640365,103,2397
47500,629715.8986896886,103,2397
47600,633824.0228329739,103,2397
47700,637911.543479384,103,2397
47800,642000.7799965466,103,2397
47900,646118.678957727,103,2397
48000,650348.2272282457,103,2397
48100,654453.2169683819,103,2397
48200,658275.9795074646,103,2397
48300,662244.2609741589,103,2397
48400,666296.75913382,103,2397
48500,670379.634383685,103,2397
48600,674178.2192104204,103,2397
48700,678299.5171184171,103,2397
48800,682150.7776947869,103,2397
48900,686177.0741914973,103,2397
49000,690088.9469593776,103,2397
49100,694050.1804815807,103,2397
49200,698049.8445126907,103,2397
49300,702389.770057073,103,2397
49400,706652.2544448585,103,2397
49500,710937.884677756,103,2397
49600,715415.6484386238,103,2397
49700,719840.8347186854,103,2397
49800,724121.0375497345,103,2397
49900,728651.1651924726,103,2397
50000,732801.7775402436,103,2397
