step,msd_global,n_round,n_elongated
0,0.0,2500,0
100,18.991795643407542,2500,0
200,20.616747638836813,2497,3
300,21.35201352774962,2495,5
400,22.178576761166255,2493,7
500,22.20155561523391,2488,12
600,24.928893149393595,2482,18
700,24.129371500470345,2475,25
800,28.75512224792249,2468,32
900,27.639086694164213,2459,41
1000,30.12667500662203,2447,53
1100,36.7636622937885,2437,63
1200,34.7601766196012,2429,71
1300,39.39372814471065,2417,83
1400,45.20600177327585,2409,91
1500,50.03189142715322,2388,112
1600,57.01894366552173,2373,127
1700,61.92241681199176,2353,147
1800,65.6033370818313,2340,160
1900,72.20444828182664,2318,182
2000,77.38120837006248,2300,200
2100,85.55265276621986,2286,214
2200,89.09857317996442,2271,229
2300,95.63091941413757,2255,245
2400,106.23274538878536,2238,262
2500,116.05574496711158,2213,287
2600,130.71863411441467,2194,306
2700,142.30290348754767,2171,329
2800,155.31328433928363,2146,354
2900,176.6194677500202,2128,372
3000,195.37533553145505,2105,395
3100,214.41566190307122,2077,423
3200,231.76996559912888,2061,439
3300,256.8517498988054,2044,456
3400,275.5037077491689,2054,446
3500,294.5801306914987,2031,469
3600,309.1961280924436,2022,478
3700,326.77709780140685,2011,489
3800,345.3608807031581,1981,519
3900,364.21029100707574,1961,539
4000,377.150622051817,1955,545
4100,399.3595846628819,1958,542
4200,423.6459150995655,1964,536
4300,438.48225741440893,1962,538
4400,460.7434688494885,1953,547
4500,492.68878179488974,1939,561
4600,526.0930977854312,1936,564
4700,555.8813450739582,1919,581
4800,580.488690583178,1909,591
4900,618.805748970493,1899,601
5000,643.6490772250905,1875,625
5100,665.3570864874134,1868,632
5200,689.7182644608671,1849,651
5300,722.3936454808271,1848,652
5400,756.6719793502988,1837,663
5500,793.0024094669201,1827,673
5600,810.6545856092895,1820,680
5700,820.0664580875105,1817,683
5800,838.5760930427468,1805,695
5900,856.4401912424427,1787,713
6000,873.67762876301,1781,719
6100,895.6192571945973,1794,706
6200,929.3636103298755,1803,697
6300,977.7225347312393,1793,707
6400,1017.2657067928055,1782,718
6500,1063.3151637488943,1772,728
6600,1109.705778613012,1762,738
6700,1159.162544926768,1734,766
6800,1191.4581406129064,1734,766
6900,1238.7083434327767,1740,760
7000,1275.624019129011,1740,760
7100,1318.8066899585579,1755,745
7200,1353.1326009672046,1766,734
7300,1400.7391115737603,1760,740
7400,1455.1137029014483,1754,746
7500,1519.581157146069,1730,770
7600,1592.577748104498,1723,777
7700,1683.7897357397496,1724,776
7800,1777.2764156566914,1723,777
7900,1854.9052770453527,1707,793
8000,1910.9288628038087,1719,781
8100,1952.614834332698,1717,783
8200,1979.517757059417,1706,794
8300,2003.6201668571678,1710,790
8400,2030.614407071632,1686,814
8500,2061.113821431675,1689,811
8600,2104.3706377743183,1686,814
8700,2145.46933209012,1676,824
8800,2183.1373100765595,1671,829
8900,2230.8095427249705,1670,830
9000,2266.637674343364,1643,857
9100,2315.989183315036,1633,867
9200,2382.34592185104,1628,872
9300,2455.9940808130136,1625,875
9400,2566.633129373503,1597,903
9500,2680.0222806195184,1574,926
9600,2788.1116944117925,1556,944
9700,2889.865618577292,1539,961
9800,2996.4114666051573,1509,991
9900,3113.487245808184,1470,1030
10000,3244.4740447893687,1449,1051
10100,3387.521499526465,1431,1069
10200,3508.132506715742,1419,1081
10300,3622.029060256889,1403,1097
10400,3733.931486582465,1378,1122
10500,3844.054845245497,1366,1134
10600,3954.9167694331654,1346,1154
10700,4044.320597449501,1335,1165
10800,4122.851132339065,1322,1178
10900,4188.435492276275,1324,1176
11000,4267.058296214403,1358,1142
11100,4343.627283132424,1369,1131
11200,4439.168716335549,1391,1109
11300,4536.917855041033,1414,1086
11400,4652.105828428351,1442,1058
11500,4750.029642341639,1459,1041
11600,4856.198419160364,1455,1045
11700,4953.540114696322,1451,1049
11800,5035.5628336495865,1451,1049
11900,5118.953703142324,1437,1063
12000,5222.068617545611,1424,1076
12100,5317.490451076713,1418,1082
12200,5436.031021833684,1387,1113
12300,5552.499183005999,1370,1130
12400,5672.939815118538,1389,1111
12500,5796.431526288501,1373,1127
12600,5905.209036091882,1371,1129
12700,6009.844878926948,1362,1138
12800,6110.018488051171,1363,1137
12900,6193.5989029390885,1350,1150
13000,6299.9441021122575,1365,1135
13100,6421.574607418805,1357,1143
13200,6540.986786287457,1351,1149
13300,6652.119484347117,1339,1161
13400,6760.568032727892,1329,1171
13500,6871.5051849977735,1325,1175
13600,6997.529284455842,1319,1181
13700,7123.153450887768,1310,1190
13800,7266.568272919791,1309,1191
13900,7402.97814508669,1294,1206
14000,7556.669708557275,1319,1181
14100,7680.6710609883485,1340,1160
14200,7834.426808327443,1334,1166
14300,7977.774407234961,1326,1174
14400,8140.323818054482,1318,1182
14500,8303.66075513258,1314,1186
14600,8500.643703646749,1305,1195
14700,8688.312934149053,1287,1213
14800,8891.974285011365,1290,1210
14900,9082.104520839852,1307,1193
15000,9268.95287433852,1309,1191
15100,9437.153298307438,1320,1180
15200,9583.235656142626,1307,1193
15300,9729.463833388283,1319,1181
15400,9843.914782261545,1316,1184
15500,9974.43059708226,1332,1168
15600,10116.93478873429,1347,1153
15700,10269.112726473573,1346,1154
15800,10407.30948742614,1343,1157
15900,10559.417409691787,1336,1164
16000,10695.985337490565,1321,1179
16100,10840.487063506916,1308,1192
16200,10989.199544122588,1317,1183
16300,11150.138298797476,1312,1188
16400,11355.75749906299,1327,1173
16500,11516.37285609547,1331,1169
16600,11708.386636261599,1322,1178
16700,11879.113239737339,1338,1162
16800,12093.450093970707,1331,1169
16900,12308.757956898455,1323,1177
17000,12503.960567023205,1313,1187
17100,12739.961473023417,1303,1197
17200,12983.414085836599,1305,1195
17300,13231.183275873958,1298,1202
17400,13489.941022873407,1294,1206
17500,13780.935529517677,1285,1215
17600,14009.60982707196,1292,1208
17700,14197.01319056613,1300,1200
17800,14382.022424064118,1303,1197
17900,14580.409565108246,1291,1209
18000,14792.77890684929,1289,1211
18100,14989.472666634727,1302,1198
18200,15196.485942539051,1300,1200
18300,15435.88015569824,1303,1197
18400,15617.828422712004,1316,1184
18500,15867.408891777572,1328,1172
18600,16075.729834557957,1321,1179
18700,16292.081091436794,1294,1206
18800,16529.469150994846,1281,1219
18900,16779.72484518562,1280,1220
19000,17054.395330441926,1290,1210
19100,17308.14252411071,1273,1227
19200,17588.63852917664,1274,1226
19300,17847.876139421016,1278,1222
19400,18164.438628811822,1280,1220
19500,18403.54872656159,1277,1223
19600,18674.54202124142,1275,1225
19700,18923.182223041076,1276,1224
19800,19192.68220172225,1274,1226
19900,19438.17551102423,1257,1243
20000,19707.203212080305,1234,1266
20100,19969.732133998234,1225,1275
20200,20219.046539585455,1194,1306
20300,20529.992636658455,1173,1327
20400,20855.346248776877,1147,1353
20500,21128.448552439106,1115,1385
20600,21465.28815323854,1100,1400
20700,21718.09399818122,1070,1430
20800,21972.073461493623,1046,1454
20900,22243.782602702355,1045,1455
21000,22456.328517467453,1029,1471
21100,22710.21720371794,1028,1472
21200,22971.727143351196,1036,1464
21300,23230.607845171977,1030,1470
21400,23497.282713938515,997,1503
21500,23748.706806678812,997,1503
21600,24090.003752539866,996,1504
21700,24418.785081003618,1004,1496
21800,24751.497710332656,1002,1498
21900,25124.67612828314,996,1504
22000,25477.588256703268,1008,1492
22100,25860.623657933593,984,1516
22200,26211.11924114484,983,1517
22300,26555.16301275041,984,1516
22400,26823.944612512958,975,1525
22500,27064.553539127148,981,1519
22600,27373.97052647885,980,1520
22700,27763.631514347304,997,1503
22800,28113.828350959222,1022,1478
22900,28454.95457740539,1022,1478
23000,28851.071519533027,1034,1466
23100,29216.68976659298,1036,1464
23200,29566.710589263774,1028,1472
23300,29900.551006053054,1042,1458
23400,30270.2441778581,1055,1445
23500,30549.06548529302,1077,1423
23600,30919.426656004824,1080,1420
23700,31355.264379790227,1074,1426
23800,31762.713216206463,1077,1423
23900,32222.419102478492,1068,1432
24000,32682.17225805037,1058,1442
24100,33128.244758508816,1044,1456
24200,33556.586662170164,1025,1475
24300,33996.292115217766,1029,1471
24400,34459.955311997626,1003,1497
24500,34896.53164107095,968,1532
24600,35216.09332981366,942,1558
24700,35546.92359380697,922,1578
24800,35951.53849376441,908,1592
24900,36384.76390711242,904,1596
25000,36858.05474365071,883,1617
25100,37357.4428363277,867,1633
25200,37825.20326215281,854,1646
25300,38302.845650895455,841,1659
25400,38760.18466923931,868,1632
25500,39262.74806065621,868,1632
25600,39712.24479702296,877,1623
25700,40182.705241326774,874,1626
25800,40667.50255680249,886,1614
25900,41203.26240462693,917,1583
26000,41713.84913949792,928,1572
26100,42279.13670939993,922,1578
26200,42869.40092453695,925,1575
26300,43413.34886634394,916,1584
26400,43923.53233984144,900,1600
26500,44454.71779554339,872,1628
26600,45051.07811349052,883,1617
26700,45551.300326969955,856,1644
26800,45989.671079480315,836,1664
26900,46459.452836863005,830,1670
27000,46898.35545877955,815,1685
27100,47365.324117356395,791,1709
27200,47857.266938791276,775,1725
27300,48380.790927554815,755,1745
27400,48963.23516471074,750,1750
27500,49551.68342132774,753,1747
27600,50125.3287063939,736,1764
27700,50573.91592684593,723,1777
27800,51122.97853050944,712,1788
27900,51594.44784149418,690,1810
28000,52139.00673750224,681,1819
28100,52641.04662877383,654,1846
28200,53213.241564630036,657,1843
28300,53760.91534258334,655,1845
28400,54272.757513819364,653,1847
28500,54852.576810209044,657,1843
28600,55510.71187946173,665,1835
28700,56170.13377621963,659,1841
28800,56781.25191005883,662,1838
28900,57472.023619688414,640,1860
29000,58106.91272779399,636,1864
29100,58672.78157275195,632,1868
29200,59172.77792044057,623,1877
29300,59740.15334856841,609,1891
29400,60267.59385290445,618,1882
29500,60902.681375709784,619,1881
29600,61556.448423700596,609,1891
29700,62134.00208506545,596,1904
29800,62757.12847095853,588,1912
29900,63502.44513416498,570,1930
30000,64181.65408292303,559,1941
30100,64820.42157414193,539,1961
30200,65498.13689193798,516,1984
30300,66192.10991224716,503,1997
30400,66918.53985807623,486,2014
30500,67644.47478798561,485,2015
30600,68263.31626666426,480,2020
30700,69066.38702704312,514,1986
30800,69834.85411471364,518,1982
30900,70699.03071537905,523,1977
31000,71538.36310804637,534,1966
31100,72399.16737424803,528,1972
31200,73219.02816489652,516,1984
31300,74123.99173347499,511,1989
31400,74966.37646416927,524,1976
31500,75776.67206507114,531,1969
31600,76580.54892451645,533,1967
31700,77364.26666528359,529,1971
31800,78050.4749680004,522,1978
31900,78788.27615081007,520,1980
32000,79586.44550565598,517,1983
32100,80209.5739254916,516,1984
32200,81018.05101730282,525,1975
32300,81975.85406203308,525,1975
32400,82751.5877276998,517,1983
32500,83572.02725998308,514,1986
32600,84468.52327434797,526,1974
32700,85235.90964101581,523,1977
32800,86093.38352914245,526,1974
32900,86965.23489852915,544,1956
33000,87705.69699117323,554,1946
33100,88562.91116658339,570,1930
33200,89448.87212933623,585,1915
33300,90197.22418535185,591,1909
33400,91090.76880688622,589,1911
33500,92035.75265483872,582,1918
33600,92923.93959850924,576,1924
33700,93839.08679238116,563,1937
33800,94566.23463026136,565,1935
33900,95411.24069072324,570,1930
34000,96128.46400256327,563,1937
34100,97042.47803990704,563,1937
34200,97917.14779740777,571,1929
34300,98782.47084493586,564,1936
34400,99828.4449085918,564,1936
34500,100808.70450612022,556,1944
34600,101776.5857255831,551,1949
34700,102691.51444588092,537,1963
34800,103626.30931950377,525,1975
34900,104594.41012076601,514,1986
35000,105640.3925757416,489,2011
35100,106585.03147420753,475,2025
35200,107541.10542294368,453,2047
35300,108421.58119655133,437,2063
35400,109338.86163192501,404,2096
35500,110260.17563383946,399,2101
35600,111139.2978628079,389,2111
35700,112059.51390902768,375,2125
35800,112997.92355269287,371,2129
35900,113887.86713180237,358,2142
36000,114923.76838143061,345,2155
36100,115827.0352966549,334,2166
36200,116768.16932057598,332,2168
36300,117856.56454591184,317,2183
36400,118920.23571081324,301,2199
36500,120167.15662523443,299,2201
36600,121441.08628564766,283,2217
36700,122551.9075085219,270,2230
36800,123689.68349380398,261,2239
36900,124861.06588736961,258,2242
37000,125909.5111912796,258,2242
37100,127214.67671399079,254,2246
37200,128338.4653395687,247,2253
37300,129520.65855324395,245,2255
37400,130697.16060169149,235,2265
37500,131780.1588316294,232,2268
37600,132850.1756271484,224,2276
37700,133783.76915639915,225,2275
37800,134997.43779199838,248,2252
37900,136007.74695230933,266,2234
38000,137040.0369945264,279,2221
38100,138235.501671969,277,2223
38200,139273.6436361385,276,2224
38300,140407.54036172238,288,2212
38400,141514.8701522455,284,2216
38500,142865.52153033167,280,2220
38600,144119.70894613498,302,2198
38700,145259.83159577346,299,2201
38800,146494.1447205335,277,2223
38900,147770.37168869592,263,2237
39000,148966.93153337258,255,2245
39100,150357.30528300992,273,2227
39200,151622.62276833766,262,2238
39300,152828.68389747906,255,2245
39400,154154.7711970258,256,2244
39500,155449.4249314321,265,2235
39600,156616.15746952716,278,2222
39700,157939.97785496895,294,2206
39800,159273.74766169884,297,2203
39900,160380.34378391595,304,2196
40000,161482.1632310298,311,2189
40100,162722.9449128861,316,2184
40200,164015.73887010178,319,2181
40300,165207.21341322703,312,2188
40400,166532.247459158,300,2200
40500,167961.69515700598,300,2200
40600,169416.98169642192,300,2200
40700,170856.45866982496,301,2199
40800,172367.0599138973,300,2200
40900,173808.2165355666,299,2201
41000,175287.1503992332,316,2184
41100,176672.11724060393,319,2181
41200,178219.85842048022,316,2184
41300,179747.2447681491,321,2179
41400,181324.40244269202,321,2179
41500,182741.42682809295,321,2179
41600,184252.0868328992,315,2185
41700,185950.38328825007,313,2187
41800,187381.59807042018,311,2189
41900,188856.30810358177,313,2187
42000,190348.16542927487,299,2201
42100,191714.14770932103,288,2212
42200,193083.71246722084,268,2232
42300,194487.51380270883,250,2250
42400,195989.1962299836,230,2270
42500,197719.91241425058,236,2264
42600,199288.77698106284,219,2281
42700,201035.27705729936,215,2285
42800,202675.77462953993,206,2294
42900,204428.9293935846,211,2289
43000,206239.60608902553,206,2294
43100,208042.8588330791,207,2293
43200,209928.61447912536,195,2305
43300,211633.32522625613,198,2302
43400,213336.5777530364,203,2297
43500,215071.36427388116,202,2298
43600,216933.05466852512,200,2300
43700,218807.1995823924,192,2308
43800,220724.53486753997,195,2305
43900,222481.70993047868,210,2290
44000,224324.32566910287,216,2284
44100,226127.07966177186,214,2286
44200,227761.0792798675,207,2293
44300,229299.3631447358,207,2293
44400,230912.07245177182,194,2306
44500,232490.59173885718,172,2328
44600,234244.91951109486,170,2330
44700,235954.49409131776,160,2340
44800,237687.84709228028,156,2344
44900,239435.58890858392,163,2337
45000,241370.7481999093,169,2331
45100,243237.30474875716,178,2322
45200,245149.3072590149,187,2313
45300,247242.9056179739,190,2310
45400,249313.30878696742,189,2311
45500,251309.79238259044,191,2309
45600,253496.1413539547,187,2313
45700,255604.7403655132,181,2319
45800,257603.63554267006,174,2326
45900,259707.20485498686,160,2340
46000,261802.8430388465,166,2334
46100,263905.5063397957,164,2336
46200,265800.28558031947,168,2332
46300,267910.7169612918,175,2325
46400,269755.7051400097,173,2327
46500,271639.26220739156,178,2322
46600,273549.8722803888,179,2321
46700,275300.5365192233,179,2321
46800,277401.0635798899,178,2322
46900,279605.5811806369,171,2329
47000,281426.41127862723,172,2328
47100,283664.4030679787,173,2327
47200,285576.4528927248,168,2332
47300,287536.335029336,170,2330
47400,289691.1119186843,162,2338
47500,291887.11805197666,159,2341
47600,293927.9026551142,147,2353
47700,296273.4960598799,139,2361
47800,298598.39518422505,118,2382
47900,300719.17348533124,108,2392
48000,303033.94458774367,106,2394
48100,305071.947826975,105,2395
48200,307386.99049719365,107,2393
48300,309403.1599568106,102,2398
48400,311424.89880867634,111,2389
48500,313484.68122017744,117,2383
48600,315486.598983049,123,2377
48700,317547.650092408,129,2371
48800,319817.94397841603,136,2364
48900,322075.9403500225,139,2361
49000,324283.78298578603,153,2347
49100,326493.1711580922,164,2336
49200,328782.54778387566,183,2317
49300,331199.44066063996,199,2301
49400,333547.35143353074,230,2270
49500,335892.27096719877,238,2262
49600,338364.9670954375,250,2250
49700,340733.1754315362,266,2234
49800,342976.5199478929,274,2226
49900,345070.0814024343,276,2224
50000,347452.82147684507,270,2230
