step,msd_global,n_round,n_elongated
0,0.0,2500,0
100,26.045783887027987,2500,0
200,30.797760704277852,2500,0
300,31.506787335310598,2500,0
400,29.55384374182833,2500,0
500,30.159006938563664,2500,0
600,29.474214239134074,2500,0
700,29.391654483607237,2500,0
800,30.027947893534147,2500,0
900,29.42630005992481,2500,0
1000,28.83054236257238,2500,0
1100,30.742943921520574,2500,0
1200,30.760490636029157,2500,0
1300,32.0145016417087,2500,0
1400,32.07384176201251,2500,0
1500,32.64196144436525,2500,0
1600,34.547306900602244,2500,0
1700,35.15809397823092,2500,0
1800,34.55685895424651,2500,0
1900,33.973927428333816,2500,0
2000,34.5497506915015,2500,0
2100,34.55407938710314,2500,0
2200,34.567472008885545,2500,0
2300,34.571565384962,2500,0
2400,34.56836289431037,2500,0
2500,33.91422518739569,2500,0
2600,33.94652110166756,2500,0
2700,33.9169552183286,2500,0
2800,34.582726306165625,2500,0
2900,33.92236029764368,2500,0
3000,32.70028878813702,2500,0
3100,33.34536918727358,2500,0
3200,33.35062306191955,2500,0
3300,32.066076431604124,2500,0
3400,33.35229585932131,2500,0
3500,33.35776062435014,2500,0
3600,32.71232347517825,2500,0
3700,33.35597716780924,2500,0
3800,33.3516208233859,2500,0
3900,33.357009955127396,2500,0
4000,33.35858256481729,2500,0
4100,32.71236417010806,2500,0
4200,33.36019960418513,2500,0
4300,33.341892394047335,2500,0
4400,33.32828244434702,2500,0
4500,32.69239226488914,2500,0
4600,33.33710489276939,2500,0
4700,32.70607246850932,2500,0
4800,32.71090221073759,2500,0
4900,33.38145880945535,2500,0
5000,32.72185057612907,2500,0
5100,32.729874656062336,2500,0
5200,33.984486601815455,2500,0
5300,35.910958009046894,2500,0
5400,33.30993086593915,2500,0
5500,33.9575855939567,2500,0
5600,34.60720471271658,2500,0
5700,33.93743855391241,2500,0
5800,33.928568943491136,2500,0
5900,35.228104882731664,2500,0
6000,33.92443750450663,2500,0
6100,33.91402069146404,2500,0
6200,33.27710512365969,2500,0
6300,33.90028222743318,2500,0
6400,34.52928337575329,2500,0
6500,34.53810393802255,2500,0
6600,35.19594528292449,2500,0
6700,34.522654693427434,2500,0
6800,34.52449375792473,2500,0
6900,35.17783670603457,2500,0
7000,34.513927562282795,2500,0
7100,35.16969821013737,2500,0
7200,34.527905186539606,2500,0
7300,35.168728700606046,2500,0
7400,35.14897329603153,2500,0
7500,35.802433441322876,2500,0
7600,35.804468752233696,2500,0
7700,35.81374000634573,2500,0
7800,36.41795418217969,2500,0
7900,36.40790814887582,2500,0
8000,35.73297322081583,2500,0
8100,36.38765577856194,2500,0
8200,35.72956903180592,2500,0
8300,36.3934064689435,2500,0
8400,36.39599204965236,2500,0
8500,36.3979842672545,2500,0
8600,35.74228025776951,2500,0
8700,35.74579283982212,2500,0
8800,35.08784604022064,2500,0
8900,35.75688668998003,2500,0
9000,35.098817880310406,2500,0
9100,35.751495218990755,2500,0
9200,35.683123080957884,2500,0
9300,35.027423790181615,2500,0
9400,36.34473246560051,2500,0
9500,36.35473414693364,2500,0
9600,36.34485134970946,2500,0
9700,35.69638202546601,2500,0
9800,36.345418279958245,2500,0
9900,36.34261539512832,2500,0
10000,35.68661343594349,2500,0
10100,35.69184271819812,2500,0
10200,34.39702562536595,2500,0
10300,35.68757007448858,2500,0
10400,35.692879619620484,2500,0
10500,35.0478245264385,2500,0
10600,35.59044124291714,2500,0
10700,35.05051446392939,2500,0
10800,35.038531766463,2500,0
10900,36.25878125745418,2500,0
11000,34.408913375816375,2500,0
11100,34.97878574500966,2500,0
11200,35.07523983426712,2500,0
11300,34.99058431228043,2500,0
11400,35.001681843477265,2500,0
11500,35.64265889656219,2500,0
11600,36.915792044954145,2500,0
11700,35.63761747507552,2500,0
11800,36.84273735042638,2500,0
11900,36.84220442865666,2500,0
12000,36.21658977281178,2500,0
12100,36.84483586700735,2500,0
12200,36.19413809731878,2500,0
12300,35.61449434580852,2500,0
12400,36.191645233472826,2500,0
12500,36.87439646175525,2500,0
12600,36.207983764516534,2500,0
12700,35.60978510937126,2500,0
12800,35.56177845552464,2500,0
12900,36.21318285742812,2500,0
13000,36.18057204972607,2500,0
13100,36.200722901542754,2500,0
13200,36.14951267250752,2500,0
13300,36.14989521860145,2500,0
13400,36.77850097132265,2500,0
13500,36.15190707392461,2500,0
13600,36.14920045925877,2500,0
13700,35.51725505317716,2500,0
13800,36.13285184081847,2500,0
13900,35.50572437228797,2500,0
14000,36.75108353318576,2500,0
14100,36.11524555464913,2500,0
14200,36.73914243241499,2500,0
14300,36.10531193283486,2500,0
14400,36.09703221352941,2500,0
14500,36.730713936564406,2500,0
14600,36.7166924377439,2500,0
14700,36.71378663829283,2500,0
14800,36.08728945546428,2500,0
14900,37.36428093993577,2500,0
15000,37.36579774102844,2500,0
15100,38.02052588387799,2500,0
15200,37.35850225174682,2500,0
15300,37.35937792331969,2500,0
15400,37.36767765020289,2500,0
15500,37.35233499709323,2500,0
15600,38.01419129420427,2500,0
15700,37.387536432084374,2500,0
15800,38.01049259088047,2500,0
15900,38.022312366415825,2500,0
16000,37.41837478129489,2500,0
16100,37.42576777832281,2500,0
16200,37.43588182807793,2500,0
16300,37.43170036528043,2500,0
16400,38.0491645418416,2500,0
16500,38.6731930170794,2500,0
16600,37.393529274435586,2500,0
16700,38.02497853027161,2500,0
16800,38.02193945780938,2500,0
16900,37.38235188425446,2500,0
17000,38.631497905388514,2500,0
17100,37.982093606543295,2500,0
17200,38.643376509873534,2500,0
17300,37.99692961675554,2500,0
17400,37.978596776594145,2500,0
17500,37.34415582435334,2500,0
17600,38.614636178207384,2500,0
17700,38.60961619660411,2500,0
17800,37.970947653568196,2500,0
17900,38.61794149947996,2500,0
18000,37.974671028381785,2500,0
18100,38.00610752943852,2500,0
18200,37.98474790934066,2500,0
18300,37.988659378948974,2500,0
18400,37.993520405999035,2500,0
18500,37.99969301166545,2500,0
18600,38.00764344539707,2500,0
18700,38.654198666483275,2500,0
18800,37.99355931609812,2500,0
18900,37.9922251345387,2500,0
19000,37.99382792400115,2500,0
19100,37.997233033670824,2500,0
19200,37.99497421584584,2500,0
19300,38.643098481953665,2500,0
19400,38.650152035334855,2500,0
19500,37.99294989473423,2500,0
19600,38.003933224579725,2500,0
19700,38.00822907793559,2500,0
19800,37.99888128411446,2500,0
19900,38.01252881115561,2500,0
20000,37.9924726662187,2500,0
20100,38.000667201223294,2500,0
20200,38.005802046938236,2500,0
20300,38.63205147978412,2500,0
20400,37.991041639045534,2500,0
20500,37.992884778093824,2500,0
20600,38.59574085212803,2500,0
20700,38.5969959042139,2500,0
20800,38.60889650201007,2500,0
20900,38.58790603014435,2500,0
21000,37.9790614164304,2500,0
21100,37.9875901160739,2500,0
21200,38.600082160811525,2500,0
21300,39.24869860559547,2500,0
21400,38.58382691386232,2500,0
21500,38.59031290253216,2500,0
21600,38.591191430790026,2500,0
21700,38.589362570515505,2500,0
21800,38.58907465431626,2500,0
21900,38.5840115690157,2500,0
22000,38.57983538626008,2500,0
22100,38.5722110984924,2500,0
22200,38.58894176190056,2500,0
22300,38.579773444096894,2500,0
22400,38.58055591342246,2500,0
22500,38.58283156041865,2500,0
22600,38.58335556395077,2500,0
22700,38.58803735351961,2500,0
22800,38.57572501192315,2500,0
22900,38.570316166733406,2500,0
23000,38.58058383501539,2500,0
23100,38.57218396139746,2500,0
23200,38.583430839138046,2500,0
23300,38.57609773845364,2500,0
23400,38.57834007458003,2500,0
23500,38.57470968373963,2500,0
23600,38.56797788309119,2500,0
23700,37.976811299700145,2500,0
23800,38.5764929676121,2500,0
23900,38.57127334343628,2500,0
24000,38.56872301843256,2500,0
24100,37.96525098289893,2500,0
24200,38.573911544570265,2500,0
24300,37.96308472105076,2500,0
24400,38.56772943072574,2500,0
24500,38.56586068687095,2500,0
24600,39.133402008098926,2500,0
24700,39.13881512358992,2500,0
24800,38.568139869464794,2500,0
24900,37.96231664074862,2500,0
25000,37.9562353614952,2500,0
25100,37.962091486815176,2500,0
25200,37.95929539209421,2500,0
25300,37.958964702727755,2500,0
25400,39.12809973128353,2500,0
25500,38.53244993025748,2500,0
25600,37.917865006847016,2500,0
25700,38.528293874966636,2500,0
25800,37.34949582558691,2500,0
25900,38.532746823371156,2500,0
26000,38.5212856338317,2500,0
26100,38.519978813443615,2500,0
26200,38.52904850613685,2500,0
26300,38.52473125595936,2500,0
26400,37.966230328749155,2500,0
26500,37.97128963347032,2500,0
26600,38.53135217727439,2500,0
26700,38.53705566872992,2500,0
26800,38.53444430462967,2500,0
26900,38.53584823098579,2500,0
27000,38.544296601133325,2500,0
27100,38.54482454830788,2500,0
27200,38.55288263295401,2500,0
27300,38.543362223314,2500,0
27400,37.92677488037243,2500,0
27500,37.941222792594274,2500,0
27600,37.99252301262975,2500,0
27700,38.55841466017976,2500,0
27800,38.56129134485167,2500,0
27900,38.555936845694085,2500,0
28000,37.94420919033737,2500,0
28100,38.56896840050007,2500,0
28200,37.956710757438756,2500,0
28300,37.952499476251276,2500,0
28400,37.95223378974101,2500,0
28500,38.54964476937372,2500,0
28600,37.37174227521578,2500,0
28700,37.99143657218685,2500,0
28800,39.168597299462476,2500,0
28900,38.55002040945043,2500,0
29000,38.55432212253147,2500,0
29100,37.990832762203894,2500,0
29200,37.96990971851818,2500,0
29300,37.992129312838436,2500,0
29400,37.98431747798257,2500,0
29500,39.16773351908469,2500,0
29600,39.16136443351987,2500,0
29700,39.161870477097494,2500,0
29800,38.54522264835237,2500,0
29900,37.97562916720489,2500,0
30000,38.60682018052558,2500,0
30100,38.595750443817,2500,0
30200,38.023697536658446,2500,0
30300,37.984277359356206,2500,0
30400,38.588469788168716,2500,0
30500,37.97517864930022,2500,0
30600,38.59334461509687,2500,0
30700,38.63611556780925,2500,0
30800,38.590468076087284,2500,0
30900,37.976764960226134,2500,0
31000,38.596017803589945,2500,0
31100,38.55257515376073,2500,0
31200,37.98346496334023,2500,0
31300,37.98231340514481,2500,0
31400,37.367689193519226,2500,0
31500,38.599769042127406,2500,0
31600,38.64098690060504,2500,0
31700,38.59932001882982,2500,0
31800,37.99032946363299,2500,0
31900,39.24496428025988,2500,0
32000,38.59975443553425,2500,0
32100,38.595228587264145,2500,0
32200,38.600144486167444,2500,0
32300,39.25172899543377,2500,0
32400,38.595923144322065,2500,0
32500,38.601296644765696,2500,0
32600,38.60394551381719,2500,0
32700,38.60697801638058,2500,0
32800,38.59999709102586,2500,0
32900,39.24690896147458,2500,0
33000,38.594264237305694,2500,0
33100,38.59873684870124,2500,0
33200,37.99130258436,2500,0
33300,38.59992199635998,2500,0
33400,37.991530632835904,2500,0
33500,38.6024427645925,2500,0
33600,37.985705613892605,2500,0
33700,39.25029313509278,2500,0
33800,38.600347191361685,2500,0
33900,39.157942077903535,2500,0
34000,37.99748475211613,2500,0
34100,38.59980864120898,2500,0
34200,38.59950040463779,2500,0
34300,38.61056748669343,2500,0
34400,38.60239633022455,2500,0
34500,38.59116871815764,2500,0
34600,38.59748856988226,2500,0
34700,38.60452902791016,2500,0
34800,38.59802857043139,2500,0
34900,38.599995229140596,2500,0
35000,37.99373182232464,2500,0
35100,38.59081228317639,2500,0
35200,37.94764067852393,2500,0
35300,38.59801482391781,2500,0
35400,38.59673826787243,2500,0
35500,38.599859098628684,2500,0
35600,38.002597984381495,2500,0
35700,38.596711967414166,2500,0
35800,38.597503807702616,2500,0
35900,38.5958996628783,2500,0
36000,38.58787310558081,2500,0
36100,38.59603486079079,2500,0
36200,38.59085267827416,2500,0
36300,37.98559089946672,2500,0
36400,38.589803750989546,2500,0
36500,39.25044772905542,2500,0
36600,38.59927043397247,2500,0
36700,39.24112984660518,2500,0
36800,38.592177736349804,2500,0
36900,38.592548296748426,2500,0
37000,37.93149641720543,2500,0
37100,37.33729213205398,2500,0
37200,38.59291745686762,2500,0
37300,37.98181629456427,2500,0
37400,36.72844342946552,2500,0
37500,37.994877305389664,2500,0
37600,37.34920934648858,2500,0
37700,37.33518473181943,2500,0
37800,37.34313168123738,2500,0
37900,37.946156482905664,2500,0
38000,38.604338764681536,2500,0
38100,37.94725191071114,2500,0
38200,37.99076901960874,2500,0
38300,37.978499579566424,2500,0
38400,37.940038185522084,2500,0
38500,37.94726254646377,2500,0
38600,37.323823858596896,2500,0
38700,38.59433704290844,2500,0
38800,39.24429056012915,2500,0
38900,38.592967710196845,2500,0
39000,39.24378235102563,2500,0
39100,38.58932509191729,2500,0
39200,37.92845286218365,2500,0
39300,37.98057721897523,2500,0
39400,37.33911447805876,2500,0
39500,37.944084693024465,2500,0
39600,37.93893738724666,2500,0
39700,38.58129598272783,2500,0
39800,38.600810808470406,2500,0
39900,37.94377062593079,2500,0
40000,38.582102689733986,2500,0
40100,37.9819960395891,2500,0
40200,37.333016370605144,2500,0
40300,38.59906620262974,2500,0
40400,37.94085218343693,2500,0
40500,38.601094107403995,2500,0
40600,37.93602181972423,2500,0
40700,38.581360667550925,2500,0
40800,38.586925518377264,2500,0
40900,37.93817121526366,2500,0
41000,37.94548913578598,2500,0
41100,37.97251161996747,2500,0
41200,36.718652114077635,2500,0
41300,37.98513892816805,2500,0
41400,37.33816220884673,2500,0
41500,37.94817250988938,2500,0
41600,38.5898360723052,2500,0
41700,37.94556483769167,2500,0
41800,37.931597748718914,2500,0
41900,37.93585087268113,2500,0
42000,37.32682825753739,2500,0
42100,37.31953628051094,2500,0
42200,37.96642961972122,2500,0
42300,37.94308172162719,2500,0
42400,36.722559636957016,2500,0
42500,38.59620384839729,2500,0
42600,38.600324782754875,2500,0
42700,37.951775991248866,2500,0
42800,38.6371248002178,2500,0
42900,37.946014135873774,2500,0
43000,38.60262028356937,2500,0
43100,38.59842014299335,2500,0
43200,39.25445341783779,2500,0
43300,37.94546531757056,2500,0
43400,37.9517868609012,2500,0
43500,37.939010348774296,2500,0
43600,37.942685298869776,2500,0
43700,37.94819522211023,2500,0
43800,37.959680420070214,2500,0
43900,37.94724961075859,2500,0
44000,37.94120547150713,2500,0
44100,37.951165756186846,2500,0
44200,37.33530320308116,2500,0
44300,37.94524606788131,2500,0
44400,37.9425236801953,2500,0
44500,37.94466077876091,2500,0
44600,38.597459150503575,2500,0
44700,37.937334695890094,2500,0
44800,37.94263199069403,2500,0
44900,37.95039756988362,2500,0
45000,37.341428883164404,2500,0
45100,37.942505555003166,2500,0
45200,37.93980246633923,2500,0
45300,37.94124091440608,2500,0
45400,38.59186978262206,2500,0
45500,37.938691226904766,2500,0
45600,37.94275050738127,2500,0
45700,37.94583123357551,2500,0
45800,37.33359500643101,2500,0
45900,37.93615993944432,2500,0
46000,37.327866139161735,2500,0
46100,37.94260229506763,2500,0
46200,37.94603903689791,2500,0
46300,37.94650809662681,2500,0
46400,37.95494113319477,2500,0
46500,37.93899030825647,2500,0
46600,37.94761794123148,2500,0
46700,37.94396159899966,2500,0
46800,38.5926826704911,2500,0
46900,38.59714504237073,2500,0
47000,37.955383502752255,2500,0
47100,37.94806557701076,2500,0
47200,37.951750143327914,2500,0
47300,37.944081353598925,2500,0
47400,37.942461472557284,2500,0
47500,37.94043006009873,2500,0
47600,37.94495279233381,2500,0
47700,37.93753084299624,2500,0
47800,37.33487021909967,2500,0
47900,37.94704013958574,2500,0
48000,38.50920095797629,2500,0
48100,37.941157581158876,2500,0
48200,37.94529668348945,2500,0
48300,38.58955231843051,2500,0
48400,38.597660989531384,2500,0
48500,37.93918774949082,2500,0
48600,37.94464537049127,2500,0
48700,37.943333996199115,2500,0
48800,37.33671043606119,2500,0
48900,38.59030819727795,2500,0
49000,37.9433130562035,2500,0
49100,37.32938942475199,2500,0
49200,37.94955511224441,2500,0
49300,37.942194784115706,2500,0
49400,37.93773475218818,2500,0
49500,37.95984961608649,2500,0
49600,37.943944959583625,2500,0
49700,37.99144920979438,2500,0
49800,37.95010680567928,2500,0
49900,37.33437168900354,2500,0
50000,37.955462477582394,2500,0
