step,msd_global,n_round,n_elongated
0,0.0,2500,0
100,20.761274135082147,2500,0
200,26.192826738349375,2499,1
300,25.834977107993414,2498,2
400,24.761186213883374,2496,4
500,24.347877621998773,2497,3
600,27.060566012982523,2498,2
700,27.738137075232995,2498,2
800,26.593930366473067,2498,2
900,27.399400835735694,2498,2
1000,27.519896578987467,2498,2
1100,28.28938100737252,2498,2
1200,29.761369337498465,2498,2
1300,29.920560735234606,2498,2
1400,29.600087367723,2498,2
1500,29.66571870620087,2498,2
1600,30.41269863030835,2498,2
1700,30.54253652500508,2498,2
1800,30.684727874419565,2498,2
1900,30.216606916970935,2498,2
2000,31.3724606467496,2498,2
2100,31.46238409025867,2498,2
2200,31.593095242430334,2498,2
2300,31.046727723996142,2498,2
2400,31.203998069410034,2498,2
2500,31.36731914773368,2498,2
2600,30.35147321949076,2498,2
2700,29.937581479499467,2498,2
2800,32.069032219551374,2498,2
2900,31.735394787898002,2498,2
3000,30.788267394522943,2498,2
3100,31.307872545891094,2498,2
3200,33.428415869806926,2498,2
3300,33.09306068092519,2498,2
3400,30.84881114597043,2498,2
3500,31.77845670093072,2498,2
3600,33.23736828226411,2498,2
3700,32.93618356667165,2498,2
3800,33.90026559913608,2498,2
3900,35.000839374095406,2498,2
4000,35.47695432652443,2498,2
4100,33.6201343389215,2498,2
4200,31.244653433963016,2498,2
4300,32.65546435309979,2498,2
4400,32.91250539767729,2498,2
4500,32.54347537248762,2498,2
4600,32.89762220762482,2498,2
4700,32.666455909843265,2498,2
4800,33.09149408794452,2498,2
4900,34.28271406476189,2498,2
5000,34.09568437614296,2498,2
5100,33.89494022859504,2498,2
5200,36.24126254464627,2498,2
5300,35.44587763637475,2498,2
5400,35.25957358865744,2498,2
5500,35.74944155954062,2498,2
5600,36.118893094531366,2498,2
5700,37.227033253498334,2498,2
5800,37.5775805703476,2498,2
5900,38.54751425345073,2499,1
6000,37.599854253431296,2499,1
6100,38.51823759817188,2499,1
6200,38.24924097336446,2499,1
6300,39.75698453634817,2499,1
6400,38.60864091565521,2499,1
6500,39.350399903549445,2499,1
6600,39.00533919649871,2499,1
6700,39.362665057261275,2499,1
6800,40.99509590634167,2499,1
6900,40.153364996189914,2499,1
7000,41.23104580744047,2499,1
7100,42.283768308426076,2499,1
7200,42.58712633089946,2499,1
7300,39.58807681937687,2499,1
7400,39.215547184756815,2499,1
7500,39.49198095865547,2499,1
7600,39.82811241032806,2499,1
7700,40.14019494954729,2499,1
7800,39.859626197453856,2499,1
7900,40.192162089959936,2499,1
8000,41.76039108000531,2499,1
8100,41.43995270373728,2499,1
8200,42.899658794611284,2499,1
8300,43.084926077691826,2500,0
8400,43.64606704066097,2500,0
8500,43.65435442483787,2500,0
8600,43.02743993822313,2500,0
8700,44.248829228527995,2500,0
8800,44.254217475882555,2500,0
8900,44.252291199633866,2500,0
9000,43.64505479032415,2500,0
9100,43.605302360960124,2500,0
9200,43.00341522395676,2500,0
9300,43.619618319088566,2500,0
9400,43.61928288823904,2500,0
9500,44.26891582148707,2500,0
9600,43.63085221369003,2500,0
9700,43.02317028212223,2500,0
9800,43.02272482156675,2500,0
9900,43.63649200283343,2500,0
10000,43.031851137120235,2500,0
10100,43.036345914686144,2500,0
10200,43.0444572933773,2500,0
10300,43.03342994888485,2500,0
10400,43.046793073183686,2500,0
10500,43.03103909468508,2500,0
10600,43.68555489208387,2500,0
10700,43.68758008017981,2500,0
10800,43.696407809746944,2500,0
10900,43.04358171867847,2500,0
11000,42.40064925903369,2500,0
11100,43.695077251950124,2500,0
11200,43.68668440895272,2500,0
11300,43.04831781349344,2500,0
11400,42.419370563951176,2500,0
11500,43.05357670348517,2500,0
11600,43.05390802972858,2500,0
11700,43.0550519795718,2500,0
11800,43.040289385778806,2500,0
11900,42.38652646190135,2500,0
12000,43.056438210040156,2500,0
12100,43.0498241003412,2500,0
12200,43.06160089937512,2500,0
12300,43.0522177395229,2500,0
12400,43.04863526601025,2500,0
12500,42.41897307174814,2500,0
12600,42.42120211167479,2500,0
12700,42.41727034050729,2500,0
12800,41.77247825965871,2500,0
12900,42.41879031487475,2500,0
13000,43.050148335328274,2500,0
13100,43.03994397649539,2500,0
13200,43.052258334604744,2500,0
13300,43.05260774247916,2500,0
13400,43.055803605741325,2500,0
13500,42.408220472199325,2500,0
13600,43.04898804193962,2500,0
13700,43.05157746114306,2500,0
13800,43.04416521326428,2500,0
13900,43.06031033035996,2500,0
14000,43.058512565364616,2500,0
14100,42.41199414413859,2500,0
14200,41.772215569057884,2500,0
14300,41.787542642990175,2500,0
14400,42.41988875538296,2500,0
14500,43.05170590059786,2500,0
14600,42.40670190476655,2500,0
14700,43.053154694897195,2500,0
14800,41.77337816602192,2500,0
14900,42.425591064750705,2500,0
15000,42.41766469529008,2500,0
15100,42.42517862208127,2500,0
15200,43.065249634385516,2500,0
15300,42.421331015676735,2500,0
15400,43.0547700237761,2500,0
15500,42.41783379636682,2500,0
15600,42.42063510656673,2500,0
15700,42.42452952278408,2500,0
15800,42.41548475904617,2500,0
15900,42.449733069266834,2500,0
16000,41.774909449036976,2500,0
16100,43.075102495545714,2500,0
16200,42.417303276793284,2500,0
16300,42.40275725905752,2500,0
16400,43.05394423187178,2500,0
16500,42.41722626867279,2500,0
16600,42.4086779871277,2500,0
16700,42.416493385291126,2500,0
16800,43.06552532775908,2500,0
16900,43.073860815360426,2500,0
17000,43.08456742325401,2500,0
17100,42.4234360845598,2500,0
17200,43.09196120679786,2500,0
17300,42.42314848439854,2500,0
17400,43.06258204337966,2500,0
17500,43.72176414486899,2500,0
17600,43.71969399320004,2500,0
17700,42.42614788328434,2500,0
17800,43.09071959088384,2500,0
17900,42.433657253018964,2500,0
18000,42.43308841042115,2500,0
18100,42.427010657367994,2500,0
18200,42.428628608835155,2500,0
18300,43.09041536223857,2500,0
18400,42.42659697940366,2500,0
18500,42.43211629964738,2500,0
18600,43.09766677736716,2500,0
18700,43.09359902093983,2500,0
18800,42.4289182419831,2500,0
18900,42.4261715431045,2500,0
19000,43.07784804765748,2500,0
19100,43.08872251284697,2500,0
19200,43.075363593184576,2500,0
19300,42.415728197171404,2500,0
19400,42.42460018866501,2500,0
19500,43.08572510348325,2500,0
19600,43.09201414607179,2500,0
19700,43.08832733031778,2500,0
19800,42.418684901611066,2500,0
19900,42.4312988649383,2500,0
20000,42.42582794982878,2500,0
20100,42.43881578233119,2500,0
20200,43.07804687623247,2500,0
20300,43.08165857080908,2500,0
20400,42.41536738730827,2500,0
20500,42.416511376268446,2500,0
20600,42.42256742225295,2500,0
20700,42.415955656610365,2500,0
20800,42.41665342289596,2500,0
20900,43.087597308061255,2500,0
21000,43.08245873500778,2500,0
21100,43.083786499920706,2500,0
21200,42.42955267714627,2500,0
21300,43.062984305918704,2500,0
21400,43.086162043278684,2500,0
21500,43.72629833628185,2500,0
21600,42.43203385435811,2500,0
21700,42.42421820490366,2500,0
21800,42.426553476652195,2500,0
21900,42.414591480638045,2500,0
22000,43.08841543425483,2500,0
22100,42.428020772432546,2500,0
22200,42.423266411636895,2500,0
22300,41.78479598831321,2500,0
22400,42.426112629188154,2500,0
22500,42.43233377189931,2500,0
22600,43.09156237654553,2500,0
22700,42.42798819670661,2500,0
22800,42.42901432075772,2500,0
22900,42.426301878490754,2500,0
23000,42.43289764704134,2500,0
23100,42.41748722729667,2500,0
23200,42.43018964336827,2500,0
23300,42.425557817761614,2500,0
23400,43.06134352188127,2500,0
23500,42.41825664801653,2500,0
23600,43.062420238889864,2500,0
23700,43.72337823405015,2500,0
23800,43.075581485613306,2500,0
23900,43.089321104966544,2500,0
24000,43.076046740825205,2500,0
24100,42.43328501562192,2500,0
24200,42.43353679454359,2500,0
24300,43.06517440843821,2500,0
24400,43.7261214196731,2500,0
24500,42.43190931476275,2500,0
24600,42.436588793647616,2500,0
24700,42.43651379528953,2500,0
24800,42.4330154836877,2500,0
24900,42.42305733994225,2500,0
25000,42.43546861693701,2500,0
25100,43.73825538707708,2500,0
25200,43.076363061449364,2500,0
25300,42.42716797192101,2500,0
25400,43.06454397457136,2500,0
25500,43.08748018374965,2500,0
25600,42.425233838121144,2500,0
25700,43.100694401736234,2500,0
25800,43.08463886548744,2500,0
25900,42.43377610887977,2500,0
26000,43.72917445244622,2500,0
26100,43.09448752738585,2500,0
26200,42.42195427016686,2500,0
26300,42.42728490767339,2500,0
26400,43.06502093102634,2500,0
26500,43.10027952605245,2500,0
26600,43.08971668714485,2500,0
26700,42.43666716632832,2500,0
26800,43.08083729170049,2500,0
26900,42.42828176610468,2500,0
27000,43.07451035079167,2500,0
27100,43.08345190682729,2500,0
27200,42.43367005590335,2500,0
27300,41.80288715605871,2500,0
27400,42.428294245618446,2500,0
27500,42.43030169461472,2500,0
27600,42.42499365029314,2500,0
27700,42.4233804830372,2500,0
27800,42.42344394771141,2500,0
27900,42.42000081020406,2500,0
28000,42.423674066112426,2500,0
28100,42.41764259100687,2500,0
28200,43.71206056018355,2500,0
28300,43.73994638977987,2500,0
28400,43.08675254236709,2500,0
28500,42.41389668228297,2500,0
28600,42.4286857354242,2500,0
28700,43.083308660865534,2500,0
28800,43.714587350239356,2500,0
28900,43.06943345322543,2500,0
29000,43.05597789011687,2500,0
29100,42.42663473884531,2500,0
29200,42.42244086375936,2500,0
29300,43.08468654841537,2500,0
29400,42.427763552352864,2500,0
29500,42.4303271762118,2500,0
29600,43.09066364106595,2500,0
29700,43.08460325221544,2500,0
29800,42.43998214079457,2500,0
29900,42.439693731578835,2500,0
30000,42.47139191276956,2500,0
30100,43.73058905876699,2500,0
30200,43.073786184472546,2500,0
30300,42.403301688955395,2500,0
30400,42.42647669284467,2500,0
30500,43.05862418075773,2500,0
30600,42.42494041045287,2500,0
30700,43.06131557132683,2500,0
30800,42.435797722773245,2500,0
30900,42.432187770726564,2500,0
31000,43.09457868346191,2500,0
31100,43.098977778594445,2500,0
31200,42.43443383208373,2500,0
31300,42.4413857507968,2500,0
31400,41.812316072494,2500,0
31500,41.82140437655737,2500,0
31600,42.41812362718382,2500,0
31700,42.437913635431215,2500,0
31800,42.420210997682574,2500,0
31900,42.437949928359934,2500,0
32000,42.43198895948309,2500,0
32100,41.82033826330828,2500,0
32200,42.42683634715843,2500,0
32300,43.08730384307906,2500,0
32400,43.07523440260449,2500,0
32500,43.073305483104974,2500,0
32600,43.10010239920892,2500,0
32700,42.4412815789025,2500,0
32800,42.452521008758886,2500,0
32900,43.09259136890893,2500,0
33000,43.0974621074233,2500,0
33100,42.438824577722016,2500,0
33200,43.10709737952604,2500,0
33300,42.4270542642658,2500,0
33400,43.0959620874887,2500,0
33500,42.43834655470013,2500,0
33600,43.09365318773959,2500,0
33700,43.10403872148023,2500,0
33800,43.101904190723694,2500,0
33900,43.729095228779734,2500,0
34000,42.430738313881356,2500,0
34100,42.43825066451356,2500,0
34200,43.08903141061058,2500,0
34300,43.089535585243404,2500,0
34400,42.422951158586656,2500,0
34500,42.42591890206471,2500,0
34600,43.09638173153873,2500,0
34700,42.42388329488428,2500,0
34800,43.081883914540235,2500,0
34900,43.73285901239997,2500,0
35000,43.08902503934231,2500,0
35100,43.10025007315256,2500,0
35200,42.44215979207438,2500,0
35300,42.457041609021715,2500,0
35400,43.109408546204584,2500,0
35500,43.104374379776765,2500,0
35600,43.09987044753966,2500,0
35700,42.44613899043033,2500,0
35800,43.739465193648435,2500,0
35900,43.73582794631664,2500,0
36000,43.10655257606342,2500,0
36100,42.43452084486411,2500,0
36200,43.101509636724124,2500,0
36300,43.741922463370855,2500,0
36400,43.107733677273174,2500,0
36500,43.10060331536692,2500,0
36600,43.105094700276986,2500,0
36700,43.10624757212462,2500,0
36800,43.11596815741734,2500,0
36900,43.11662765231756,2500,0
37000,42.50236907934967,2500,0
37100,43.12767568200387,2500,0
37200,43.12289310842856,2500,0
37300,42.50914323820907,2500,0
37400,43.136056603944,2500,0
37500,43.13365361870379,2500,0
37600,42.50366206552606,2500,0
37700,43.78804521603988,2500,0
37800,43.147084024270775,2500,0
37900,43.14494670253735,2500,0
38000,42.512179432280206,2500,0
38100,43.13810634263676,2500,0
38200,42.47037256560116,2500,0
38300,43.14286819073949,2500,0
38400,43.13202553695758,2500,0
38500,43.14241909834038,2500,0
38600,43.14438002892024,2500,0
38700,41.88555121625939,2500,0
38800,43.14876090699805,2500,0
38900,42.53133919736964,2500,0
39000,42.53319383656839,2500,0
39100,42.52109229746107,2500,0
39200,43.143982052239586,2500,0
39300,43.13904217623526,2500,0
39400,43.14125625835176,2500,0
39500,42.50077529217271,2500,0
39600,43.140325521097864,2500,0
39700,43.14131830959823,2500,0
39800,42.51075731524187,2500,0
39900,43.73601258613306,2500,0
40000,42.517560545151824,2500,0
40100,43.136029218119255,2500,0
40200,43.76820867564773,2500,0
40300,43.14002040322232,2500,0
40400,43.14555428913717,2500,0
40500,43.1328857258189,2500,0
40600,43.144319816316084,2500,0
40700,43.776085104653006,2500,0
40800,43.15262262518015,2500,0
40900,43.15466307928343,2500,0
41000,43.16356037147288,2500,0
41100,43.16705117294658,2500,0
41200,42.518942165694334,2500,0
41300,43.11001715004634,2500,0
41400,43.156369584899124,2500,0
41500,42.52657865739156,2500,0
41600,43.14170245825,2500,0
41700,42.48307511066835,2500,0
41800,43.150132339296675,2500,0
41900,43.14614916715784,2500,0
42000,43.14905943880962,2500,0
42100,43.15228651907351,2500,0
42200,43.14874519199938,2500,0
42300,43.75216383017918,2500,0
42400,42.52657189966921,2500,0
42500,43.148717026251354,2500,0
42600,42.52251424370997,2500,0
42700,42.525540880438534,2500,0
42800,42.52450416128861,2500,0
42900,43.110151798306454,2500,0
43000,42.52517981908732,2500,0
43100,42.52255872773938,2500,0
43200,42.527487500861476,2500,0
43300,43.751198626142305,2500,0
43400,43.131774297360636,2500,0
43500,43.12715770235383,2500,0
43600,43.16112138600797,2500,0
43700,42.51716162049783,2500,0
43800,42.523662574654516,2500,0
43900,42.52008582404358,2500,0
44000,41.88745410600374,2500,0
44100,43.77791388449606,2500,0
44200,43.16314925402542,2500,0
44300,43.773547162570246,2500,0
44400,41.86448605079289,2500,0
44500,42.53122939505067,2500,0
44600,42.52588483691839,2500,0
44700,42.53217454745888,2500,0
44800,43.13880319422839,2500,0
44900,42.47750024029821,2500,0
45000,42.522577215800084,2500,0
45100,42.51091561804846,2500,0
45200,42.51935813305129,2500,0
45300,42.51110713468724,2500,0
45400,43.11580240708827,2500,0
45500,43.76895303124337,2500,0
45600,43.164231317677825,2500,0
45700,43.157386985864505,2500,0
45800,42.51808254124389,2500,0
45900,42.51949483684168,2500,0
46000,43.14788881063218,2500,0
46100,42.52685262004169,2500,0
46200,43.15188392220886,2500,0
46300,42.534566281413404,2500,0
46400,41.868381991069235,2500,0
46500,42.53386712091447,2500,0
46600,42.53334593467335,2500,0
46700,41.85891413098134,2500,0
46800,43.151377392720036,2500,0
46900,41.88375400870724,2500,0
47000,42.52755521579758,2500,0
47100,42.51689565853678,2500,0
47200,42.52078392646006,2500,0
47300,42.51859261217639,2500,0
47400,42.51748129212251,2500,0
47500,42.535568821449004,2500,0
47600,42.501168105173136,2500,0
47700,43.13456579663514,2500,0
47800,43.15340278048675,2500,0
47900,42.522300502560135,2500,0
48000,42.53427680102129,2500,0
48100,42.51951714280178,2500,0
48200,43.15818872061494,2500,0
48300,43.143326836511754,2500,0
48400,42.52699361739423,2500,0
48500,42.52499680764161,2500,0
48600,43.116052819925805,2500,0
48700,43.11609872445138,2500,0
48800,42.51834394458387,2500,0
48900,42.52130154887553,2500,0
49000,42.53157329282816,2500,0
49100,43.74425173219809,2500,0
49200,43.12533984257519,2500,0
49300,43.141683858688594,2500,0
49400,42.527532719160014,2500,0
49500,42.52787330876186,2500,0
49600,42.5273175903659,2500,0
49700,42.53124924355608,2500,0
49800,42.5256717356501,2500,0
49900,42.51838647366881,2500,0
50000,42.51928339390823,2500,0
