step,msd_global,n_round,n_elongated
0,0.0,2500,0
100,23.440436640710967,2500,0
200,28.884186220517545,2493,7
300,31.585784362554246,2489,11
400,30.606623464267468,2483,17
500,31.54194021698406,2480,20
600,33.34441532705434,2476,24
700,34.05496535254995,2470,30
800,36.242478587605746,2468,32
900,36.40636085605668,2464,36
1000,39.18630649331901,2456,44
1100,40.115085819359706,2450,50
1200,40.869918330011814,2445,55
1300,45.06553135781577,2440,60
1400,48.676384568846736,2443,57
1500,49.336954572553324,2440,60
1600,47.85086601235131,2437,63
1700,50.58571371807413,2439,61
1800,53.69997971161934,2436,64
1900,58.15169890325225,2430,70
2000,62.030613714978166,2423,77
2100,65.02970045039241,2420,80
2200,74.86566852481349,2419,81
2300,78.7181207533892,2414,86
2400,82.555315372812,2410,90
2500,87.40837736894461,2405,95
2600,91.16028771641085,2400,100
2700,96.42606578051222,2396,104
2800,98.76471103133228,2397,103
2900,103.89742947214839,2391,109
3000,110.23850937714255,2385,115
3100,112.10187211904083,2380,120
3200,115.33718333128348,2371,129
3300,115.5647786774497,2363,137
3400,120.98101422589681,2350,150
3500,125.62875362765782,2339,161
3600,130.57863226246107,2324,176
3700,136.98430181641848,2322,178
3800,144.45617085507163,2322,178
3900,157.18458148158408,2320,180
4000,170.43004064576292,2317,183
4100,186.3500526675388,2313,187
4200,201.15603680457667,2299,201
4300,218.3263069349883,2293,207
4400,229.1726193294603,2285,215
4500,243.35887688082457,2276,224
4600,255.6873115312844,2267,233
4700,265.9251453573282,2260,240
4800,278.55078203529564,2246,254
4900,286.0676801629283,2242,258
5000,277.925738436024,2231,269
5100,287.6388579119257,2222,278
5200,298.62703272023197,2218,282
5300,311.190984632006,2207,293
5400,323.5697687319998,2194,306
5500,336.6205812371749,2182,318
5600,347.2478383790352,2179,321
5700,363.9059283622109,2174,326
5800,376.8555383150546,2166,334
5900,392.329749080786,2176,324
6000,408.2569407034266,2172,328
6100,424.27293507394063,2167,333
6200,446.33329167921096,2162,338
6300,463.5861719751962,2154,346
6400,486.17492931140725,2134,366
6500,518.4647814114177,2129,371
6600,551.3415490343775,2121,379
6700,581.4760388766956,2103,397
6800,606.0233670932872,2092,408
6900,619.4134722547726,2075,425
7000,631.9783091972465,2078,422
7100,644.0269965855574,2063,437
7200,659.1176362126231,2059,441
7300,675.2073399232007,2049,451
7400,686.593579350662,2050,450
7500,703.6998559265108,2039,461
7600,728.7982153559692,2047,453
7700,753.8268248432797,2050,450
7800,777.4573352531928,2046,454
7900,794.9194374727914,2044,456
8000,816.4228482982136,2041,459
8100,844.4437227715364,2032,468
8200,881.8881715525258,2024,476
8300,910.8020111397063,2003,497
8400,954.43875007337,1997,503
8500,988.4887205244574,1981,519
8600,1022.4972406019484,1968,532
8700,1054.3315705421521,1958,542
8800,1093.2949404636056,1953,547
8900,1147.558111912765,1949,551
9000,1188.8633044932128,1935,565
9100,1239.182482749012,1907,593
9200,1290.1267098348596,1891,609
9300,1342.6149368076226,1870,630
9400,1392.8931650862885,1856,644
9500,1419.6793467736102,1846,654
9600,1434.1074338392525,1842,658
9700,1456.340876240635,1863,637
9800,1457.2088485566092,1861,639
9900,1473.129546712897,1846,654
10000,1490.0599227031946,1865,635
10100,1520.54203102856,1874,626
10200,1546.1784707221584,1882,618
10300,1567.4024376118537,1891,609
10400,1609.1471585695715,1907,593
10500,1676.4933412251905,1902,598
10600,1715.6113589033985,1900,600
10700,1748.9487011692013,1919,581
10800,1776.9300553577316,1958,542
10900,1829.0802208406858,1968,532
11000,1865.8846777252122,1987,513
11100,1902.6235117510926,1990,510
11200,1931.7190048912491,1984,516
11300,1977.0350105643429,1968,532
11400,2018.4095159629933,1951,549
11500,2078.9862928132397,1941,559
11600,2143.117935556358,1921,579
11700,2204.734326456176,1892,608
11800,2260.1453172673655,1875,625
11900,2311.5674568421364,1870,630
12000,2388.5878525006974,1861,639
12100,2461.702955236339,1840,660
12200,2540.0967994026287,1829,671
12300,2629.112340030738,1816,684
12400,2720.513497520397,1817,683
12500,2797.106443817408,1805,695
12600,2854.255694682436,1795,705
12700,2904.681328484161,1796,704
12800,2963.869419248297,1798,702
12900,3024.505596517967,1808,692
13000,3084.1964828010664,1812,688
13100,3127.555699416086,1803,697
13200,3186.2847170248288,1807,693
13300,3232.402654361268,1819,681
13400,3251.9312091784686,1840,660
13500,3272.7499042695977,1830,670
13600,3310.6640246270867,1831,669
13700,3323.2606553417922,1836,664
13800,3353.2212760063217,1854,646
13900,3416.7283028005704,1875,625
14000,3457.386313444614,1887,613
14100,3504.075994773148,1891,609
14200,3578.1192621474743,1894,606
14300,3631.34296933218,1887,613
14400,3701.5209161709877,1874,626
14500,3748.1279756858185,1874,626
14600,3803.172571504618,1871,629
14700,3876.161303142151,1849,651
14800,3951.5722133500935,1848,652
14900,4032.6232260372312,1847,653
15000,4095.0309243247866,1841,659
15100,4194.131030989306,1845,655
15200,4266.112399530441,1842,658
15300,4365.53712857489,1846,654
15400,4416.997006309893,1835,665
15500,4472.158753894852,1829,671
15600,4541.979345869152,1823,677
15700,4604.765051803047,1828,672
15800,4670.278201526816,1822,678
15900,4752.528083554364,1820,680
16000,4848.934918253331,1811,689
16100,4947.741010829614,1798,702
16200,5072.750567644372,1785,715
16300,5196.790186446024,1773,727
16400,5312.266996010758,1753,747
16500,5429.326069232162,1733,767
16600,5546.930374010174,1725,775
16700,5684.005721993917,1712,788
16800,5821.961607683323,1697,803
16900,5948.945122698163,1683,817
17000,6054.821072938229,1673,827
17100,6194.452783777482,1668,832
17200,6344.962262390021,1654,846
17300,6452.9636322087945,1647,853
17400,6546.678348938018,1625,875
17500,6692.016729124333,1625,875
17600,6794.379232795295,1609,891
17700,6926.902279600227,1580,920
17800,7029.352469392866,1565,935
17900,7188.542595751837,1547,953
18000,7312.011354942234,1547,953
18100,7495.17093400603,1540,960
18200,7665.717868759218,1522,978
18300,7863.748349066335,1515,985
18400,8045.523355537071,1515,985
18500,8257.855372130907,1517,983
18600,8492.458221272282,1511,989
18700,8674.419227678136,1512,988
18800,8887.588035021641,1510,990
18900,9109.166907601166,1497,1003
19000,9313.601575815732,1472,1028
19100,9529.621884271255,1472,1028
19200,9712.93466909269,1468,1032
19300,9896.256890100358,1464,1036
19400,10074.30098932729,1458,1042
19500,10287.91691781016,1463,1037
19600,10472.565496005938,1455,1045
19700,10647.517661175798,1444,1056
19800,10851.197254441637,1435,1065
19900,11072.453241005507,1420,1080
20000,11285.621480919548,1405,1095
20100,11561.532722303029,1397,1103
20200,11826.876040161671,1370,1130
20300,12084.817470685759,1358,1142
20400,12393.54470708406,1359,1141
20500,12680.34915583905,1342,1158
20600,13018.451747334702,1338,1162
20700,13315.530904909443,1343,1157
20800,13584.45557086841,1360,1140
20900,13891.963144186211,1356,1144
21000,14177.869546298429,1349,1151
21100,14508.909402194511,1347,1153
21200,14816.91448296771,1330,1170
21300,15036.559220885176,1329,1171
21400,15309.545656435215,1310,1190
21500,15588.444137082726,1296,1204
21600,15862.1960624053,1275,1225
21700,16093.603661796373,1273,1227
21800,16386.110672466762,1254,1246
21900,16723.10083585607,1242,1258
22000,17058.283229073226,1218,1282
22100,17382.229012140095,1212,1288
22200,17760.364454063736,1201,1299
22300,18150.243811998927,1179,1321
22400,18541.594090037015,1171,1329
22500,18947.393707665808,1155,1345
22600,19353.000941842638,1142,1358
22700,19753.605740145547,1147,1353
22800,20177.80082262904,1151,1349
22900,20620.711491938902,1134,1366
23000,21033.556986495565,1124,1376
23100,21472.88979727094,1119,1381
23200,21935.37795335837,1108,1392
23300,22364.194056804143,1097,1403
23400,22689.826125951175,1087,1413
23500,23128.81747529719,1081,1419
23600,23452.872823241018,1069,1431
23700,23859.209815284652,1051,1449
23800,24251.56171344439,1022,1478
23900,24720.155950453223,1003,1497
24000,25169.095997502736,993,1507
24100,25621.5336180361,985,1515
24200,26147.191241742556,967,1533
24300,26693.280969018193,944,1556
24400,27240.421173812152,934,1566
24500,27814.62653106327,939,1561
24600,28406.289968543457,932,1568
24700,28978.05188518839,928,1572
24800,29549.64467162778,921,1579
24900,30115.89832528861,917,1583
25000,30669.13830690479,910,1590
25100,31255.542313186055,891,1609
25200,31788.187051303823,897,1603
25300,32333.77885459901,887,1613
25400,32902.799563330285,877,1623
25500,33391.480919794405,872,1628
25600,33870.20268883434,864,1636
25700,34375.671930095115,837,1663
25800,34980.713960485715,830,1670
25900,35624.54774864988,834,1666
26000,36212.73243842505,831,1669
26100,36804.93224699449,822,1678
26200,37468.299036364915,816,1684
26300,38175.942682410096,802,1698
26400,38880.19036836159,784,1716
26500,39597.95557657435,780,1720
26600,40277.05198115656,766,1734
26700,40999.78168234595,758,1742
26800,41759.517062441155,739,1761
26900,42509.35418765017,719,1781
27000,43256.49042755122,709,1791
27100,44005.21572469029,695,1805
27200,44751.28997272024,693,1807
27300,45489.17666912771,684,1816
27400,46118.33557526974,674,1826
27500,46827.12754858791,671,1829
27600,47468.97476470896,661,1839
27700,48193.9080070955,651,1849
27800,48874.24786918603,640,1860
27900,49632.31328251523,638,1862
28000,50421.55981598106,633,1867
28100,51174.629373576696,631,1869
28200,52037.68510743041,620,1880
28300,52868.937320349985,607,1893
28400,53711.06849812115,586,1914
28500,54587.965670756814,573,1927
28600,55541.480163465276,565,1935
28700,56516.2156637254,547,1953
28800,57502.65234166014,536,1964
28900,58503.02961919072,530,1970
29000,59426.17663550875,511,1989
29100,60369.51198991935,501,1999
29200,61274.08895734868,498,2002
29300,62165.242780110755,489,2011
29400,63078.81108280042,476,2024
29500,63981.86415690133,454,2046
29600,64843.68736727147,442,2058
29700,65782.61311786315,427,2073
29800,66723.5412876661,408,2092
29900,67725.03420560296,389,2111
30000,68686.69465848716,371,2129
30100,69697.88930801737,357,2143
30200,70797.72332035964,347,2153
30300,71887.86509181173,331,2169
30400,72953.15620460839,321,2179
30500,74072.4539147342,314,2186
30600,75240.46236693651,292,2208
30700,76397.45133794661,282,2218
30800,77630.4151416652,276,2224
30900,78866.17190785927,274,2226
31000,80048.32818439565,274,2226
31100,81148.51798085615,270,2230
31200,82297.479258843,266,2234
31300,83378.21680728321,246,2254
31400,84512.13402383828,238,2262
31500,85685.76010948476,236,2264
31600,86808.1691731359,233,2267
31700,88004.0427990431,234,2266
31800,89234.15473880814,225,2275
31900,90425.44467545199,219,2281
32000,91666.62518960264,215,2285
32100,93002.18101330138,215,2285
32200,94313.35533652807,214,2286
32300,95600.09170804627,211,2289
32400,96973.456886415,201,2299
32500,98415.44346103456,193,2307
32600,99750.31415991482,185,2315
32700,101244.81693109381,177,2323
32800,102752.21690838621,170,2330
32900,104244.2017090141,165,2335
33000,105634.68430904529,157,2343
33100,107034.13354834559,148,2352
33200,108406.98816509533,134,2366
33300,109707.42853130572,119,2381
33400,111085.54765814843,101,2399
33500,112424.44345838079,76,2424
33600,113813.71079721951,60,2440
33700,115207.53489275993,50,2450
33800,116740.62818980262,43,2457
33900,118332.02222835689,38,2462
34000,119826.30175099688,34,2466
34100,121410.57041409847,22,2478
34200,123033.1243578552,12,2488
34300,124666.0344802812,9,2491
34400,126225.94511465488,6,2494
34500,127977.45624053001,3,2497
34600,129722.17065181547,10,2490
34700,131412.13413781777,9,2491
34800,133248.97897962984,8,2492
34900,135023.40659308305,6,2494
35000,136759.16500038066,6,2494
35100,138371.82031343976,8,2492
35200,139998.78230138076,8,2492
35300,141484.70400976943,9,2491
35400,143175.20406762365,5,2495
35500,144854.75312397175,3,2497
35600,146514.72255583352,2,2498
35700,148254.41269716507,2,2498
35800,150118.02828789726,2,2498
35900,152032.99706395308,3,2497
36000,153884.18987894894,2,2498
36100,155804.71550431196,2,2498
36200,157689.6342923896,3,2497
36300,159589.93478452493,2,2498
36400,161606.79899051622,2,2498
36500,163582.13515475267,2,2498
36600,165610.46099627434,4,2496
36700,167645.72463964042,2,2498
36800,169740.84296512188,2,2498
36900,171697.27144024943,2,2498
37000,173650.35154980104,4,2496
37100,175627.4627140074,2,2498
37200,177544.30331799155,2,2498
37300,179500.53294345213,2,2498
37400,181478.23602688912,2,2498
37500,183304.94105434328,2,2498
37600,185400.2966621194,2,2498
37700,187318.11404566746,2,2498
37800,189524.1321256027,2,2498
37900,191766.88209023746,2,2498
38000,193888.78820472342,2,2498
38100,196107.00794417696,2,2498
38200,198224.1922928977,3,2497
38300,200553.37280985864,2,2498
38400,202875.9643569869,2,2498
38500,205195.6241669251,2,2498
38600,207492.9263960784,2,2498
38700,209721.28225098597,2,2498
38800,211927.63611659888,3,2497
38900,214165.4881420341,3,2497
39000,216289.84455102487,3,2497
39100,218399.79574860548,2,2498
39200,220558.07883433576,2,2498
39300,222772.16557668676,2,2498
39400,224903.96273610505,2,2498
39500,227084.47274460897,2,2498
39600,229361.87230483541,2,2498
39700,231775.62038131437,2,2498
39800,234140.83094676194,2,2498
39900,236501.03235540495,2,2498
40000,238985.1330074121,2,2498
40100,241570.88302208963,2,2498
40200,243933.9776259241,2,2498
40300,246459.12729741668,2,2498
40400,249165.66808070365,2,2498
40500,251718.8962267271,2,2498
40600,254298.65640594732,2,2498
40700,256845.91553713547,2,2498
40800,259387.09288531318,2,2498
40900,261832.10672375865,2,2498
41000,264280.811522926,2,2498
41100,266688.92343130696,2,2498
41200,269312.8991482684,2,2498
41300,271778.0039688559,2,2498
41400,274199.5086245136,2,2498
41500,276888.4428486625,2,2498
41600,279477.2049446052,2,2498
41700,282148.58880227234,2,2498
41800,284846.3118310373,2,2498
41900,287665.2732868304,2,2498
42000,290466.57813156926,2,2498
42100,293252.207998268,2,2498
42200,296013.64578263205,2,2498
42300,298981.5202785129,2,2498
42400,301780.7517739274,2,2498
42500,304712.2187104989,2,2498
42600,307568.63871296536,2,2498
42700,310401.3165508956,2,2498
42800,313218.3159955917,2,2498
42900,315997.2144972388,2,2498
43000,318715.31790430634,2,2498
43100,321441.0888069097,2,2498
43200,324357.99817013665,2,2498
43300,327036.40505686426,2,2498
43400,329785.32254926657,2,2498
43500,332825.58650934964,2,2498
43600,335868.0222064003,2,2498
43700,338832.3846004172,2,2498
43800,341840.28053422854,2,2498
43900,345006.08881401137,2,2498
44000,348095.410989963,2,2498
44100,351132.16155899555,2,2498
44200,354331.8645982917,2,2498
44300,357451.6462349726,2,2498
44400,360630.323275742,2,2498
44500,363783.9927146938,2,2498
44600,366945.63078115985,2,2498
44700,370013.90850123356,2,2498
44800,373139.9319869643,2,2498
44900,376113.9236903133,2,2498
45000,379157.6589592424,2,2498
45100,382292.5611119898,2,2498
45200,385379.29782234796,2,2498
45300,388495.4737937376,2,2498
45400,391735.4495876541,2,2498
45500,394962.7728485524,2,2498
45600,398215.5268398981,2,2498
45700,401526.1495760723,2,2498
45800,404819.7180563654,2,2498
45900,408207.9545450494,2,2498
46000,411725.13335360115,2,2498
46100,415036.76040867576,2,2498
46200,418677.6488327749,2,2498
46300,422089.5116524905,2,2498
46400,425425.66647496476,3,2497
46500,428976.6134732408,4,2496
46600,432319.9816083,2,2498
46700,435673.95024262543,2,2498
46800,439109.17122234975,2,2498
46900,442444.7778783949,2,2498
47000,445834.5071074924,2,2498
47100,449240.2594500776,2,2498
47200,452424.27552222996,2,2498
47300,456123.1528149187,2,2498
47400,459595.85462920973,2,2498
47500,462983.0345039587,2,2498
47600,466677.32255303307,2,2498
47700,470271.7666081522,2,2498
47800,474191.473537859,2,2498
47900,477796.4888360754,2,2498
48000,481559.24590496614,2,2498
48100,485255.17996391066,2,2498
48200,489110.07336617756,2,2498
48300,492854.7484321358,2,2498
48400,496488.38833001396,2,2498
48500,500297.19955943536,2,2498
48600,503978.8263820822,2,2498
48700,507652.7941977297,2,2498
48800,511295.73684760416,2,2498
48900,515023.90739363077,2,2498
49000,518851.74747621716,2,2498
49100,522668.64183172997,2,2498
49200,526277.8061705926,2,2498
49300,530046.9938511007,2,2498
49400,533972.6002608554,2,2498
49500,537863.6140774639,2,2498
49600,541844.9194369877,2,2498
49700,545888.1558177231,2,2498
49800,549871.8630400631,2,2498
49900,553976.8399026081,2,2498
50000,558079.301138891,2,2498
