step,mean_aspect_ratio,fraction_elongated,fraction_round,fraction_binary
100,1.0,0.0,1.0,0.0
200,1.0615548437499998,0.0032828125,0.8274031250000002,0.16931406249999997
300,1.0558006249999998,0.0052718750000000005,0.8446765624999998,0.15005156249999996
400,1.0545803125,0.006573437500000003,0.8479671874999999,0.145459375
500,1.0553056250000001,0.007667187500000001,0.8497234375000002,0.14260937500000004
600,1.0568418749999997,0.008740624999999995,0.8499031249999999,0.14135625000000002
700,1.0591714062500002,0.010140624999999999,0.8505125000000003,0.13934687499999998
800,1.06187671875,0.011653125000000002,0.8513656250000002,0.13698125000000003
900,1.0652924999999998,0.013489062500000001,0.851578125,0.1349328125
1000,1.0688071874999996,0.015321875,0.8518203124999998,0.1328578125
1100,1.07264296875,0.017210937500000002,0.8512312499999998,0.1315578125
1200,1.0767351562500005,0.01925625,0.8502703124999996,0.13047343750000004
1300,1.08075328125,0.0212171875,0.850190625,0.1285921875
1400,1.0850096875,0.02326093749999999,0.8502609375000004,0.126478125
1500,1.09020875,0.025704687500000007,0.8495031249999999,0.12479218750000004
1600,1.0954214062499998,0.028154687499999994,0.8478968749999998,0.12394843750000004
1700,1.1004962500000002,0.030748437500000003,0.84655625,0.12269531249999999
1800,1.1061292187499998,0.033326562500000004,0.8451718750000003,0.12150156250000003
1900,1.1119285937499996,0.03627500000000001,0.84403125,0.11969375
2000,1.1179895312500001,0.0389984375,0.8414359374999999,0.11956562499999998
2100,1.1247314062499996,0.04223281250000001,0.8387578124999999,0.11900937499999996
2200,1.1314571875,0.0452921875,0.8354999999999998,0.11920781250000002
2300,1.1389003124999997,0.048501562500000005,0.8318718749999999,0.11962656249999998
2400,1.1457882812500002,0.05144687499999999,0.829028125,0.11952500000000002
2500,1.15231328125,0.05486093750000002,0.8270296875,0.11810937499999996
2600,1.16055390625,0.05845000000000001,0.8228640624999995,0.11868593750000006
2700,1.16765921875,0.06175468749999999,0.8208609375,0.11738437499999997
2800,1.17515734375,0.065278125,0.8179671874999997,0.11675468749999997
2900,1.1827668749999998,0.0688328125,0.8141515624999999,0.11701562499999997
3000,1.1907106250000001,0.0724375,0.8108312500000001,0.11673125
3100,1.19854453125,0.07611250000000001,0.8073140624999999,0.11657343750000003
3200,1.2062190625000004,0.07983437499999999,0.803728125,0.11643750000000001
3300,1.2140039062500005,0.08350156249999996,0.8000499999999998,0.11644843750000003
3400,1.221516875,0.08715781250000001,0.7978921874999998,0.11495
3500,1.2295181250000007,0.09085312499999999,0.7932328125000002,0.11591406250000004
3600,1.238229375,0.0948140625,0.7878000000000001,0.11738593749999998
3700,1.2472126562499999,0.09899531249999997,0.7827390624999998,0.118265625
3800,1.2559507812500001,0.10266562500000002,0.7776250000000001,0.11970937500000002
3900,1.2645457812500003,0.106434375,0.7731687499999998,0.12039687500000004
4000,1.2720296875000001,0.10987656250000002,0.7696515625,0.120471875
4100,1.2802785937499996,0.11355937499999999,0.7647625,0.12167812499999997
4200,1.2878065625000001,0.11732656249999998,0.7608031249999999,0.1218703125
4300,1.2956581249999992,0.12064218750000004,0.7566343750000001,0.12272343749999999
4400,1.3028639062499996,0.1241125,0.7526718749999997,0.12321562499999995
4500,1.31056890625,0.1272671875,0.7469796874999999,0.12575312500000002
4600,1.31761046875,0.130734375,0.7436249999999999,0.12564062499999995
4700,1.3245748437499998,0.13355468749999996,0.7392359375000003,0.127209375
4800,1.3304743750000003,0.13657500000000006,0.7369812499999997,0.12644375000000005
4900,1.33739421875,0.14014062499999996,0.73325,0.126609375
5000,1.3445492187499997,0.14377500000000004,0.7293546875,0.1268703125
5100,1.3510081249999997,0.1467796875,0.7258203125,0.12740000000000004
5200,1.3569904687499996,0.149446875,0.7226234375,0.1279296875
5300,1.3629585937500004,0.15189999999999995,0.717859375,0.13024062499999997
5400,1.3683531250000005,0.15448124999999996,0.7151562500000002,0.13036250000000002
5500,1.3738571874999999,0.15720781250000002,0.712528125,0.13026406250000006
5600,1.3797807812499994,0.15979374999999998,0.7100390625,0.1301671875
5700,1.38493015625,0.16246093750000004,0.7074031250000001,0.13013593749999997
5800,1.3898603125000004,0.16523906249999998,0.7048953124999999,0.129865625
5900,1.3957967187500002,0.16830468750000002,0.7019124999999998,0.1297828125
6000,1.4006674999999997,0.17071250000000004,0.6990171875,0.13027031249999999
6100,1.4053224999999994,0.1732875,0.6961187499999999,0.13059374999999998
6200,1.4096029687499998,0.17576406250000007,0.6944671874999999,0.12976875000000002
6300,1.4127382812500004,0.1774390625,0.6934734374999999,0.12908750000000002
6400,1.41596546875,0.17915312499999994,0.6918453125,0.1290015625
6500,1.4195665625000005,0.180984375,0.6900156249999998,0.12900000000000003
6600,1.4235540625000005,0.18293281249999996,0.6887046874999999,0.12836250000000002
6700,1.42781578125,0.1850828125,0.6865609375000004,0.12835624999999998
6800,1.43229265625,0.18716406249999995,0.6836359375,0.12919999999999998
6900,1.4364549999999998,0.18941718750000003,0.6813031249999999,0.12927968750000002
7000,1.4400807812499996,0.19109531250000006,0.6791031249999998,0.12980156249999997
7100,1.4443192187500002,0.19326875000000002,0.6764406250000001,0.130290625
7200,1.4485243749999999,0.19530312500000005,0.6743562500000001,0.130340625
7300,1.4524535937500003,0.19739062499999996,0.6720546875000001,0.13055468750000002
7400,1.4556510937499996,0.19845312500000004,0.6702718749999999,0.13127500000000003
7500,1.4590015624999997,0.1999968749999999,0.6683265625,0.13167656249999998
7600,1.4650757812500002,0.2024625000000001,0.6643859375000002,0.13315156250000004
7700,1.4716590625000006,0.2053796875,0.6590203124999998,0.1356
7800,1.4751473437499998,0.2069296875,0.6567859374999999,0.136284375
7900,1.4779068749999997,0.208246875,0.6557421874999997,0.13601093750000004
8000,1.4811093749999997,0.21003125,0.6540187499999998,0.13595
8100,1.4846364062500006,0.21153125000000014,0.651990625,0.13647812500000006
8200,1.48672828125,0.2131609375,0.6512703124999999,0.13556875
8300,1.4894509375,0.21447812500000007,0.6494343750000001,0.1360875
8400,1.4934745312499995,0.21654374999999995,0.6472687500000001,0.13618750000000002
8500,1.49656,0.21798125,0.64563125,0.13638749999999997
8600,1.4990931249999995,0.2195234375,0.6446124999999998,0.1358640625
8700,1.5020453124999995,0.2208953125,0.6432234374999999,0.13588125
8800,1.5044139062500002,0.22208437499999995,0.6415374999999999,0.136378125
8900,1.5059845312500002,0.22280468749999996,0.6413703125000001,0.13582499999999997
9000,1.50818890625,0.22406875,0.6402015624999999,0.1357296875
9100,1.5100571875000002,0.22495468750000008,0.6395015625000001,0.13554374999999996
9200,1.51260984375,0.22636875000000004,0.6380046875,0.13562656250000005
9300,1.5154424999999998,0.22799374999999997,0.6358234375,0.13618281250000003
9400,1.518425,0.2291749999999999,0.6341359375,0.13668906250000004
9500,1.5213320312500003,0.23038750000000013,0.6324125000000002,0.13720000000000002
9600,1.5230270312500003,0.23140625,0.6311765625000001,0.13741718749999998
9700,1.52435546875,0.23172656250000007,0.6298906249999999,0.13838281249999995
9800,1.5263453125000006,0.23286406249999997,0.6290859375000002,0.13805
9900,1.5286262499999999,0.2339109375,0.6281859375000001,0.13790312500000004
10000,1.53108140625,0.23538281249999995,0.6270921874999997,0.137525
10100,1.53486984375,0.237659375,0.6255062500000002,0.13683437500000004
10200,1.5385382812500004,0.23928437500000002,0.62358125,0.137134375
10300,1.54239734375,0.24115,0.6212828125000001,0.1375671875
10400,1.54544765625,0.2427296875,0.6203609375,0.13690937499999994
10500,1.54794296875,0.2439234375000001,0.6182718750000001,0.13780468750000002
10600,1.550087343750001,0.24467812500000005,0.6168515625000001,0.1384703125
10700,1.5524282812499999,0.24569531249999993,0.6154171875,0.13888750000000002
10800,1.554691875,0.2466234375,0.6133453124999998,0.14003124999999997
10900,1.5571420312500004,0.24757500000000002,0.6118609375,0.14056406249999995
11000,1.5588181250000008,0.24840937500000002,0.6112171874999998,0.14037343750000003
11100,1.5612232812499995,0.24970781250000007,0.6098203125000001,0.14047187500000002
11200,1.5637584375,0.25094062500000003,0.6082375,0.14082187500000004
11300,1.5660826562500003,0.2520234375,0.6064640625000001,0.14151249999999999
11400,1.5681917187499999,0.25283593750000005,0.6052953125,0.14186875000000002
11500,1.5698671874999999,0.2533140625,0.6040328125,0.14265312500000002
11600,1.5738398437500005,0.25479375000000004,0.6013765624999999,0.14382968749999997
11700,1.5757559375,0.25602031250000007,0.6006359375,0.14334375000000008
11800,1.5774203125000001,0.2568765625,0.5999250000000002,0.1431984375
11900,1.5788904687499998,0.2579734375,0.5995390624999999,0.14248750000000002
12000,1.57943515625,0.25840625,0.6000265624999999,0.14156718750000005
12100,1.5808810937499997,0.2590515624999999,0.598528125,0.1424203125
12200,1.5815790625000001,0.2592515625,0.5978453125000001,0.14290312499999996
12300,1.5813328125000001,0.2589359375,0.5983343750000001,0.14272968749999998
12400,1.5828320312500004,0.25983593750000006,0.5975750000000001,0.14258906249999995
12500,1.5833210937500004,0.26020312500000004,0.5975703125,0.1422265625
12600,1.5841821875,0.2605546874999999,0.5969046874999998,0.14254062499999998
12700,1.5849339062499999,0.26075625,0.5962406249999999,0.143003125
12800,1.5857260937500002,0.26105468750000005,0.5951406249999996,0.14380468749999997
12900,1.586385625,0.26122343749999993,0.5950718749999998,0.1437046875
13000,1.5868265625000006,0.26141875000000003,0.594425,0.14415625
13100,1.5872787499999996,0.2617000000000001,0.5939453125000002,0.14435468750000008
13200,1.5876267187500004,0.26185468750000007,0.5939609375000001,0.14418437499999998
13300,1.58847203125,0.26281562500000005,0.5935671875000001,0.14361718750000002
13400,1.5892428125,0.2634796875,0.5927656249999999,0.14375468749999995
13500,1.5906318749999997,0.26430937499999996,0.5925562500000002,0.14313437499999998
13600,1.5929496874999995,0.265196875,0.59054375,0.14425937499999997
13700,1.5945678125,0.2658421874999999,0.5900062500000001,0.1441515625
13800,1.5969295312500005,0.2671796875,0.5890578124999999,0.1437625
13900,1.5997095312500003,0.2687859374999999,0.587775,0.14343906250000002
14000,1.6022246874999995,0.2704531249999999,0.5869109375,0.14263593749999995
14100,1.6038778125000002,0.2716968749999999,0.5865874999999998,0.14171562499999998
14200,1.6066159375000002,0.27325,0.5852437500000002,0.14150625000000003
14300,1.60822046875,0.27435312500000003,0.5845203124999999,0.1411265625
14400,1.6103359375000001,0.27588749999999995,0.5838953125,0.1402171875
14500,1.6127220312499995,0.27736406250000006,0.5821906250000002,0.14044531250000006
14600,1.6153998437500001,0.2785781250000001,0.5806265625000001,0.14079531249999996
14700,1.6178887500000003,0.27986875000000005,0.5793687500000001,0.14076250000000004
14800,1.6206856250000001,0.28136093749999985,0.57809375,0.1405453125
14900,1.623525,0.2832296875,0.5769874999999999,0.13978281250000002
15000,1.6261117187500005,0.28486562499999996,0.5757890625000001,0.13934531250000004
15100,1.6274898437499998,0.28545156250000014,0.5745515624999998,0.13999687500000002
15200,1.62728859375,0.28535781250000003,0.5750281250000002,0.13961406250000005
15300,1.6283007812500003,0.2856578124999999,0.574,0.14034218749999997
15400,1.6289781249999997,0.28603125000000007,0.5745421874999999,0.1394265625
15500,1.6295321875000004,0.286325,0.5741624999999999,0.1395125
15600,1.62993296875,0.28699531249999993,0.5747796875,0.13822499999999996
15700,1.6302312500000005,0.287153125,0.5746765625000001,0.13817031249999995
15800,1.6297539062500004,0.2868453125000001,0.574690625,0.13846406249999998
15900,1.6299395312499998,0.28710781250000006,0.5746218750000001,0.13827031250000002
16000,1.6295415625000005,0.286240625,0.5747328125000001,0.1390265625
16100,1.6297571875000005,0.2855687499999999,0.574096875,0.14033437500000004
16200,1.6317751562500002,0.2863328124999999,0.5730124999999999,0.14065468750000001
16300,1.6332929687499995,0.2875109375,0.5723718750000001,0.14011718750000002
16400,1.6346159375000007,0.2883078125,0.5716437499999998,0.1400484375
16500,1.6353918749999998,0.2884281249999999,0.5707203124999999,0.14085156249999992
16600,1.636166875,0.28903124999999996,0.5709656249999999,0.14000312499999995
16700,1.6359620312500005,0.2890953125,0.5710265625000001,0.13987812499999994
16800,1.63609125,0.289709375,0.5711265625,0.13916406249999996
16900,1.6356707812500002,0.28944062499999984,0.5713046874999999,0.13925468749999995
17000,1.6352699999999998,0.2891812499999999,0.5717671875,0.13905156249999998
17100,1.6358403125000003,0.2894265625,0.57146875,0.13910468750000005
17200,1.6371054687500002,0.28976875,0.5703375000000002,0.13989375000000004
17300,1.6380203125000004,0.2901875000000001,0.5699203124999999,0.1398921875
17400,1.6383074999999998,0.289921875,0.5689859374999999,0.1410921875
17500,1.6399417187499994,0.2906015624999999,0.5678171874999999,0.14158125
17600,1.6408601562500003,0.2912624999999999,0.567309375,0.14142812500000002
17700,1.6423575,0.29172343749999996,0.56600625,0.14227031250000005
17800,1.6433982812499999,0.29227812499999994,0.56550625,0.142215625
17900,1.64410453125,0.2929109375000001,0.5653874999999999,0.14170156250000002
18000,1.6455751562499996,0.29309687500000003,0.5640499999999998,0.14285312500000005
18100,1.6472534374999999,0.29418125,0.563834375,0.14198437499999994
18200,1.6478345312500002,0.29525,0.5638890624999999,0.14086093750000006
18300,1.6500773437500003,0.29614218750000004,0.5621687499999999,0.14168906249999996
18400,1.6525298437500002,0.2974953125,0.5606703125000002,0.14183437499999998
18500,1.6546087500000002,0.29841875,0.5596968749999999,0.14188437499999998
18600,1.6554918749999996,0.2987203125,0.5587953125000001,0.14248437499999997
18700,1.6563851562500005,0.29920937499999994,0.5585968750000001,0.14219374999999998
18800,1.6575457812499999,0.299740625,0.5583875000000001,0.14187187499999998
18900,1.6590243750000004,0.30021874999999987,0.5572187500000001,0.1425625
19000,1.6599273437500002,0.30023593750000005,0.5565999999999999,0.14316406250000002
19100,1.66112546875,0.30101406250000007,0.5563031250000002,0.1426828125
19200,1.66217109375,0.30181250000000004,0.5555359375000001,0.1426515625
19300,1.6630985937500005,0.3020984374999999,0.5546484374999999,0.14325312499999998
19400,1.6647912499999995,0.30274531249999986,0.5535281249999999,0.14372656250000004
19500,1.6649343749999999,0.30262500000000003,0.5530296875,0.14434531250000004
19600,1.6653729687500003,0.3029515625,0.5531859374999998,0.1438625
19700,1.6659882812499995,0.3036624999999999,0.5525890625000001,0.14374843750000005
19800,1.6673067187500001,0.3038374999999999,0.5514171874999998,0.14474531249999997
19900,1.6674953124999994,0.3037625,0.5514968750000001,0.14474062499999998
20000,1.6701237500000001,0.3048796875,0.5492171874999998,0.14590312500000005
20100,1.6727484375000001,0.3062968750000001,0.5474968750000001,0.14620625000000004
20200,1.6750393749999997,0.30744218750000013,0.5466125000000001,0.14594531250000004
20300,1.6756668750000001,0.30835156249999995,0.5470046874999999,0.14464375000000002
20400,1.67538640625,0.3084062500000001,0.54710625,0.14448750000000002
20500,1.6761593750000001,0.3084781250000001,0.5467953125,0.14472656249999996
20600,1.6759399999999995,0.308628125,0.5471390624999999,0.14423281249999995
20700,1.67634109375,0.3086546875000001,0.5468609374999999,0.14448437500000005
20800,1.6769453124999996,0.3088703125000001,0.5465140625,0.144615625
20900,1.6766479687499998,0.30897656250000016,0.5477328124999999,0.143290625
21000,1.6764357812499995,0.30909218749999995,0.5484437500000002,0.14246406250000004
21100,1.6761432812499995,0.3091625,0.548259375,0.14257812499999997
21200,1.676806875,0.3093265625000002,0.5481578125000002,0.14251562499999998
21300,1.67669125,0.3096187499999999,0.5486718749999999,0.14170937499999997
21400,1.6768831250000003,0.30984375000000003,0.5480624999999999,0.14209375
21500,1.6762284374999998,0.30948281250000004,0.5486578124999999,0.14185937499999995
21600,1.6755981249999998,0.30888437500000004,0.5490343750000001,0.14208125000000002
21700,1.67425203125,0.3083953125000001,0.5498015624999999,0.14180312500000003
21800,1.6740562499999994,0.30823593750000006,0.5503359375,0.14142812500000002
21900,1.6751945312499992,0.30882656249999996,0.5492046875,0.14196874999999992
22000,1.6759459374999996,0.3089906249999999,0.5489015625,0.1421078125
22100,1.6765421875,0.30929375,0.5481421875000001,0.14256406250000006
22200,1.6766162500000004,0.3091812500000001,0.5473140625,0.14350468749999998
22300,1.6765485937499998,0.3091125,0.5470812500000001,0.14380625
22400,1.6769403124999995,0.3090609375,0.5472031249999999,0.14373593750000002
22500,1.6771503125,0.30914687499999993,0.5472906249999999,0.14356250000000004
22600,1.6778121874999998,0.3093046875,0.547009375,0.14368593749999994
22700,1.67788765625,0.3096343750000001,0.5470953125000002,0.14327031249999997
22800,1.6782809374999998,0.31005624999999987,0.5467859374999999,0.14315781249999998
22900,1.6792196874999996,0.31054687500000006,0.5459703124999999,0.14348281250000003
23000,1.67992046875,0.31075625,0.5448015625000001,0.1444421875
23100,1.6801585937499999,0.3108906249999999,0.5447765625000001,0.14433281249999996
23200,1.6812971875000002,0.311384375,0.544828125,0.1437875
23300,1.682625,0.311840625,0.5433749999999997,0.144784375
23400,1.68344375,0.31209375,0.5435906249999999,0.144315625
23500,1.6835160937499998,0.31242031249999996,0.543871875,0.1437078125
23600,1.68432921875,0.312625,0.5430640625,0.1443109375
23700,1.6854460937499995,0.31304687499999995,0.5430312499999999,0.14392187500000003
23800,1.6860135937499996,0.3132906249999999,0.5419078125000002,0.14480156250000004
23900,1.6874675000000003,0.31395312499999994,0.5409515625,0.14509531250000002
24000,1.6888060937500002,0.3141359375,0.5398765625,0.14598750000000005
24100,1.6899075000000006,0.31428906250000005,0.53928125,0.14642968750000002
24200,1.6905428125000002,0.31473593749999995,0.5386656249999999,0.14659843750000004
24300,1.69178875,0.31553593749999986,0.5378828125000001,0.14658124999999997
24400,1.6931124999999998,0.3156265625,0.5367124999999998,0.14766093749999998
24500,1.693745625,0.31638281249999994,0.5366921874999999,0.14692500000000006
24600,1.69391765625,0.3164171875000001,0.5367328124999999,0.14685
24700,1.6932268749999995,0.315790625,0.5373328124999999,0.14687656250000003
24800,1.6925829687499998,0.31576406250000005,0.5375859374999999,0.14665000000000003
24900,1.6922142187499998,0.31547343749999995,0.5379671875,0.14655937500000005
25000,1.6929273437499994,0.31550156249999994,0.5371515624999997,0.147346875
25100,1.6932254687499997,0.31599218750000013,0.5375749999999998,0.1464328125
25200,1.6930207812500002,0.31553906250000013,0.5375562499999998,0.14690468750000008
25300,1.6929085937499997,0.314971875,0.5373421875,0.1476859375
25400,1.69257953125,0.314778125,0.5378062499999999,0.147415625
25500,1.6918465624999999,0.31397968750000005,0.5377187499999999,0.14830156250000007
25600,1.6903724999999998,0.31309843749999994,0.53791875,0.1489828125
25700,1.6893162499999999,0.31269531249999993,0.538896875,0.14840781249999999
25800,1.6893431250000004,0.31289843749999996,0.5389828125,0.14811875000000002
25900,1.6887398437500003,0.3127437499999999,0.5398296875000003,0.1474265625
26000,1.6885507812499994,0.3123984374999999,0.539975,0.14762656249999997
26100,1.6880585937500006,0.31272812499999986,0.540415625,0.14685625000000002
26200,1.6888071875000001,0.31284843749999997,0.5393140625000001,0.1478375
26300,1.6888151562499998,0.31260781249999997,0.5390328125,0.14835937500000002
26400,1.6897860937500002,0.312946875,0.538071875,0.14898124999999998
26500,1.6899757812499998,0.3136031250000001,0.5383265624999999,0.14807031249999997
26600,1.6908807812499997,0.31393437499999993,0.5375796874999997,0.14848593750000005
26700,1.6919159375000001,0.31453437500000003,0.5375328125,0.1479328125
26800,1.6918118750000004,0.3149953125,0.5379078125000001,0.14709687500000002
26900,1.69269703125,0.315434375,0.5378062500000002,0.146759375
27000,1.6941010937499994,0.31630624999999996,0.5368468750000001,0.14684687500000002
27100,1.6945604687499998,0.3163890625000001,0.5364281249999999,0.1471828125
27200,1.6951871874999995,0.3162781250000001,0.5354640625,0.14825781249999997
27300,1.6951825000000003,0.316109375,0.5360968749999999,0.14779374999999997
27400,1.6955675000000001,0.31644374999999997,0.5354109375000001,0.1481453125
27500,1.6961618749999998,0.3163468750000001,0.5352875000000001,0.14836562499999995
27600,1.6966515624999998,0.3162468750000001,0.5346781249999999,0.14907499999999996
27700,1.6952314062499998,0.31598437499999993,0.535990625,0.148025
27800,1.6940848437500002,0.3151515624999999,0.5367015624999999,0.148146875
27900,1.6933940625000001,0.3149546875,0.5372281250000001,0.14781718749999997
28000,1.6931437499999997,0.3150234375,0.5368390625000001,0.1481375
28100,1.69249796875,0.314653125,0.5379140625000001,0.14743281250000004
28200,1.6927385937499992,0.31436093749999994,0.53765625,0.14798281250000003
28300,1.6936390624999997,0.3151281250000001,0.537259375,0.1476125
28400,1.6937198437500003,0.31526875,0.5373343749999999,0.14739687499999998
28500,1.69369015625,0.3151890625,0.5370718749999999,0.1477390625
28600,1.6939203125000002,0.31568906249999995,0.5370156250000001,0.14729531250000005
28700,1.6952590624999995,0.31636406250000004,0.53569375,0.14794218750000004
28800,1.6968104687500003,0.31698750000000003,0.5345375,0.14847499999999994
28900,1.6986140625000004,0.31779375,0.5331562499999999,0.14905
29000,1.6997743749999994,0.31857187499999995,0.5324718749999999,0.14895625
29100,1.7013818749999996,0.31945312499999995,0.5317859375,0.1487609375
29200,1.7019596875,0.32007187500000006,0.5318390624999999,0.1480890625
29300,1.70255359375,0.3201234375,0.5313453124999999,0.14853124999999998
29400,1.7030712500000003,0.3203890625,0.5306906249999999,0.14892031249999998
29500,1.70315125,0.3205656249999999,0.530990625,0.14844375
29600,1.7033909375000007,0.320821875,0.5306125000000002,0.14856562499999998
29700,1.7034973437500003,0.3209671875000001,0.5301765625,0.14885625
29800,1.70410765625,0.32109374999999984,0.5293312499999998,0.14957499999999999
29900,1.7067764062500002,0.3222468750000001,0.5277625,0.14999062500000004
30000,1.7086590625000004,0.3234765625000001,0.5267406250000002,0.14978281249999997
30100,1.7091642187500002,0.3235140625,0.5272984374999999,0.14918750000000003
30200,1.70933203125,0.32383124999999985,0.5271546875000002,0.14901406250000007
30300,1.7099300000000002,0.32426406249999995,0.527475,0.1482609375
30400,1.7102567187500002,0.3242921874999999,0.5273343749999997,0.14837343749999996
30500,1.7100432812499995,0.32416406249999996,0.5283984374999999,0.1474375
30600,1.7099206250000003,0.3240640625000001,0.5281828124999998,0.14775312500000004
30700,1.7087878125000002,0.3235796875,0.5287703124999998,0.14765000000000003
30800,1.7079021874999998,0.32294062499999987,0.5290765625000001,0.14798281250000006
30900,1.70596390625,0.32217031249999994,0.5301078124999999,0.14772187500000006
31000,1.7044909375000004,0.32119375,0.53158125,0.14722500000000002
31100,1.7024525,0.32004531249999996,0.5323390624999998,0.14761562500000003
31200,1.7002970312499996,0.318778125,0.5339031249999999,0.14731875000000003
31300,1.6990549999999998,0.3183578125,0.5342546875000002,0.14738750000000006
31400,1.6980157812500003,0.31807187500000006,0.5344203125000002,0.14750781249999997
31500,1.6962198437499993,0.31733124999999984,0.535775,0.14689374999999996
31600,1.6950117187500002,0.31652187499999995,0.5360265625,0.1474515625
31700,1.6935337500000003,0.31581249999999994,0.5367546875,0.14743281249999998
31800,1.6919349999999997,0.31468593750000007,0.5376015625000002,0.14771249999999997
31900,1.69035953125,0.3144359374999998,0.5389875000000001,0.14657656249999998
32000,1.6889896874999997,0.31382968749999995,0.5404328125000003,0.14573750000000005
32100,1.687154375,0.31330624999999984,0.5412218750000002,0.145471875
32200,1.6859620312500003,0.3126781250000001,0.5418578125000001,0.14546406249999994
32300,1.6844334375000003,0.31187499999999985,0.5426593749999999,0.14546562500000004
32400,1.6847334375000003,0.3125109375000001,0.5430484375000001,0.14444062500000002
32500,1.6843537499999999,0.3123203125,0.54336875,0.1443109375
32600,1.6833003125000006,0.31177031250000015,0.5441843749999999,0.14404531249999997
32700,1.6830829687500002,0.3115796875,0.5438687500000001,0.1445515625
32800,1.6827675,0.31090468749999994,0.5434984375,0.14559687499999993
32900,1.6818614062500001,0.310815625,0.5449171874999998,0.14426718749999998
33000,1.68162109375,0.31063593750000007,0.544640625,0.1447234375
33100,1.6819610937499998,0.3107984375,0.5445062499999999,0.14469531250000006
33200,1.68233390625,0.31090937500000004,0.5441546875,0.1449359375
33300,1.6834490625000007,0.31153125,0.5436578124999998,0.14481093750000001
33400,1.6831259374999998,0.31125312499999996,0.543925,0.14482187500000002
33500,1.68218890625,0.31075781249999995,0.5446062499999998,0.14463593750000003
33600,1.6821704687500003,0.3104187499999999,0.5445640625000001,0.14501718749999998
33700,1.6833246874999999,0.31072656249999997,0.5440328125,0.14524062499999996
33800,1.6843307812500001,0.3111999999999999,0.543440625,0.14535937499999999
33900,1.6832525000000003,0.3109359375,0.5441578125,0.14490625
34000,1.6828459375000002,0.3108875,0.5445031250000001,0.14460937499999998
34100,1.6819512500000002,0.3101656250000001,0.5446171874999999,0.14521718749999998
34200,1.6819403125000003,0.3103093749999999,0.5438890624999999,0.1458015625
34300,1.6823623437499995,0.3104921875000001,0.5435312500000001,0.1459765625
34400,1.6834804687499996,0.31119843750000015,0.5434015625000002,0.1454
34500,1.6840751562499998,0.3113546875,0.5424625,0.14618281249999995
34600,1.685359375,0.3122375000000001,0.5419859375,0.1457765625
34700,1.6854749999999992,0.3124531249999999,0.5419734375000002,0.14557343750000004
34800,1.6857525,0.31264843750000004,0.5418796875,0.14547187499999997
34900,1.6873176562499994,0.31315624999999997,0.5405234375000001,0.14632031249999997
35000,1.6884607812499992,0.31396562500000014,0.540071875,0.14596250000000002
35100,1.6900364062499995,0.31477812499999996,0.5391234374999999,0.14609843750000007
35200,1.6902143750000003,0.31514218749999995,0.5394281250000001,0.14542968750000002
35300,1.6895539062499998,0.31468125,0.5400109375000002,0.1453078125
35400,1.6900646874999998,0.3146421874999999,0.5397515625000001,0.14560625
35500,1.68935953125,0.3143609374999999,0.5404687499999998,0.14517031249999998
35600,1.6890862500000003,0.31414375,0.5403421875000001,0.1455140625
35700,1.6895459375000002,0.3143515625,0.5399859374999999,0.14566249999999997
35800,1.6890059375000002,0.31360156250000004,0.5398156249999998,0.1465828125
35900,1.6885865625,0.31353749999999997,0.5407874999999999,0.14567499999999997
36000,1.6890170312500006,0.3137203125,0.5399124999999999,0.14636718750000002
36100,1.6891842187500004,0.31346874999999996,0.5395515624999999,0.14697968750000007
36200,1.6899101562499996,0.31366093749999996,0.5385062499999997,0.14783281250000002
36300,1.6898673437499996,0.3137031249999999,0.5379578125,0.14833906250000004
36400,1.6904960937499995,0.31376875,0.5367171875,0.14951406249999996
36500,1.6920723437499994,0.31402656250000005,0.5354390625000001,0.15053437499999997
36600,1.6942217187499997,0.31514687499999994,0.533771875,0.15108125
36700,1.6962301562499997,0.31583593749999994,0.5328265625000002,0.15133750000000004
36800,1.6974681250000003,0.31590937500000005,0.5316437500000001,0.15244687500000006
36900,1.6975423437499997,0.31617656250000004,0.5315281249999999,0.15229531250000003
37000,1.6983009375000002,0.3167531250000001,0.531678125,0.15156875000000003
37100,1.69840171875,0.3172812499999999,0.5319406249999998,0.15077812499999999
37200,1.69902640625,0.31762500000000005,0.5321453125000001,0.15022968750000001
37300,1.69872890625,0.317746875,0.5328265625,0.1494265625
37400,1.6982990625000005,0.31745156249999995,0.5335937499999999,0.14895468750000004
37500,1.6981359375000005,0.31735937500000005,0.5336062500000001,0.14903437499999997
37600,1.69737734375,0.31770781249999996,0.53455625,0.1477359375
37700,1.6973295312499999,0.3182875000000001,0.53478125,0.14693124999999999
37800,1.6975985937499998,0.3183515624999999,0.5350062500000001,0.14664218749999994
37900,1.6971003125000002,0.31787187499999997,0.5357875,0.146340625
38000,1.6957257812499997,0.3181656249999999,0.5364687500000002,0.14536562500000003
38100,1.6954753125000004,0.31830625000000007,0.5371046875000002,0.1445890625
38200,1.6945560937500004,0.31802968749999994,0.5379984374999999,0.14397187500000003
38300,1.6945945312499993,0.3175531249999999,0.537165625,0.14528124999999997
38400,1.6938010937499994,0.31671093749999996,0.5376531250000002,0.14563593749999995
38500,1.6941379687499998,0.316621875,0.5375218749999998,0.14585625000000005
38600,1.6938298437500006,0.31658125,0.537509375,0.14590937500000004
38700,1.69395046875,0.31648125000000005,0.5375703125000002,0.14594843749999997
38800,1.6931349999999994,0.3161609375,0.5380718750000001,0.1457671875
38900,1.6931546874999996,0.31600156249999994,0.5376671875,0.14633125000000002
39000,1.6931604687499995,0.31626718749999994,0.5376000000000001,0.14613281250000004
39100,1.69388953125,0.31693906250000003,0.5375046875000001,0.14555625000000008
39200,1.6938254687500007,0.31762656250000004,0.5384890625000002,0.143884375
39300,1.6948810937499998,0.31778281249999996,0.5373140625000001,0.144903125
39400,1.6956535937500001,0.31840468750000006,0.5366171874999999,0.14497812499999996
39500,1.6966571875000005,0.3190234374999999,0.5356421875,0.145334375
39600,1.6981379687499998,0.31953437500000004,0.53485625,0.145609375
39700,1.6996237500000002,0.32018750000000007,0.5339015625000001,0.14591093749999998
39800,1.7015720312500002,0.32125625000000013,0.5336984375000001,0.14504531250000008
39900,1.702423125,0.3216624999999999,0.5326624999999998,0.14567500000000005
40000,1.7044589062499997,0.32266093749999997,0.5312640625,0.14607500000000007
40100,1.7056012499999997,0.3234046875,0.5307390624999999,0.14585625
40200,1.7067343749999997,0.32395156250000007,0.5300703125,0.14597812499999993
40300,1.7059407812500005,0.32343124999999995,0.5307984375000001,0.14577031249999994
40400,1.7053464062500001,0.323171875,0.5315046875,0.14532343749999996
40500,1.7043964062499999,0.3225859375000001,0.531846875,0.14556718749999994
40600,1.70349296875,0.3224718749999999,0.5327124999999999,0.14481562499999998
40700,1.70258953125,0.3220265625000001,0.5328875000000001,0.14508593749999998
40800,1.7024971875,0.32172656250000004,0.5327046875,0.14556875000000002
40900,1.7027289062500002,0.3219281249999999,0.5324609374999999,0.14561093749999998
41000,1.7022949999999997,0.3220593749999999,0.5331421875000002,0.1447984375
41100,1.7025209374999997,0.32184999999999986,0.5327078125,0.1454421875
41200,1.7022640624999998,0.3219046875,0.5323890624999998,0.14570624999999998
41300,1.7023168750000004,0.3219671874999999,0.5329765624999999,0.14505625000000003
41400,1.7029603125000004,0.3216765625,0.5321562499999999,0.14616718750000002
41500,1.7030424999999998,0.3220859375,0.5323328125000001,0.14558124999999997
41600,1.70217203125,0.32177031250000004,0.5330999999999999,0.14512968750000002
41700,1.7022784375000004,0.3215500000000001,0.5328343750000001,0.145615625
41800,1.70064203125,0.3209609375,0.5342625,0.14477656250000004
41900,1.69928125,0.32011874999999995,0.5351718749999999,0.14470937500000003
42000,1.6986759375000002,0.3194921874999999,0.5346375,0.1458703125
42100,1.6989612499999995,0.3191109374999999,0.5335953124999998,0.14729375000000003
42200,1.699566875,0.3187921875,0.5328406250000002,0.14836718749999997
42300,1.7003765624999996,0.31906562499999996,0.5318453124999999,0.14908906249999998
42400,1.70367796875,0.3205390625,0.5297625000000001,0.1496984375
42500,1.7049168749999999,0.3206890625,0.5285953125000001,0.15071562499999996
42600,1.7055273437499998,0.3208843750000001,0.5285015625,0.15061406249999998
42700,1.7055376562499993,0.32087968749999995,0.5282468750000001,0.1508734375
42800,1.7070673437499992,0.321821875,0.5277671874999998,0.15041093749999998
42900,1.70858875,0.32249843750000007,0.5265218749999998,0.1509796875
43000,1.7101548437499998,0.32301093750000004,0.525803125,0.15118593749999998
43100,1.7109649999999998,0.32359687499999995,0.5255890624999998,0.15081406249999993
43200,1.7111178125,0.3235390625,0.5259296875,0.15053125
43300,1.71196953125,0.32376562499999995,0.5252234375,0.15101093749999994
43400,1.7125789062499999,0.32444374999999986,0.5249437500000003,0.15061250000000004
43500,1.7139359375,0.3252171874999999,0.5247015625,0.15008125000000003
43600,1.7139510937499998,0.3254765624999999,0.5249625,0.14956093749999996
43700,1.7132257812499998,0.32545937499999994,0.5265296874999998,0.14801093750000002
43800,1.71278890625,0.32533593750000006,0.52703125,0.14763281249999996
43900,1.7118720312499998,0.3248796875,0.5272843750000001,0.14783593750000001
44000,1.7110262500000002,0.32435625000000007,0.527996875,0.14764687500000004
44100,1.709993125,0.32354687500000007,0.5286546875,0.1477984375
44200,1.7077631250000003,0.3227437500000001,0.53043125,0.14682499999999998
44300,1.706414375,0.3224281249999999,0.5314937499999999,0.14607812499999998
44400,1.7063354687500003,0.32214374999999995,0.5313906249999999,0.146465625
44500,1.7046790624999992,0.3213734374999999,0.5320968749999999,0.14652968749999998
44600,1.7035246875000003,0.32083281250000006,0.5326968749999998,0.1464703125
44700,1.7024287500000004,0.32006406249999997,0.5331718750000001,0.14676406250000001
44800,1.701154843750001,0.31950625000000005,0.5343468750000001,0.14614687499999993
44900,1.6993117187500006,0.318590625,0.5353671875000002,0.1460421875000001
45000,1.6980778124999998,0.31780624999999985,0.5355203124999999,0.14667343749999998
45100,1.6972878125,0.3170078125000001,0.5355031249999999,0.1474890625
45200,1.6973615625,0.31734531250000003,0.5354874999999998,0.1471671875
45300,1.6969382812500007,0.31698906250000003,0.5351765625,0.14783437499999996
45400,1.6977173437500002,0.3169125,0.5339171875000003,0.14917031249999999
45500,1.6994171875000001,0.31765937499999986,0.532825,0.14951562500000004
45600,1.7003690624999994,0.31849687499999996,0.5327656250000001,0.14873749999999997
45700,1.6997154687499996,0.31797031249999996,0.5327015624999999,0.14932812500000006
45800,1.6993292187500002,0.3174437499999999,0.532796875,0.14975937500000006
45900,1.69879546875,0.3169078125,0.53353125,0.14956093749999994
46000,1.69935234375,0.3168874999999999,0.532865625,0.15024687500000003
46100,1.6995010937500008,0.31723906250000006,0.5328359375000001,0.14992499999999997
46200,1.70037828125,0.31761562500000007,0.5319921875000002,0.15039218750000005
46300,1.7003525,0.3180703125,0.5322468750000001,0.14968281249999998
46400,1.7004050000000002,0.3180359375000001,0.5325296875,0.14943437500000004
46500,1.6990709375000002,0.31735156249999996,0.5327171874999999,0.14993125
46600,1.6987526562500004,0.3169734375,0.5328421874999999,0.15018437499999998
46700,1.6983195312500006,0.31704687500000006,0.5342890625,0.1486640625
46800,1.6973196875000005,0.31682031250000003,0.5353312500000001,0.1478484375
46900,1.69633640625,0.3167203125,0.535834375,0.14744531250000004
47000,1.6957020312499997,0.31647499999999995,0.5358328124999999,0.14769218750000004
47100,1.6941087499999998,0.31540468750000006,0.5363828125000001,0.14821249999999994
47200,1.6930560937499992,0.31502968749999993,0.5367187499999998,0.14825156250000002
47300,1.6930240625,0.31498906249999986,0.5364859375000001,0.148525
47400,1.6941439062499997,0.315028125,0.5351046874999998,0.14986718750000003
47500,1.6952426562500003,0.3155609374999999,0.534628125,0.1498109375
47600,1.6951467187499996,0.316115625,0.535640625,0.14824375
47700,1.6949753125000004,0.3163796875,0.5357343750000001,0.14788593750000004
47800,1.6949200000000002,0.3162046875000001,0.5356578125000001,0.14813749999999995
47900,1.6950246875000001,0.3161156250000001,0.5355921875000001,0.14829218750000006
48000,1.6937109375,0.31559375,0.5364921875000002,0.14791406249999997
48100,1.6933479687500002,0.315003125,0.5364250000000002,0.148571875
48200,1.6923092187500002,0.3145578125,0.5373781249999999,0.1480640625
48300,1.6913812499999998,0.31424062500000005,0.5383437499999999,0.147415625
48400,1.691515,0.31455000000000005,0.5385515625000001,0.1468984375
48500,1.69156609375,0.31461093749999997,0.5390265625000001,0.14636249999999998
48600,1.6905057812499995,0.3146750000000001,0.540065625,0.14525937499999994
48700,1.6889748437500005,0.3138125,0.5417890624999997,0.14439843749999995
48800,1.6881349999999997,0.313284375,0.5416953125,0.14502031249999994
48900,1.6872109374999997,0.31288906250000004,0.5424671875000003,0.14464375000000004
49000,1.6870818749999998,0.31303125000000015,0.5419156250000001,0.145053125
49100,1.6862575000000004,0.31287187499999997,0.5430781250000001,0.14405
49200,1.6858048437499997,0.3123921875,0.5428953124999998,0.14471250000000008
49300,1.6853996875000001,0.31193125000000005,0.5426078125000001,0.1454609375
49400,1.6867424999999998,0.3126046874999999,0.5409421875,0.14645312500000002
49500,1.6892398437499994,0.31342499999999995,0.5394859374999998,0.14708906250000003
49600,1.6907445312500002,0.3139734374999999,0.5379874999999998,0.1480390625
49700,1.6918542187499999,0.31429062499999993,0.5371781250000002,0.14853124999999995
49800,1.6927201562500005,0.3146671875,0.5366765625,0.14865625000000002
49900,1.6928943749999996,0.3151109375,0.5370390624999999,0.14785
50000,1.6941559375,0.31583906250000005,0.5362265624999999,0.14793437500000003
50100,1.6937964062500002,0.315225,0.5368687500000001,0.14790624999999996
50200,1.6929170312499995,0.31501250000000003,0.5369890625,0.14799843750000002
50300,1.69295390625,0.3142375000000001,0.5359859375,0.14977656250000002
50400,1.6940340625,0.31461249999999996,0.5351828125000001,0.15020468749999996
50500,1.6948225,0.3151234375000001,0.5347249999999998,0.15015156249999997
50600,1.6958204687500003,0.3155687499999999,0.5343281250000002,0.150103125
50700,1.6969542187500002,0.31590156249999995,0.5333374999999999,0.15076093750000005
50800,1.6978821874999994,0.3162859375,0.5329953125000002,0.15071875
50900,1.6975687499999996,0.3165687499999999,0.5333109374999999,0.15012031250000005
51000,1.6987210937500006,0.3167796875000001,0.5319515625,0.15126875000000004
51100,1.69926890625,0.3171750000000001,0.5321937499999999,0.15063125
51200,1.6999931250000002,0.3168140625,0.5309593749999999,0.1522265625
51300,1.70041015625,0.3168625,0.5304640625,0.1526734375
51400,1.7003121874999994,0.3168171874999999,0.53114375,0.1520390625
51500,1.70057375,0.31671406250000006,0.5306828124999998,0.15260312499999995
51600,1.7018925,0.31768437499999996,0.5302187499999998,0.15209687499999996
51700,1.7029882812499997,0.317965625,0.5289406249999999,0.15309375000000003
51800,1.70414765625,0.3187156250000001,0.5278484375000001,0.15343593749999995
51900,1.7051373437500001,0.3189937499999999,0.52755,0.15345625
52000,1.7062068750000008,0.31976562500000005,0.52656875,0.15366562499999994
52100,1.7081871874999999,0.3209078125,0.526075,0.1530171875
52200,1.7096028124999993,0.32211562500000007,0.5256671875,0.15221718750000002
52300,1.7101174999999997,0.3222718750000001,0.5250875,0.15264062499999992
52400,1.71054421875,0.322425,0.525153125,0.15242187499999998
52500,1.71092265625,0.322778125,0.5249625000000001,0.15225937499999997
52600,1.7114609374999998,0.322996875,0.5248921875,0.15211093750000002
52700,1.7127945312500001,0.32381874999999993,0.5242421875000002,0.15193906250000003
52800,1.7134868749999999,0.324209375,0.524278125,0.15151250000000002
52900,1.7143329687499995,0.3242078124999999,0.5229765625000002,0.152815625
53000,1.715698125,0.3248749999999999,0.52255,0.15257499999999996
53100,1.71736328125,0.3257875000000002,0.5215453124999999,0.1526671875
53200,1.71850140625,0.3266265625000001,0.5211640625000001,0.152209375
