step,mean_aspect_ratio,fraction_elongated,fraction_round,fraction_binary
100,1.0,0.0,1.0,0.0
200,1.0251084375,0.0011906250000000003,0.9237468750000002,0.07506250000000003
300,1.01851734375,0.0013703125000000002,0.9401718749999999,0.0584578125
400,1.0158484374999996,0.0013828125000000001,0.9470406249999999,0.0515765625
500,1.0139842187499999,0.0012796874999999998,0.9515765625000001,0.04714375
600,1.0130371875000002,0.0012343749999999998,0.95448125,0.044284375000000015
700,1.0121984374999995,0.0012406250000000004,0.9572984375000005,0.0414609375
800,1.0118398437500005,0.0013218750000000001,0.9588874999999998,0.03979062499999998
900,1.0115231249999999,0.0013328125000000002,0.9601140624999998,0.038553125
1000,1.0111657812499997,0.0013828125,0.9617375,0.036879687499999994
1100,1.0110337500000002,0.0014265625000000007,0.9625312499999998,0.036042187499999996
1200,1.0109712500000003,0.0014953125000000001,0.9637921875,0.03471250000000001
1300,1.0108178125,0.0015625000000000003,0.964259375,0.03417812500000001
1400,1.01075671875,0.0015828125000000005,0.9650843750000001,0.033332812499999996
1500,1.0107025000000003,0.0016796875,0.96571875,0.03260156250000001
1600,1.0108085937499998,0.0017609375,0.965859375,0.032379687500000004
1700,1.01093109375,0.0018328125,0.9660687499999999,0.0320984375
1800,1.0108653125,0.0019062500000000006,0.9666984374999997,0.03139531250000001
1900,1.0110740624999999,0.001960937500000001,0.9665984374999999,0.03144062499999999
2000,1.0112579687499998,0.0020843750000000007,0.9669328125,0.0309828125
2100,1.011390625,0.0021421875000000004,0.967259375,0.030598437499999995
2200,1.01129140625,0.00215,0.9678031249999999,0.030046875000000004
2300,1.011335625,0.0022218750000000003,0.9682281249999998,0.029549999999999996
2400,1.01148875,0.0022796875,0.9680390625000002,0.029681249999999996
2500,1.011693125,0.0023703125,0.9680531249999998,0.02957656249999999
2600,1.01170015625,0.0024640625000000014,0.9685609375000002,0.028974999999999997
2700,1.0117467187500002,0.0025031250000000006,0.9684015625000001,0.029095312499999998
2800,1.0119712499999998,0.0026484375000000006,0.9687046875,0.02864687499999999
2900,1.0123329687500002,0.0028125,0.9685515625000001,0.028635937500000003
3000,1.01280875,0.0029781249999999994,0.9681406249999998,0.02888125
3100,1.01329078125,0.003187499999999999,0.9678453124999999,0.028967187499999995
3200,1.0136462499999999,0.0033796874999999994,0.967715625,0.028904687499999995
3300,1.01406125,0.003539062499999999,0.9677531250000002,0.0287078125
3400,1.0144962499999997,0.0037124999999999997,0.96765625,0.028631249999999997
3500,1.0148810937500001,0.003909374999999999,0.9673734375000002,0.028717187499999994
3600,1.0153665624999997,0.0041484374999999985,0.9671796875000002,0.028671875000000003
3700,1.0159315624999998,0.004371874999999998,0.9670406249999997,0.028587499999999995
3800,1.01641625,0.0046015625,0.9663515625000002,0.02904687499999999
3900,1.0169340625,0.004804687499999999,0.9660093750000002,0.029185937500000002
4000,1.0173940625,0.005078125,0.9659437499999998,0.028978124999999993
4100,1.01802125,0.0053421875,0.9654187499999999,0.02923906249999999
4200,1.0186328125,0.0054953125,0.9650000000000001,0.029504687499999977
4300,1.0189625,0.005748437500000001,0.9652187500000001,0.029032812499999998
4400,1.0195443750000002,0.005976562499999998,0.96465,0.0293734375
4500,1.0201740625,0.006228125,0.9643875000000002,0.029384375000000008
4600,1.02057734375,0.0064109375,0.9643765625000001,0.029212499999999995
4700,1.02118109375,0.006629687500000001,0.9639031250000002,0.029467187500000012
4800,1.0216507812500002,0.006909375,0.9638218750000002,0.029268749999999996
4900,1.0223154687500002,0.007207812499999998,0.9633859375000005,0.029406250000000005
5000,1.0229568750000002,0.0074156249999999995,0.9628453125000002,0.0297390625
5100,1.0239187500000002,0.007743750000000001,0.9625343749999998,0.02972187499999999
5200,1.0245939062500002,0.0080703125,0.9621437500000003,0.0297859375
5300,1.0252903125,0.008373437499999999,0.9615656250000001,0.0300609375
5400,1.0258035937499999,0.008615625000000002,0.9611984375000002,0.030185937499999992
5500,1.0265512499999998,0.008975000000000002,0.9608421874999997,0.030182812499999993
5600,1.0274859375,0.009423437500000001,0.9603609375,0.030215625000000003
5700,1.0285415625,0.009751562499999998,0.9593546875000001,0.030893749999999998
5800,1.0294121874999997,0.0101828125,0.9588453125,0.030971875000000003
5900,1.0305126562500002,0.010675000000000004,0.9580828125000003,0.03124218750000001
6000,1.03151421875,0.011085937500000002,0.9577015625,0.031212499999999994
6100,1.0326621875000002,0.011507812499999999,0.9565890625000003,0.031903125000000004
6200,1.0339140624999996,0.012034375000000002,0.9558953125,0.032070312499999996
6300,1.0348060937500003,0.012526562500000001,0.9554046875000002,0.03206875000000001
6400,1.0355912500000002,0.012867187500000004,0.9553656249999998,0.0317671875
6500,1.03639078125,0.0133109375,0.95468125,0.032007812499999996
6600,1.03696078125,0.013628124999999996,0.954471875,0.03189999999999999
6700,1.0380371874999998,0.014187499999999997,0.9538453125000004,0.0319671875
6800,1.0392892187499996,0.014767187499999999,0.95295625,0.032276562499999994
6900,1.0407003125000003,0.015278124999999997,0.9518968750000003,0.03282499999999999
7000,1.04236015625,0.016043749999999996,0.9508203125000002,0.033135937500000004
7100,1.0437262499999997,0.016707812500000002,0.9498390624999998,0.03345312500000002
7200,1.04554,0.017398437500000002,0.9485109374999999,0.034090625000000006
7300,1.0475875000000001,0.018178124999999996,0.9470562499999998,0.034765625
7400,1.0495384374999996,0.019015624999999998,0.9455578125,0.035426562499999995
7500,1.0515028124999999,0.019771874999999998,0.9440859375000001,0.036142187500000006
7600,1.05287,0.0203796875,0.9427796874999999,0.036840624999999995
7700,1.054645625,0.0211453125,0.9417171875000002,0.03713749999999999
7800,1.05612671875,0.021701562499999997,0.9410234374999997,0.037274999999999996
7900,1.05787796875,0.0224203125,0.9399578125000002,0.037621875000000006
8000,1.0590193749999999,0.022915625,0.9390421874999999,0.0380421875
8100,1.0602765625,0.023659375000000003,0.9383437499999999,0.037996875
8200,1.0616882812500001,0.02420625,0.9374296875000001,0.03836406249999999
8300,1.0637634375,0.0251546875,0.9362109374999998,0.03863437499999999
8400,1.0655843750000003,0.026078124999999997,0.935115625,0.038806250000000014
8500,1.067598125,0.026849999999999995,0.9334749999999999,0.039675
8600,1.0689396875000001,0.027429687499999997,0.9324515625000002,0.04011875
8700,1.0701414062499999,0.028096874999999997,0.9318734375000001,0.0400296875
8800,1.0718054687499998,0.028695312500000004,0.9306906250000001,0.040614062499999985
8900,1.0733217187499997,0.029246875,0.9301843750000002,0.04056875000000001
9000,1.0749020312500002,0.0300515625,0.9290359374999999,0.04091250000000001
9100,1.0763314062499998,0.030574999999999995,0.9279453125,0.0414796875
9200,1.07812875,0.031373437500000004,0.9264328124999999,0.04219374999999999
9300,1.0794334374999999,0.0319765625,0.9256374999999997,0.0423859375
9400,1.08086109375,0.0326265625,0.9246874999999998,0.04268593750000001
9500,1.0818359375,0.0329046875,0.9239906249999998,0.04310468750000001
9600,1.083170625,0.033595312499999995,0.9234531249999995,0.0429515625
9700,1.0845751562500001,0.034228125,0.9220671874999998,0.04370468749999999
9800,1.0860325,0.03463906249999999,0.9215421874999999,0.04381875000000002
9900,1.0876215625,0.0353265625,0.9198234375000003,0.044849999999999994
10000,1.0891578124999997,0.036050000000000006,0.9186609374999999,0.0452890625
10100,1.090743125,0.0366515625,0.9176812500000001,0.045667187499999984
10200,1.0923235937500002,0.037328125,0.9166328125000003,0.0460390625
10300,1.09404703125,0.038073437500000015,0.9156640625000002,0.046262500000000005
10400,1.09623640625,0.03894375,0.914015625,0.047040625
10500,1.097815625,0.0395671875,0.9131125000000001,0.0473203125
10600,1.09975546875,0.0406390625,0.911871875,0.04748906249999998
10700,1.1013435937500002,0.0412171875,0.911140625,0.04764218750000002
10800,1.102119375,0.04156875,0.9107156250000003,0.047715625
10900,1.1030607812500002,0.04229843750000001,0.9103031250000001,0.04739843750000001
11000,1.1044837499999998,0.0429203125,0.9097640625,0.047315624999999986
11100,1.1058224999999997,0.04346875,0.9088718749999999,0.047659375000000004
11200,1.1072940624999996,0.04409062499999999,0.908121875,0.047787500000000004
11300,1.1079012499999998,0.044517187500000006,0.9076624999999998,0.0478203125
11400,1.1086348437500002,0.044750000000000005,0.9071593750000001,0.04809062500000001
11500,1.1097415624999998,0.045190625000000005,0.9058546875000003,0.04895468749999998
11600,1.1104793750000004,0.045653125,0.9057812499999998,0.04856562499999999
11700,1.1117553124999995,0.0459875,0.9048625000000001,0.04915000000000001
11800,1.1127731250000004,0.046539062500000006,0.9040781249999997,0.04938281250000002
11900,1.1137865624999999,0.046971874999999996,0.9033515624999997,0.04967656249999999
12000,1.1146121875000004,0.0473640625,0.9030156250000003,0.049620312500000006
12100,1.1159809374999998,0.04794687499999999,0.9019499999999999,0.050103125
12200,1.11751921875,0.048659375,0.9007515624999998,0.0505890625
12300,1.11948109375,0.049303125,0.8993609375000005,0.05133593749999999
12400,1.1208675,0.04992968749999999,0.8978375000000001,0.05223281250000001
12500,1.12288171875,0.050632812500000006,0.8964984374999999,0.05286874999999999
12600,1.1242640625000002,0.0513078125,0.8959718750000002,0.0527203125
12700,1.1253740625,0.0520421875,0.8958546875,0.052103125
12800,1.1264137499999998,0.052490625000000006,0.8954640624999999,0.0520453125
12900,1.1270664062500002,0.052778124999999995,0.8951562499999998,0.05206562499999998
13000,1.1277095312499998,0.053176562499999996,0.8947421875000006,0.05208125
13100,1.12827328125,0.05339843749999999,0.8941390625,0.05246249999999999
13200,1.1287709375000001,0.05363593750000001,0.8937328125000001,0.052631250000000004
13300,1.1296295312499998,0.05416718749999999,0.8933671875000002,0.052465625
13400,1.1306678125000005,0.05482656250000001,0.893171875,0.05200156249999998
13500,1.1312662499999997,0.055065625000000014,0.8929874999999999,0.051946875
13600,1.13156765625,0.05515937499999998,0.8925499999999996,0.052290625
13700,1.1324893749999998,0.0554953125,0.8920890625000002,0.05241562499999999
13800,1.1337440624999997,0.0561171875,0.8911640625000002,0.05271875
13900,1.1350129687500001,0.05655156250000001,0.8901000000000003,0.053348437499999984
14000,1.1359184374999995,0.0572890625,0.8903578125,0.05235312499999999
14100,1.1363153124999998,0.05764531249999999,0.8901421875,0.05221250000000001
14200,1.1370026562500002,0.05783437500000001,0.8895718750000003,0.05259375000000002
14300,1.1373314062500004,0.058001562500000006,0.8891125,0.05288593750000001
14400,1.13859109375,0.05854374999999999,0.8879281250000002,0.053528124999999996
14500,1.13955171875,0.0590328125,0.8878421875,0.05312499999999999
14600,1.1403854687500006,0.059575,0.8873890624999998,0.053035937500000005
14700,1.1405796875,0.0598734375,0.8876062500000005,0.05252031249999999
14800,1.1410273437499994,0.060057812500000016,0.8873515625000004,0.052590625000000016
14900,1.1415473437500003,0.05999375,0.8869593749999999,0.053046875
15000,1.1424178125000002,0.06027812500000001,0.8861484375,0.0535734375
15100,1.1432067187500001,0.06051718749999999,0.8857734374999998,0.05370937499999999
15200,1.14364671875,0.06097187499999998,0.8857062499999999,0.05332187499999999
15300,1.1444620312500007,0.061303125,0.8850703125,0.053626562499999995
15400,1.1449434375,0.061367187499999996,0.8843437500000002,0.054289062499999985
15500,1.145343125,0.06159218750000001,0.8840531250000003,0.054354687500000005
15600,1.1462553125,0.062240625,0.8835515625000002,0.05420781249999999
15700,1.1477246875000002,0.0626921875,0.8818171875000002,0.055490624999999995
15800,1.1486967187500006,0.06333281249999999,0.8816484375000001,0.055018749999999984
15900,1.1497610937499998,0.06388749999999999,0.8810093750000001,0.055103125
16000,1.15050328125,0.06446093750000001,0.8808500000000002,0.054689062499999996
16100,1.150988125,0.06460937500000001,0.8804828125,0.05490781250000001
16200,1.1509882812500003,0.064553125,0.8808906249999998,0.054556250000000014
16300,1.1517371875000004,0.06493125000000001,0.8803921874999999,0.05467656249999999
16400,1.15274859375,0.06516562499999999,0.8794749999999999,0.055359375000000016
16500,1.1534771874999998,0.0655640625,0.8793515625000003,0.055084375
16600,1.15496875,0.06614218749999999,0.8780640624999997,0.05579375000000001
16700,1.1564840625000001,0.06684218749999998,0.8772687499999999,0.05588906250000002
16800,1.1578078125000002,0.06721406250000002,0.8760656250000002,0.056720312499999995
16900,1.15945921875,0.0678765625,0.875275,0.05684843749999999
17000,1.1603670312500003,0.06823437499999999,0.8741328125000001,0.057632812500000005
17100,1.1608264062499998,0.0686796875,0.8744203125,0.05689999999999998
17200,1.1618717187499998,0.06910625000000001,0.8737953124999999,0.05709843749999999
17300,1.1621050000000004,0.0695203125,0.87404375,0.05643593750000001
17400,1.1625723437499995,0.06971093750000001,0.87390625,0.056382812500000004
17500,1.1625093749999995,0.06968593749999999,0.8736781249999998,0.0566359375
17600,1.16290859375,0.06974218750000002,0.8736046875,0.05665312500000002
17700,1.1635201562499997,0.070146875,0.8730984374999998,0.0567546875
17800,1.1639340625,0.0703078125,0.8730328124999996,0.056659375000000005
17900,1.1643528125000004,0.07041718749999998,0.8724999999999997,0.05708281249999999
18000,1.1646529687500002,0.07070937500000002,0.8725312500000002,0.05675937500000002
18100,1.1657428124999998,0.07133593750000002,0.87166875,0.05699531249999999
18200,1.1669032812499998,0.0716671875,0.8708890624999998,0.057443749999999974
18300,1.1676082812499995,0.0719109375,0.8707421875000001,0.057346875
18400,1.1687635937499998,0.072321875,0.8699203125000001,0.057757812500000005
18500,1.1704614062500003,0.07313906250000002,0.8686968749999999,0.05816406249999998
18600,1.1720970312500005,0.07393125000000002,0.8675468749999999,0.05852187500000001
18700,1.1734907812500004,0.0744578125,0.8666328124999999,0.058909375
18800,1.1747948437500002,0.07500625000000002,0.8656,0.05939375000000001
18900,1.1759421874999998,0.07571875,0.8652156249999999,0.05906562499999999
19000,1.1765142187500002,0.07599687499999999,0.8648468749999999,0.059156249999999994
19100,1.1770896874999992,0.0761171875,0.8642703124999997,0.0596125
19200,1.1774690625000002,0.07629843750000001,0.8642265625000002,0.05947499999999999
19300,1.17822453125,0.076584375,0.8640874999999997,0.05932812500000002
19400,1.17952109375,0.077346875,0.8630156249999998,0.05963750000000001
19500,1.1796485937500003,0.0776984375,0.8633015625,0.059
19600,1.1801214062499998,0.07768593750000001,0.8627375000000003,0.0595765625
19700,1.18083375,0.07785937500000001,0.8620218749999997,0.06011875000000002
19800,1.1809496875,0.07800312500000002,0.8622546875,0.05974218750000001
19900,1.1822045312500005,0.07844375,0.8611109374999998,0.0604453125
20000,1.1830565625,0.07856875,0.8604640625,0.06096718749999999
20100,1.1840485937500003,0.07920624999999999,0.8599984374999996,0.06079531250000001
20200,1.1846865624999998,0.0794890625,0.8597781250000002,0.0607328125
20300,1.1848734374999996,0.07955,0.8594218749999998,0.061028125
20400,1.18513546875,0.0795890625,0.8596265624999999,0.06078437500000001
20500,1.1850425,0.0796015625,0.8597640624999999,0.06063437499999999
20600,1.1853642187500004,0.07992812499999999,0.8590890625000001,0.06098281250000001
20700,1.1862184374999998,0.08030000000000001,0.8584593749999999,0.06124062500000001
20800,1.1871865624999998,0.08046718749999998,0.8580218750000003,0.0615109375
20900,1.18842453125,0.08105312499999999,0.8570593750000001,0.06188749999999999
21000,1.1897351562500003,0.08171406249999999,0.8563031250000002,0.06198281249999999
21100,1.19049828125,0.08255,0.8565328125,0.06091718750000001
21200,1.1915290625000001,0.08296875000000001,0.855834375,0.061196875
21300,1.1923848437499995,0.0834296875,0.8546843750000003,0.0618859375
21400,1.193035,0.0836625,0.8543031250000002,0.06203437500000001
21500,1.1942990625,0.084378125,0.8538249999999998,0.061796875000000015
21600,1.1953332812499995,0.08474374999999999,0.8531656249999999,0.06209062499999998
21700,1.1961503125000001,0.085115625,0.852284375,0.0626
21800,1.1967245312499997,0.085503125,0.8518906250000002,0.06260625
21900,1.1973729687499999,0.08573593750000001,0.8517796874999999,0.06248437499999999
22000,1.1976293750000007,0.08587031249999999,0.8516718749999999,0.06245781249999999
22100,1.1977449999999998,0.08575156250000003,0.85144375,0.06280468750000001
22200,1.1980446875000001,0.08596250000000001,0.852090625,0.061946875000000005
22300,1.19776921875,0.0857390625,0.8520125000000003,0.062248437499999996
22400,1.1981368749999999,0.08602343750000002,0.8515015625000003,0.06247499999999999
22500,1.1984084374999995,0.08604218749999998,0.8513546875000001,0.06260312499999998
22600,1.1981257812499997,0.085965625,0.8520906250000001,0.061943750000000006
22700,1.1979523437499997,0.0859671875,0.8521890625000001,0.06184375
22800,1.1972006249999994,0.0859109375,0.8529953124999999,0.061093749999999995
22900,1.1973065625,0.0857671875,0.8524703125000003,0.0617625
23000,1.1975384375,0.08582187499999999,0.8526359375000001,0.061542187499999984
23100,1.1976515625000002,0.08561562499999999,0.8519265625,0.06245781250000001
23200,1.1976171875,0.0855203125,0.85179375,0.06268593750000002
23300,1.1980678125000002,0.085846875,0.85136875,0.06278437499999999
23400,1.1980815624999996,0.0856921875,0.8513671874999997,0.062940625
23500,1.1982696875000005,0.08570468749999999,0.8511437500000003,0.0631515625
23600,1.1981020312499997,0.0854265625,0.8508187500000003,0.0637546875
23700,1.1975470312499998,0.08556875,0.8517171875000001,0.06271406249999999
23800,1.1980846875000002,0.08581875000000001,0.851453125,0.062728125
23900,1.198785,0.0861421875,0.8513984375000003,0.062459375000000004
24000,1.1986890625000004,0.0860421875,0.8507406250000004,0.06321718749999998
24100,1.1977882812499998,0.08572968749999998,0.8520062499999997,0.0622640625
24200,1.1972728124999998,0.08537968750000001,0.8522703125000001,0.06235
24300,1.1964282812499996,0.08520312500000002,0.8533375000000001,0.06145937500000001
24400,1.19609859375,0.08476093750000001,0.8530250000000003,0.062214062499999986
24500,1.1954475000000002,0.08436875,0.8533265624999996,0.06230468750000001
24600,1.1959229687499997,0.0845953125,0.852759375,0.06264531250000001
24700,1.19620296875,0.08481249999999997,0.8528859375000002,0.062301562500000005
24800,1.196449375,0.0851171875,0.8527359375,0.062146875
24900,1.1974924999999998,0.08545937499999999,0.8519546874999998,0.06258593750000001
25000,1.19730984375,0.08555312499999998,0.8523437499999998,0.062103124999999995
25100,1.1971684375000002,0.08596562499999999,0.8531234375000002,0.060910937500000005
25200,1.1972965625000003,0.0860171875,0.8533109375000002,0.060671874999999965
25300,1.1963492187499998,0.08558437499999999,0.8537015624999998,0.060714062500000006
25400,1.1959585937500001,0.0852984375,0.8534203125000002,0.061281249999999995
25500,1.1957451562499999,0.0851578125,0.8537812500000002,0.0610609375
25600,1.1960985937500002,0.0852375,0.8532484375,0.06151406250000003
25700,1.1961300000000004,0.0853015625,0.8532687499999996,0.06142968750000001
25800,1.1970181250000003,0.0857046875,0.8527812500000004,0.06151406250000003
25900,1.1970528124999997,0.08538593750000001,0.8527937500000002,0.0618203125
26000,1.1970662500000004,0.08519999999999998,0.8522406249999998,0.06255937499999999
26100,1.1969228125,0.08486562499999999,0.8525593750000001,0.06257499999999999
26200,1.1961946874999994,0.08487499999999999,0.8528734375,0.0622515625
26300,1.1954507812500004,0.0845453125,0.853196875,0.06225781250000001
26400,1.19542828125,0.0843734375,0.8531718750000001,0.0624546875
26500,1.1947618749999995,0.08402031250000001,0.8536671874999999,0.0623125
26600,1.1934660937499995,0.08339375000000002,0.8542359375,0.0623703125
26700,1.192955,0.08359218750000001,0.8550109375000001,0.06139687499999998
26800,1.1930815624999995,0.0834984375,0.8545828124999998,0.06191875000000003
26900,1.1929854687499999,0.08358125,0.8547531249999997,0.061665625
27000,1.1930765625000002,0.08363281250000001,0.8547374999999999,0.06162968749999999
27100,1.1930798437499996,0.083575,0.8539968750000001,0.062428125000000015
27200,1.1928850000000002,0.08346250000000002,0.8539796874999998,0.06255781249999999
27300,1.1935323437499994,0.08336249999999999,0.85375,0.0628875
27400,1.1944021875000002,0.08377968749999998,0.8531750000000001,0.06304531250000002
27500,1.1955270312500004,0.08435,0.8527843749999999,0.06286562499999997
27600,1.1960460937500004,0.08469062499999999,0.8525234375000003,0.06278593749999999
27700,1.1966278125,0.08508437499999999,0.8521749999999997,0.062740625
27800,1.1970774999999996,0.085365625,0.8520968749999998,0.0625375
27900,1.1972295312499999,0.085609375,0.851940625,0.062450000000000006
28000,1.1975603124999998,0.08614687500000001,0.8518171875,0.06203593750000002
28100,1.19841625,0.08620937500000002,0.8508843750000004,0.06290625000000001
28200,1.199280625,0.0866125,0.8499890625,0.06339843749999999
28300,1.2003651562500004,0.08686406250000002,0.8491421874999999,0.06399374999999997
28400,1.2018501562500001,0.0873609375,0.8480609375000001,0.06457812500000001
28500,1.2029026562499996,0.08771718750000002,0.8475171874999999,0.06476562500000001
28600,1.204126875,0.0883015625,0.8464453124999999,0.06525312500000002
28700,1.2046099999999997,0.08835156250000001,0.8464578124999999,0.065190625
28800,1.2050823437500005,0.08872656250000001,0.8464812500000003,0.0647921875
28900,1.2056721874999998,0.08880312500000001,0.8462390624999999,0.0649578125
29000,1.2055518750000005,0.0888265625,0.8459718750000002,0.06520156249999999
29100,1.2053150000000004,0.0888953125,0.8464000000000002,0.0647046875
29200,1.20513125,0.08884687499999999,0.8462984374999999,0.06485468750000001
29300,1.20505625,0.08854843750000001,0.8466671875,0.06478437499999999
29400,1.2043959374999997,0.08816406250000001,0.8469406249999998,0.0648953125
29500,1.2039749999999998,0.08789687499999997,0.8467531249999999,0.06535
29600,1.2046064062499995,0.08846562500000002,0.8465078124999997,0.06502656249999998
29700,1.2050310937500004,0.088865625,0.8468234375,0.0643109375
29800,1.2055925000000005,0.089178125,0.8462796875,0.06454218749999999
29900,1.2062346875000003,0.08922187499999999,0.8462171875,0.06456093749999998
30000,1.2062387500000002,0.08927187499999999,0.8461546875000004,0.06457343750000001
30100,1.20625828125,0.0893265625,0.8463249999999999,0.06434843749999998
30200,1.2061737499999998,0.08955312499999998,0.8471187499999999,0.06332812500000001
30300,1.2064275,0.0898796875,0.8469187500000002,0.0632015625
30400,1.2069049999999997,0.09006406250000003,0.8467062500000001,0.06322968749999998
30500,1.2067623437499997,0.08997499999999997,0.8470546874999998,0.06297031249999999
30600,1.2070285937500003,0.090103125,0.8469468749999999,0.06294999999999999
30700,1.20717296875,0.089996875,0.846215625,0.06378750000000002
30800,1.20755078125,0.09020312499999998,0.8459281249999997,0.06386874999999999
30900,1.2080039062499996,0.09018125,0.845496875,0.064321875
31000,1.208263125,0.090196875,0.8449843750000001,0.06481875000000001
31100,1.2089621874999996,0.09066562500000001,0.8449796875000002,0.06435468749999998
31200,1.20989546875,0.09116093750000001,0.8445093750000002,0.06432968750000001
31300,1.2099465624999999,0.0909703125,0.8441312500000001,0.06489843750000002
31400,1.2105801562499998,0.09129374999999999,0.8437828125000001,0.06492343750000001
31500,1.2110160937500003,0.0914609375,0.8430687499999999,0.0654703125
31600,1.211193125,0.09139843749999998,0.8433312499999998,0.06527031250000002
31700,1.2112529687500002,0.09146093749999998,0.8429953124999998,0.06554375
31800,1.2108153125,0.0912328125,0.8435718749999999,0.06519531249999998
31900,1.2107228125,0.09125000000000001,0.8437531250000001,0.064996875
32000,1.2100096875,0.09104062499999999,0.8448703124999998,0.0640890625
32100,1.2100887500000002,0.09104062499999999,0.8442625,0.06469687500000001
32200,1.2098129687499999,0.0909453125,0.8443265625000003,0.064728125
32300,1.2098254687499999,0.091009375,0.8440890624999999,0.06490156250000001
32400,1.210238437499999,0.0911421875,0.8438734374999999,0.064984375
32500,1.2100117187500004,0.090715625,0.8442343749999999,0.06505
32600,1.21001921875,0.0909296875,0.8445593749999996,0.06451093749999999
32700,1.2098078125,0.09077499999999998,0.8443968749999998,0.06482812499999999
32800,1.2097387499999999,0.090715625,0.8443343750000002,0.06495000000000001
32900,1.209040625,0.09052500000000001,0.8447515625,0.06472343750000001
33000,1.2088615624999997,0.0903828125,0.8451390624999999,0.06447812500000001
33100,1.2085557812499996,0.09023281250000002,0.8452000000000003,0.0645671875
33200,1.2079281250000005,0.089890625,0.8454578124999997,0.06465156249999998
33300,1.2070589062500001,0.08932656250000001,0.8458953125000002,0.064778125
33400,1.2055826562499996,0.0887953125,0.8475500000000004,0.06365468749999999
33500,1.2042368749999997,0.08815624999999999,0.8479890625000002,0.0638546875
33600,1.2030993750000003,0.08775625,0.8485718750000001,0.06367187499999999
33700,1.20292109375,0.0879265625,0.8491093750000003,0.0629640625
33800,1.2027162500000002,0.08804531250000001,0.8495671875000002,0.06238750000000001
33900,1.2027362500000003,0.0881984375,0.84941875,0.0623828125
34000,1.2029248437500002,0.08864687499999999,0.8493875,0.061965625
34100,1.202640625,0.0883546875,0.8496906250000001,0.06195468750000001
34200,1.20230609375,0.08817187499999998,0.8499953125000002,0.061832812500000014
34300,1.2028145312499998,0.08849062499999999,0.8496609374999999,0.06184843749999999
34400,1.2022573437500002,0.0881609375,0.8502359374999998,0.061603124999999995
34500,1.2019089062499997,0.08780468749999999,0.8505125000000001,0.061682812499999996
34600,1.2013223437499998,0.087734375,0.85073125,0.06153437500000001
34700,1.2006151562499994,0.08740156250000003,0.8511265625000001,0.06147187499999999
34800,1.1998296875,0.0872765625,0.8517359375000001,0.060987499999999986
34900,1.1994687500000003,0.08710937500000002,0.8517968750000001,0.06109375000000001
35000,1.1995748437500005,0.08702812500000001,0.8517937499999999,0.06117812500000002
35100,1.20064328125,0.08773906250000002,0.8509093750000005,0.06135156250000001
35200,1.2009203124999999,0.0876140625,0.8503328125,0.062053125
35300,1.2013542187500006,0.0878609375,0.8499468750000002,0.06219218750000002
35400,1.2017160937500004,0.08799843749999997,0.8500078125000002,0.06199375
35500,1.20207359375,0.0880125,0.8498359375,0.062151562500000014
35600,1.2023281249999997,0.08825625000000002,0.8497187500000001,0.062025
35700,1.2025821875000002,0.08837656250000002,0.8495062499999999,0.06211718749999997
35800,1.2024850000000002,0.08838593750000001,0.8493093750000003,0.06230468750000002
35900,1.2021559374999997,0.08831718750000003,0.8497375000000001,0.06194531249999998
36000,1.20188140625,0.08823906249999999,0.8501906249999999,0.0615703125
36100,1.20127171875,0.08769375,0.8501296874999998,0.062176562499999984
36200,1.2016537500000006,0.08789218750000001,0.8498718749999998,0.06223593750000002
36300,1.2014957812500002,0.0878015625,0.8499593750000003,0.0622390625
36400,1.2015975000000003,0.08798593749999999,0.8500171874999998,0.061996875
36500,1.2011815625,0.087765625,0.8504312499999999,0.06180312499999998
36600,1.2015895312499998,0.08803906250000001,0.849946875,0.062014062500000015
36700,1.2018871875000003,0.0879109375,0.8496437500000001,0.062445312499999996
36800,1.2031162499999999,0.08840937499999998,0.848790625,0.06280000000000001
36900,1.20410203125,0.08872812499999999,0.8480812500000001,0.06319062500000001
37000,1.2049350000000003,0.0891546875,0.8473343750000001,0.06351093749999998
37100,1.2061674999999998,0.08944999999999999,0.8461187499999999,0.06443125
37200,1.206750625,0.08991406249999997,0.8462234374999996,0.06386249999999999
37300,1.2069037500000002,0.08987968750000001,0.8461015625,0.06401875000000001
37400,1.2073012500000002,0.09008750000000001,0.8458749999999999,0.06403749999999998
37500,1.2079667187499998,0.09045781250000001,0.844971875,0.06457031249999999
37600,1.2088314062500005,0.090775,0.8445984375000002,0.06462656249999998
37700,1.2090637500000005,0.0908828125,0.8444921875,0.06462500000000002
37800,1.2088264062500003,0.09080312500000001,0.8450671875000003,0.06412968749999999
37900,1.2093734374999998,0.0913640625,0.8450437499999998,0.06359218750000002
38000,1.2098946874999998,0.0915609375,0.8449062499999996,0.0635328125
38100,1.21097390625,0.09190781249999999,0.8440624999999999,0.0640296875
38200,1.21208453125,0.09265937499999999,0.8436015625000002,0.06373906250000001
38300,1.2129253125000001,0.093184375,0.843434375,0.06338125000000001
38400,1.21382703125,0.0936078125,0.8424953124999998,0.063896875
38500,1.2141726562500004,0.094,0.8426296874999999,0.0633703125
38600,1.21523265625,0.0943203125,0.8418687499999999,0.0638109375
38700,1.2159834375,0.0948203125,0.8414125000000002,0.06376718750000002
38800,1.2161282812499994,0.0948109375,0.8412578124999998,0.06393125
38900,1.2163604687499998,0.09497343750000001,0.8412828125,0.06374374999999999
39000,1.2160084374999998,0.0947125,0.8418359375,0.06345156249999999
39100,1.2165287500000004,0.09493437499999999,0.8410578125,0.06400781249999998
39200,1.2166078125000002,0.09500781250000001,0.8411609374999999,0.06383125000000002
39300,1.2171765624999995,0.09521874999999998,0.8405734374999999,0.0642078125
39400,1.2176865625,0.09527656250000001,0.8401796875,0.06454374999999998
39500,1.2184795312499996,0.0957140625,0.8393015624999999,0.06498437499999998
39600,1.2189598437500002,0.0959015625,0.8388953125000002,0.06520312500000003
39700,1.2199434375000004,0.09644375,0.8380296874999998,0.0655265625
39800,1.2209029687499997,0.09675937499999998,0.8376562499999998,0.06558437499999999
39900,1.2215731250000004,0.096875,0.837225,0.06589999999999999
40000,1.2222765625,0.09712343750000002,0.8363875,0.06648906250000002
40100,1.22295640625,0.09769374999999998,0.8363812499999999,0.065925
40200,1.2231321875000003,0.09775625,0.83670625,0.0655375
40300,1.2231121875000002,0.0979796875,0.8371125,0.06490781250000002
40400,1.2226525000000006,0.09795000000000001,0.8376171875,0.0644328125
40500,1.2216742187499998,0.0976078125,0.8388828124999997,0.06350937499999997
40600,1.2207264062499998,0.09723124999999998,0.8395703124999998,0.0631984375
40700,1.2184673437499998,0.0962578125,0.8414171874999998,0.062325000000000005
40800,1.21720765625,0.09594687499999999,0.8422093750000001,0.061843749999999996
40900,1.2163684375000001,0.0956375,0.8427578125,0.06160468750000001
41000,1.2158039062499997,0.095634375,0.8429921874999999,0.06137343749999999
41100,1.2152554687500008,0.09531093750000001,0.8438015624999999,0.06088750000000001
41200,1.2147746874999998,0.09481406250000002,0.8437234375000001,0.06146250000000001
41300,1.2136389062499997,0.09417500000000001,0.8439562500000002,0.06186874999999999
41400,1.2126484375000002,0.09400156250000002,0.8447812499999998,0.061217187500000006
41500,1.21264453125,0.09395781249999999,0.8444265625000003,0.061615625
41600,1.2121606249999999,0.09363906250000004,0.8446125000000002,0.0617484375
41700,1.2124304687499998,0.09383125,0.8448343750000002,0.06133437500000001
41800,1.2127909375000003,0.09411406250000001,0.8443718749999999,0.06151406249999998
41900,1.2138014062499998,0.0945546875,0.8438687500000001,0.0615765625
42000,1.21455796875,0.094784375,0.8432718750000001,0.06194375
42100,1.21570484375,0.0954734375,0.842884375,0.061642187499999966
42200,1.2168750000000004,0.09591874999999998,0.8416859375,0.062395312499999994
42300,1.2174896874999999,0.0963140625,0.8411265624999998,0.06255937499999999
42400,1.2183674999999998,0.09672187500000001,0.8409937500000001,0.062284374999999996
42500,1.2188960937500002,0.09694687499999999,0.8406671875,0.062385937499999995
42600,1.2195496874999998,0.09741406250000004,0.8403593749999997,0.06222656250000003
42700,1.2198021874999998,0.09739843749999999,0.8396421875000001,0.062959375
42800,1.2203753124999999,0.0971578125,0.8389937500000001,0.06384843750000001
42900,1.2206356249999997,0.09706718750000001,0.8384890625,0.06444375000000001
43000,1.2216343750000003,0.09754218749999999,0.8377046874999998,0.06475312499999998
43100,1.2236087499999997,0.09823749999999998,0.8364765625000001,0.0652859375
43200,1.22484375,0.09890468749999999,0.8354968750000001,0.06559843750000005
43300,1.2257776562499998,0.09904374999999999,0.8347421874999998,0.06621406249999999
43400,1.2258456249999998,0.0992015625,0.8351656250000001,0.0656328125
43500,1.226139843750001,0.099390625,0.8352546874999996,0.06535468750000001
43600,1.22593359375,0.09955624999999999,0.8356937499999998,0.06474999999999999
43700,1.2251328124999998,0.09930937500000002,0.8363921875000001,0.0642984375
43800,1.224305,0.09911250000000002,0.8372703125000001,0.06361718750000002
43900,1.2239314062500002,0.09897500000000002,0.8377234375,0.06330156249999999
44000,1.22347125,0.098884375,0.8384343750000001,0.06268125000000002
44100,1.2231125000000003,0.09853749999999999,0.8379156250000004,0.06354687499999999
44200,1.2228346874999996,0.09838124999999999,0.8386484375000001,0.06297031249999999
44300,1.2222746875000006,0.0983484375,0.8390281250000006,0.0626234375
44400,1.2224450000000007,0.09850937499999998,0.8389156250000003,0.062575
44500,1.2219515624999997,0.09836718750000002,0.8392015625000001,0.06243124999999999
44600,1.2214525000000005,0.09802656250000001,0.83958125,0.06239218750000003
44700,1.2204048437499997,0.0973515625,0.8398874999999997,0.06276093749999997
44800,1.22062859375,0.09725781250000001,0.8392484374999999,0.06349375
44900,1.2206895312500001,0.09730937499999998,0.8395812500000002,0.06310937500000001
45000,1.2209389062500005,0.09726718749999998,0.8389843749999999,0.0637484375
45100,1.2212556250000002,0.097284375,0.8385765625000003,0.06413906249999998
45200,1.22189546875,0.0974203125,0.8380593749999997,0.06452031250000001
45300,1.2222940625000003,0.0976140625,0.8379031250000002,0.06448281250000001
45400,1.22251,0.0977734375,0.837953125,0.06427343749999997
45500,1.2229237500000003,0.09768593750000001,0.8376171875000001,0.06469687499999999
45600,1.2235318749999997,0.098178125,0.8370031250000002,0.06481874999999998
45700,1.2239489062500002,0.09826250000000002,0.8367640625,0.0649734375
45800,1.224715625,0.09864843750000002,0.8362140625000001,0.06513749999999999
45900,1.224926875,0.0986609375,0.8361765624999999,0.06516250000000003
46000,1.225450625,0.09876875000000002,0.8358156250000001,0.06541562499999999
46100,1.2253390625,0.09869531249999998,0.83626875,0.06503593749999997
46200,1.2248240624999998,0.0984765625,0.8365296875000001,0.06499374999999999
46300,1.2240806250000005,0.09822656249999998,0.8375015625000001,0.06427187499999999
46400,1.2235028124999998,0.09799843749999998,0.8378734375,0.06412812500000001
46500,1.2229195312499994,0.097859375,0.8384375000000001,0.063703125
46600,1.2224370312500001,0.09747343749999998,0.8384562499999999,0.0640703125
46700,1.2216437500000004,0.09727031250000001,0.8389328124999997,0.063796875
46800,1.22167890625,0.09720781249999999,0.8387859375000001,0.06400625
46900,1.2214365624999994,0.09684531249999997,0.8385671875000003,0.0645875
47000,1.2214629687500003,0.09666406250000001,0.8385453125000001,0.06479062499999999
47100,1.2222309375000002,0.09682187500000002,0.8374500000000005,0.065728125
47200,1.2229771874999997,0.09708593750000001,0.8367609375,0.066153125
47300,1.2231131249999998,0.09699687500000001,0.8364046875000004,0.0665984375
47400,1.2230670312500003,0.09716875000000001,0.8365015625000001,0.06632968750000001
47500,1.2236643749999998,0.0975953125,0.8363125000000001,0.06609218750000001
47600,1.22387546875,0.09771875,0.8363546875,0.06592656250000001
47700,1.2233346875,0.09751875,0.8367625000000001,0.06571875000000002
47800,1.2232582812500006,0.0975734375,0.8370843750000002,0.0653421875
47900,1.2232082812499996,0.09732968749999998,0.8368546874999999,0.065815625
48000,1.2230620312500005,0.09748906250000001,0.8375640625,0.06494687500000002
48100,1.2227484374999997,0.09740312500000001,0.837665625,0.06493125000000001
48200,1.221725,0.0971125,0.8384906249999998,0.064396875
48300,1.2209665625,0.09687343749999998,0.8390421875000001,0.06408437499999999
48400,1.2202703125,0.09656718749999998,0.839153125,0.0642796875
48500,1.21992390625,0.09637031249999999,0.8396437500000002,0.0639859375
48600,1.2194996875000002,0.09626874999999999,0.8398765625,0.06385468750000002
48700,1.2190046875000002,0.09598125,0.8403828124999998,0.06363593749999998
48800,1.2182025,0.0954953125,0.8407906249999997,0.06371406250000002
48900,1.217256875,0.0949328125,0.8411718749999999,0.0638953125
49000,1.2167154687499997,0.0944359375,0.841284375,0.06427968749999999
49100,1.2167226562499998,0.0945203125,0.8410078125,0.06447187500000001
49200,1.2170464062499997,0.09450937500000002,0.8407890625,0.0647015625
49300,1.2174485937499997,0.0948515625,0.8405640625,0.06458437500000001
49400,1.2177431250000001,0.0949578125,0.8402796875,0.0647625
49500,1.2176915625,0.0950875,0.8402781250000001,0.064634375
49600,1.2179528125000003,0.0951640625,0.8401906249999999,0.0646453125
49700,1.2174653125000003,0.09499218749999999,0.8406890624999999,0.06431875
49800,1.2164409375,0.09455625000000001,0.8413390625,0.0641046875
49900,1.2158081250000001,0.09451562500000002,0.8420906250000001,0.06339375000000001
50000,1.2150939062500001,0.0941515625,0.8423531250000001,0.06349531249999997
50100,1.21454640625,0.09373125,0.8424968749999997,0.06377187499999999
50200,1.21388046875,0.0935265625,0.8429828124999996,0.06349062499999997
50300,1.21328859375,0.0931640625,0.8435093749999999,0.0633265625
50400,1.2127270312499996,0.092740625,0.8435406250000003,0.06371875
50500,1.2117164062500008,0.09238593750000001,0.844084375,0.06352968749999999
50600,1.2105587500000001,0.09169374999999999,0.8447812500000002,0.063525
50700,1.20964390625,0.09126875,0.8460749999999998,0.06265625000000002
50800,1.2083734375000001,0.09083281250000001,0.8471109375000002,0.06205625
50900,1.2070003125000002,0.09053281249999999,0.8480703124999999,0.06139687500000002
51000,1.2065417187500005,0.08989999999999998,0.8480265625,0.062073437499999995
51100,1.2060110937499997,0.0897390625,0.8483812500000002,0.0618796875
51200,1.2059371875,0.08984375,0.8480718749999999,0.062084375000000004
51300,1.2048923437499999,0.08922343750000002,0.8485984374999999,0.062178124999999994
51400,1.2044834375000002,0.08871250000000004,0.8486890625000002,0.06259843749999998
51500,1.2041612499999998,0.08863125,0.849078125,0.06229062500000003
51600,1.2041642187500003,0.08852968750000001,0.8487374999999999,0.06273281250000003
51700,1.2039828124999998,0.08853906249999999,0.8487000000000001,0.0627609375
51800,1.2044845312499999,0.088415625,0.8480453124999998,0.06353906250000002
51900,1.2042471875000003,0.08830468749999999,0.8480812499999998,0.06361406249999998
52000,1.2042785937500002,0.08807968750000002,0.8479078124999999,0.0640125
52100,1.2046764062500002,0.08825000000000001,0.8474703125000002,0.0642796875
52200,1.2047157812499998,0.08802031250000002,0.8472328124999999,0.06474687500000002
52300,1.20438796875,0.0880171875,0.8473874999999998,0.06459531249999997
52400,1.2040387500000003,0.088046875,0.8474687499999999,0.06448437500000001
52500,1.20402765625,0.08792031249999999,0.8477312499999999,0.06434843750000001
52600,1.2034784374999996,0.08753437500000001,0.8483609375000001,0.06410468750000001
52700,1.2035340625,0.08771250000000001,0.8486968749999999,0.06359062499999998
52800,1.2028635937499996,0.0874859375,0.8493703124999998,0.06314375
52900,1.2027837500000003,0.0873703125,0.849484375,0.06314531250000001
53000,1.2025809375,0.08750624999999998,0.8498515624999999,0.0626421875
53100,1.2024420312499997,0.08752343749999998,0.8497578124999997,0.06271874999999999
53200,1.20227453125,0.08758437499999999,0.8501546874999999,0.0622609375
53300,1.2025721875000004,0.08775000000000001,0.8499718749999997,0.062278125
