step,mean_aspect_ratio,fraction_elongated,fraction_round,fraction_binary
100,1.0,0.0,1.0,0.0
200,1.3057090625,0.0306875,0.3788015625,0.5905109375
300,1.3809273437499998,0.07435937499999999,0.4007531250000001,0.5248875
400,1.4304498437500002,0.11243906250000003,0.43845312499999994,0.4491078124999999
500,1.4693409375000004,0.14498437499999997,0.47170312499999983,0.3833125
600,1.5013223437500003,0.17170625000000003,0.49366406250000006,0.3346296875000001
700,1.5266079687500003,0.19381718749999993,0.510571875,0.2956109375
800,1.5478181250000005,0.2119921875,0.5210499999999998,0.26695781250000006
900,1.5657895312499996,0.22615000000000007,0.5260640625,0.2477859375
1000,1.5819354687499998,0.23823593749999997,0.5267421874999999,0.23502187500000005
1100,1.5968729687499998,0.24874531249999995,0.5271890625000002,0.224065625
1200,1.6111231250000002,0.25849218750000014,0.525890625,0.21561718749999997
1300,1.6246334375000004,0.26752812500000006,0.522478125,0.20999374999999998
1400,1.6352664062499995,0.2742640625,0.5196140625,0.20612187499999995
1500,1.64623984375,0.28089375000000005,0.5158109375000001,0.20329531249999996
1600,1.6556121874999996,0.28670937500000004,0.5133234375,0.19996718750000006
1700,1.6661321874999995,0.29301718750000005,0.5086390624999999,0.19834375000000007
1800,1.6742323437499997,0.2977390625,0.5060406249999999,0.19622031250000005
1900,1.68127796875,0.3027328125,0.5045359375,0.19273125000000002
2000,1.6890715624999997,0.3072375,0.5017390625000001,0.19102343750000006
2100,1.6953271875,0.3108109375,0.4998609375,0.189328125
2200,1.7008704687499998,0.3143734375,0.49835468749999995,0.18727187500000003
2300,1.7073576562500001,0.3186640625,0.4958406250000001,0.18549531249999993
2400,1.7129189062499999,0.32144843749999996,0.493615625,0.1849359375
2500,1.7171387499999997,0.324265625,0.493475,0.18225937499999995
2600,1.7208662499999996,0.32613124999999993,0.49210312500000003,0.18176562499999996
2700,1.72463328125,0.3286484375000001,0.4896921874999999,0.18165937500000004
2800,1.7298501562499995,0.33191406250000005,0.487028125,0.18105781250000003
2900,1.7347959375000004,0.3344734375000001,0.4847812499999997,0.1807453125
3000,1.7395195312499998,0.33771562500000013,0.48319843749999997,0.17908593749999993
3100,1.7430768750000003,0.34010937500000005,0.4815953125000001,0.17829531249999994
3200,1.7473475,0.34274843749999995,0.48039218749999996,0.17685937499999999
3300,1.7513790624999999,0.34548749999999984,0.47845,0.17606250000000004
3400,1.7550531249999999,0.3474390624999999,0.476315625,0.17624531249999997
3500,1.7601129687500008,0.35044374999999994,0.47435,0.17520625000000004
3600,1.7658826562499996,0.35307343749999986,0.4711656250000001,0.17576093750000005
3700,1.7699528124999995,0.3551578125000001,0.4692671875,0.17557499999999998
3800,1.7738025,0.3571906250000001,0.4681937500000001,0.17461562500000002
3900,1.7773978125,0.35990468750000004,0.46594687500000026,0.17414843749999998
4000,1.782040312500001,0.36250781249999997,0.46380625000000003,0.17368593750000003
4100,1.7861842187499997,0.3648421875,0.46115000000000006,0.17400781249999997
4200,1.79066671875,0.366878125,0.45985468749999986,0.17326718750000003
4300,1.7935617187499997,0.3690421875000001,0.45896562499999993,0.17199218749999998
4400,1.79595,0.370515625,0.45798281249999995,0.17150156249999998
4500,1.7977718749999998,0.3714625,0.457509375,0.17102812500000006
4600,1.8009449999999998,0.37313125,0.4559046875000001,0.17096406249999993
4700,1.80265234375,0.37396718749999996,0.45621093749999986,0.16982187499999996
4800,1.8044692187499998,0.3751265625000001,0.4556000000000001,0.16927343749999996
4900,1.8059153124999994,0.3766171875,0.4550390625,0.16834374999999996
5000,1.8082770312499994,0.3772593750000001,0.45327187499999994,0.16946874999999997
5100,1.8101182812500003,0.3776765625000001,0.4519359375000001,0.17038750000000003
5200,1.8109626562500007,0.37865156250000004,0.4526859374999999,0.1686624999999999
5300,1.8127662500000004,0.38051093750000003,0.4521,0.16738906249999996
5400,1.8148214062500003,0.3818484374999999,0.45165000000000016,0.1665015625
5500,1.8173284375,0.3833156249999998,0.45054374999999997,0.16614062499999993
5600,1.8190939062499996,0.38466406249999996,0.44948437499999994,0.16585156249999994
5700,1.8216248437500002,0.38578906249999995,0.4483156249999999,0.1658953125
5800,1.8236014062500008,0.38683281250000007,0.44714531249999995,0.16602187500000007
5900,1.82540171875,0.38786249999999994,0.4463281249999999,0.16580937499999998
6000,1.8270303124999998,0.388315625,0.4454703125000001,0.16621406249999995
6100,1.8273126562499997,0.38831249999999995,0.44515000000000005,0.16653749999999998
6200,1.8274771875,0.3884156250000001,0.4450343749999998,0.16655000000000003
6300,1.8288198437500005,0.3894968749999999,0.44487812499999996,0.165625
6400,1.8300518750000008,0.39061250000000014,0.4450078125,0.16437968750000004
6500,1.83122828125,0.39085312499999997,0.4442375,0.164909375
6600,1.830641406249999,0.39043124999999995,0.44455312500000005,0.16501562499999997
6700,1.8300303124999997,0.3905921875000001,0.44499531249999996,0.16441249999999993
6800,1.83121265625,0.3910156249999999,0.4447234375,0.16426093750000004
6900,1.8329471875,0.39171250000000013,0.4431687500000001,0.16511875000000004
7000,1.8343559374999994,0.3923234375000001,0.44212187499999994,0.1655546875
7100,1.8350831250000001,0.39255781250000016,0.44181093750000006,0.16563124999999995
7200,1.8366207812499997,0.39347499999999996,0.44121874999999994,0.16530625000000002
7300,1.8396495312500007,0.39487812499999997,0.43975156249999997,0.16537031250000003
7400,1.84139203125,0.39585937500000007,0.4387515625,0.16538906250000002
7500,1.8421264062500007,0.3960421875000001,0.4383921874999999,0.16556562500000005
7600,1.8431153125000004,0.39662187500000007,0.43748281250000015,0.1658953125
7700,1.8453517187500008,0.397621875,0.43601249999999997,0.166365625
7800,1.8476775000000003,0.3992140625,0.43533125,0.16545468750000003
7900,1.8492371875,0.4001296874999999,0.4351546874999999,0.16471562499999995
8000,1.8500550000000004,0.40141093750000006,0.43607187500000016,0.1625171875
8100,1.8509410937500002,0.4017171874999999,0.4357687499999999,0.16251406250000003
8200,1.8519051562499997,0.40259374999999986,0.436075,0.16133124999999998
8300,1.85169953125,0.40248593750000006,0.4361828125000001,0.16133124999999995
8400,1.8529017187500005,0.4034218749999999,0.4358234375,0.16075468750000005
8500,1.8561107812499995,0.40472500000000006,0.43294374999999996,0.16233125
8600,1.8579067187499994,0.4052218750000001,0.431796875,0.16298125
8700,1.8591081249999997,0.4063093749999999,0.4312218749999999,0.16246874999999997
8800,1.8607357812499996,0.40677500000000005,0.4303703125,0.16285468749999998
8900,1.8621684374999998,0.40743281250000013,0.4295828125,0.16298437500000001
9000,1.86292625,0.40823593750000003,0.4295640624999999,0.16219999999999996
9100,1.8654101562500005,0.409159375,0.42732500000000007,0.16351562499999997
9200,1.8663001562500003,0.4094312499999999,0.42699062500000007,0.163578125
9300,1.86787515625,0.4098656249999999,0.4263609374999999,0.16377343749999998
9400,1.86844875,0.4103312499999999,0.42632187500000013,0.16334687499999995
9500,1.868210156249999,0.41049999999999986,0.4265875,0.1629124999999999
9600,1.86928796875,0.41136406249999996,0.4265671874999999,0.16206875
9700,1.8700346874999987,0.41212031250000014,0.42663281250000007,0.16124687500000004
9800,1.8700507812499996,0.4122421875000002,0.4265312499999999,0.16122656249999998
9900,1.8711112500000004,0.41315937499999994,0.42642968750000015,0.16041093750000004
10000,1.87158671875,0.4132812500000001,0.4261703125,0.16054843749999997
10100,1.87240375,0.41388593749999997,0.4259015624999999,0.16021249999999998
10200,1.8740385937499997,0.4147171875000001,0.4245421875000001,0.16074062499999994
10300,1.87559921875,0.4153203125000001,0.42323281249999994,0.161446875
10400,1.8767646875000001,0.41591093750000013,0.4222609375,0.16182812500000004
10500,1.87791828125,0.4161203125000001,0.42157812499999997,0.16230156249999994
10600,1.87830140625,0.41630312500000005,0.420403125,0.16329375000000002
10700,1.8792904687500005,0.4164125000000002,0.41966249999999994,0.16392500000000002
10800,1.8798962500000003,0.41617812500000007,0.41977968750000005,0.16404218750000008
10900,1.88082875,0.4168890625000001,0.41891875,0.1641921875
11000,1.8827690625000002,0.4174828125000001,0.4178828125000001,0.16463437499999997
11100,1.8838059374999996,0.41859843750000003,0.4180187499999999,0.1633828125
11200,1.88446484375,0.41903749999999984,0.4175937499999999,0.16336875000000003
11300,1.8846374999999997,0.41907031250000004,0.41749062500000006,0.16343906249999998
11400,1.8855621875000008,0.419409375,0.41740625,0.16318437500000005
11500,1.88574578125,0.41977812500000017,0.4177843749999999,0.1624375
11600,1.8853857812500008,0.41964843749999986,0.417946875,0.16240468749999992
11700,1.8854793750000003,0.4196890625000001,0.41781250000000003,0.1624984375
11800,1.8865946875000001,0.42059843750000003,0.4173093749999999,0.16209218750000004
11900,1.8873403125000006,0.42059375,0.416278125,0.16312812499999996
12000,1.8888931249999998,0.4214109374999999,0.41564062500000015,0.16294843750000004
12100,1.8895515625,0.4217578124999999,0.41560781249999984,0.16263437499999997
12200,1.8892778124999996,0.42159062500000005,0.41633593750000003,0.16207343750000003
12300,1.8898907812500003,0.42227656249999995,0.416390625,0.16133281250000006
12400,1.8895418749999997,0.42246406250000007,0.41667656250000007,0.16085937500000008
12500,1.8891121875,0.42246874999999995,0.4171515625,0.1603796875
12600,1.8881965625000003,0.4218421875,0.4178625,0.1602953125
12700,1.8889706249999993,0.422046875,0.416878125,0.16107499999999994
12800,1.8898876562499998,0.4227265625,0.41650624999999997,0.1607671875
12900,1.8904660937500002,0.4232218749999999,0.4155234374999998,0.16125468750000008
13000,1.8917571874999999,0.42286406249999986,0.41401875000000005,0.16311718749999998
13100,1.89398890625,0.4240781250000001,0.41258281250000006,0.16333906249999997
13200,1.8956756249999995,0.42491562500000024,0.41107031249999987,0.16401406249999997
13300,1.8979812500000002,0.42595468749999993,0.40948437500000007,0.16456093750000003
13400,1.9012484375000005,0.4279656250000001,0.4076593749999999,0.164375
13500,1.90521359375,0.42940937500000004,0.40553124999999984,0.165059375
13600,1.9066623437499999,0.4304375000000001,0.4059484374999999,0.16361406250000005
13700,1.9087148437499994,0.43143124999999993,0.40466875,0.1639
13800,1.9096540625000007,0.4316999999999999,0.40413906250000003,0.16416093750000002
13900,1.9103299999999999,0.432159375,0.40447812499999997,0.16336250000000002
14000,1.9105023437499995,0.43250624999999987,0.40417343750000007,0.16332031249999998
14100,1.9112068749999997,0.4323859375,0.4043406250000001,0.1632734375
14200,1.9109673437499999,0.4324593750000001,0.4045578124999999,0.16298281250000005
14300,1.9106096875,0.43227343749999997,0.40425625000000004,0.16347031250000005
14400,1.9105814062499995,0.4321062500000001,0.4040546875,0.16383906250000002
14500,1.9106151562499998,0.43183593750000004,0.4039484374999999,0.16421562500000003
14600,1.9107904687500001,0.4322187500000001,0.40421875,0.1635625
14700,1.9097006250000002,0.4321843749999999,0.4053796875,0.16243593749999996
14800,1.9092853124999996,0.4323171875000002,0.40581875000000006,0.16186406250000002
14900,1.9108557812499996,0.43277499999999997,0.40500312499999996,0.1622218750000001
15000,1.9113092187500003,0.4329453125,0.4054999999999999,0.16155468749999996
15100,1.9106470312500001,0.43275624999999995,0.405615625,0.16162812499999996
15200,1.9105589062500001,0.4324234375,0.40546406249999994,0.1621124999999999
15300,1.9110537500000002,0.4325812499999999,0.4052640625,0.16215468749999995
15400,1.9097837500000001,0.43226562499999993,0.40615468750000017,0.16157968750000004
15500,1.9084548437499995,0.43166875000000005,0.4069765625,0.1613546875
15600,1.9089273437499992,0.4316734375,0.40632187500000017,0.1620046875
15700,1.9080528125000003,0.43118750000000006,0.4073171875,0.1614953125
15800,1.9075993749999995,0.431121875,0.40739531249999994,0.16148281249999996
15900,1.908022968749999,0.4313859374999999,0.4068312499999999,0.1617828125
16000,1.90790640625,0.4315859375,0.40705625,0.16135781249999992
16100,1.9079628124999999,0.43165468749999997,0.4069765625,0.16136874999999998
16200,1.9083939062499993,0.43172656249999997,0.4069703125000001,0.161303125
16300,1.9086053125,0.4316281249999999,0.40623437499999987,0.1621375
16400,1.9099245312499997,0.43259687500000005,0.40569687500000007,0.16170625000000002
16500,1.9090657812499998,0.43151250000000013,0.40589687500000016,0.16259062499999996
16600,1.9085426562499996,0.4313921874999999,0.4066031249999999,0.1620046875
16700,1.9080715624999998,0.4311656250000002,0.4075765624999999,0.16125781250000001
16800,1.9083510937499994,0.4316265625,0.40737812500000004,0.16099531249999996
16900,1.9091803124999998,0.4321921874999999,0.4067187499999999,0.1610890625
17000,1.9094012499999993,0.43274062500000016,0.4072062500000002,0.16005312500000002
17100,1.9085942187500007,0.43254531250000006,0.40820156250000006,0.15925312500000002
17200,1.9084828124999995,0.4330218750000001,0.4084203125,0.15855781250000003
17300,1.9082457812500004,0.4328406250000002,0.4083390624999999,0.1588203125
17400,1.9073050000000003,0.432021875,0.4085812499999998,0.15939687500000005
17500,1.9072060937499997,0.4315125000000001,0.4075281249999999,0.16095937500000002
17600,1.9089392187500003,0.43216249999999995,0.4060359375,0.1618015625
17700,1.9109665625000003,0.4331812499999999,0.4048281250000001,0.16199062499999997
17800,1.9120657812499997,0.4331468750000001,0.40287812499999986,0.16397499999999998
17900,1.9141039062499998,0.43382656250000007,0.4017125,0.16446093749999996
18000,1.9156706250000004,0.4345812499999999,0.4006140625000001,0.1648046875
18100,1.9176181250000008,0.4353234374999999,0.3986687499999999,0.1660078125
18200,1.9200729687499998,0.4365484375,0.3974515625,0.16599999999999993
18300,1.9235781250000001,0.4382078125000002,0.3955187500000001,0.1662734375
18400,1.92565125,0.43942968750000005,0.39456406250000015,0.16600625000000002
18500,1.9273679687499998,0.44086718749999987,0.39381562500000006,0.16531718750000005
18600,1.9274226562500003,0.4404453125,0.39383593750000007,0.16571874999999997
18700,1.92907140625,0.4416812500000001,0.3931890625,0.16512968749999996
18800,1.9293098437499996,0.4421546875,0.39399218750000004,0.163853125
18900,1.9284142187499997,0.44224062500000005,0.3957859375,0.16197343749999998
19000,1.9254398437500002,0.4402750000000001,0.3980406250000001,0.161684375
19100,1.9221159375000005,0.4384625,0.4000953124999999,0.1614421875
19200,1.9190095312500002,0.43718749999999995,0.4024093749999999,0.160403125
19300,1.9166135937500006,0.43603281250000003,0.4038078125,0.160159375
19400,1.9142351562500002,0.43496874999999996,0.4052046874999999,0.1598265625
19500,1.9134487500000001,0.43481093750000005,0.40642812500000003,0.1587609375
19600,1.9128903124999999,0.4344421875000001,0.4067640625000001,0.15879374999999998
19700,1.9113206250000006,0.43384375,0.40765468750000006,0.15850156250000003
19800,1.91048375,0.4333625,0.4079765625000001,0.15866093750000002
19900,1.9104309375000004,0.43335624999999983,0.4084046875000001,0.15823906249999994
20000,1.9089651562499994,0.4326156249999999,0.4089593749999999,0.15842500000000004
20100,1.90809765625,0.43189375,0.40963281250000005,0.15847343750000004
20200,1.90919296875,0.4322093750000002,0.4088921874999999,0.15889843750000002
20300,1.9105117187500003,0.4327750000000001,0.4074187499999999,0.15980624999999996
20400,1.91255828125,0.43367656250000003,0.40598906249999994,0.16033437499999995
20500,1.9138148437499998,0.4343796875000001,0.40597812499999986,0.1596421875
20600,1.9147967187499997,0.43527968750000007,0.4050500000000001,0.15967031249999997
20700,1.9146717187500004,0.43597812499999994,0.40536562499999995,0.15865625000000003
20800,1.915725625,0.43601562499999996,0.404140625,0.15984374999999998
20900,1.9161951562499993,0.4362218749999999,0.40325,0.1605281250000001
21000,1.9173250000000002,0.4358296875,0.40299062500000005,0.1611796875
21100,1.91752484375,0.4363156249999999,0.403025,0.16065937499999997
21200,1.9178131249999992,0.43724999999999997,0.40330625000000014,0.15944375000000002
21300,1.9182539062499993,0.43679062500000004,0.40280468750000004,0.16040468749999998
21400,1.9188478124999997,0.43738750000000015,0.40184374999999994,0.16076875000000002
21500,1.918948125,0.4376671875,0.402028125,0.1603046875
21600,1.92030625,0.4380171875000001,0.40110312500000017,0.16087968749999998
21700,1.9205351562500004,0.43840312499999995,0.4009562500000001,0.160640625
21800,1.9206346875000002,0.43858437499999986,0.4005796875,0.16083593750000005
21900,1.9218898437499998,0.4388437499999999,0.39940312499999997,0.16175312499999997
22000,1.9237415624999996,0.4397031250000002,0.3989859375,0.16131093749999997
22100,1.9242109375000003,0.439603125,0.39814374999999996,0.162253125
22200,1.9246731249999998,0.4398125,0.39818749999999997,0.16200000000000003
22300,1.9228451562500002,0.4388703124999999,0.39950312499999985,0.16162656250000002
22400,1.9215295312499994,0.4384281249999999,0.4000562500000001,0.16151562499999997
22500,1.9208801562499995,0.4379687500000001,0.4001234374999999,0.16190781250000005
22600,1.9205753124999996,0.43768750000000006,0.40036093749999996,0.16195156250000003
22700,1.920578125,0.43758750000000013,0.40028593749999986,0.16212656250000004
22800,1.9214495312499997,0.4383468749999998,0.39934843750000004,0.1623046874999999
22900,1.9219682812499999,0.4387749999999998,0.40005000000000007,0.16117499999999998
23000,1.9226656249999994,0.4392937500000001,0.3998953125,0.1608109375
23100,1.9220468750000006,0.4391890625000002,0.4004500000000001,0.16036093750000002
23200,1.9212384374999993,0.43892812499999995,0.40172187500000023,0.15935000000000002
23300,1.9215851562499997,0.4393656249999999,0.4013140625,0.15932031249999992
23400,1.9230367187499997,0.4397781250000001,0.4004718749999999,0.15975
23500,1.9250320312499998,0.4405593749999999,0.3985265624999999,0.1609140625
23600,1.9257220312499999,0.4412906249999999,0.3986328124999999,0.16007656250000005
23700,1.9263465624999996,0.4416062500000001,0.3988359374999999,0.15955781249999998
23800,1.9262237499999997,0.44130781249999995,0.3993234375,0.15936875
23900,1.9253253124999998,0.44130937500000017,0.40030625,0.15838437499999997
24000,1.9265245312500006,0.4420796875000001,0.3992468749999999,0.1586734375
24100,1.9281751562499996,0.4424734375,0.3979171875,0.159609375
24200,1.9295285937499995,0.44329375,0.3968640625,0.1598421875
24300,1.9305589062499997,0.44392812499999995,0.39651875000000003,0.159553125
24400,1.9314737499999992,0.44397343749999985,0.39555625,0.16047031250000002
24500,1.930875,0.44353750000000014,0.39646406250000005,0.15999843749999998
24600,1.9303051562500002,0.44332187500000003,0.396759375,0.15991875
24700,1.9299457812499998,0.4431828125,0.3969859375,0.15983125
24800,1.9293154687500005,0.4429375,0.3976218750000001,0.159440625
24900,1.9278357812500002,0.44190781249999994,0.39840156250000014,0.15969062499999995
25000,1.9250410937500004,0.4402765624999999,0.4001406250000001,0.15958281249999995
25100,1.9221321875,0.43884843749999997,0.40178593750000013,0.15936562499999998
25200,1.9199476562500002,0.4374890624999998,0.40285937499999985,0.15965156249999995
25300,1.9185899999999994,0.43708437500000014,0.40429843750000005,0.1586171875
25400,1.9176537500000002,0.4365078125,0.40454218749999993,0.15894999999999998
25500,1.9157846875,0.43548281250000004,0.40561718750000003,0.15889999999999999
25600,1.9140640625000003,0.4349125000000001,0.40637968750000014,0.15870781249999996
25700,1.9143307812500001,0.4348187500000001,0.4056078125,0.15957343749999997
25800,1.9139723437499998,0.4345250000000001,0.4055749999999999,0.15989999999999996
25900,1.9147143749999993,0.43477343749999997,0.4049171875,0.160309375
26000,1.9156739062500008,0.43487500000000007,0.4041609375,0.16096406249999995
26100,1.9167278124999996,0.43551406249999985,0.4029312500000001,0.16155468749999996
26200,1.9172971875000009,0.43523906249999994,0.4026968749999999,0.16206406249999994
26300,1.9190003125,0.4358312499999999,0.40099218750000004,0.1631765625
26400,1.9214221875000004,0.43658749999999996,0.39897656249999996,0.16443593750000002
26500,1.92282625,0.43722187500000004,0.3984203125,0.16435781249999995
26600,1.924130625,0.43739843749999996,0.39749218750000015,0.16510937500000003
26700,1.925020625,0.43807031249999995,0.3973234375000001,0.16460625
26800,1.925543125,0.4385968749999998,0.3963578125,0.16504531249999996
26900,1.9264365624999995,0.4389843750000001,0.39608593750000004,0.16492968749999995
27000,1.9275720312499998,0.43939843749999985,0.39474843749999994,0.16585312499999993
27100,1.9285474999999996,0.43986406250000004,0.3938359374999997,0.16629999999999998
27200,1.9302556250000003,0.4405390624999999,0.39276874999999994,0.16669218750000003
27300,1.9316396874999997,0.44171874999999994,0.39228593750000007,0.16599531250000008
27400,1.9330745312500004,0.4427390625,0.39230937499999985,0.1649515625
27500,1.934586718750001,0.4439265625,0.3918921875000001,0.16418125
27600,1.9367292187499998,0.4455453125,0.39101874999999997,0.16343593750000002
27700,1.9376170312499992,0.44602031250000007,0.3911390624999999,0.16284062500000004
27800,1.9365006250000003,0.44573593750000007,0.39142968749999996,0.162834375
27900,1.9353887499999998,0.4454031250000001,0.39294999999999997,0.161646875
28000,1.9334274999999999,0.44457812500000005,0.3938171875,0.16160468750000004
28100,1.9325131250000003,0.4438890625,0.3941671874999998,0.16194375000000005
28200,1.9320109374999996,0.4434937500000002,0.3943546875000001,0.1621515625
28300,1.9318675000000005,0.44338593749999994,0.3947125000000001,0.1619015625
28400,1.9310373437500004,0.4427046874999999,0.39506093750000004,0.16223437500000001
28500,1.93123734375,0.442884375,0.3947328125,0.1623828125
28600,1.9312171875000002,0.4427953124999999,0.39534531250000005,0.16185937500000003
28700,1.93102609375,0.442578125,0.3957828125,0.1616390625
28800,1.9299996874999996,0.44201874999999996,0.39589999999999986,0.16208124999999998
28900,1.92962875,0.4419421875000001,0.39577031249999983,0.16228750000000003
29000,1.9300485937499994,0.44140312500000006,0.3952015624999998,0.16339531250000003
29100,1.9298321875000009,0.44189999999999996,0.39590781250000007,0.16219218749999997
29200,1.9296948437499992,0.4421156249999999,0.39627187500000005,0.1616125
29300,1.92879859375,0.4415500000000001,0.3966359374999999,0.1618140625
29400,1.9284749999999995,0.44127343749999975,0.3973578125,0.16136874999999998
29500,1.9271232812499999,0.44093281250000005,0.39861406250000003,0.160453125
29600,1.9250879687500009,0.4398812499999999,0.39990000000000014,0.16021875
29700,1.9230959374999996,0.4392203125,0.4007218749999999,0.16005781250000004
29800,1.9219457812499998,0.43817812500000003,0.40114375,0.160678125
29900,1.9207150000000002,0.437640625,0.40242656250000014,0.1599328125
30000,1.9193046875000008,0.43716406250000006,0.4030999999999999,0.1597359375
30100,1.9187181250000003,0.4365,0.4033640625000001,0.16013593750000008
30200,1.9182178125,0.43622031250000004,0.40394687500000026,0.15983281249999995
30300,1.9176028124999998,0.43620781249999996,0.40427968749999993,0.15951249999999997
30400,1.91679953125,0.43636406250000004,0.40569687499999996,0.15793906249999998
30500,1.9164054687499998,0.43655156250000005,0.40525937499999987,0.1581890625
30600,1.9170598437500002,0.43690156250000006,0.40435468750000003,0.15874374999999993
30700,1.9172009374999992,0.4365078125,0.4041437499999998,0.15934843750000005
30800,1.9183399999999997,0.43697187499999995,0.40303437499999994,0.15999374999999993
30900,1.9190642187499996,0.43739843749999996,0.4024531249999999,0.16014843750000002
31000,1.9195260937500005,0.4374453124999999,0.4021765625000001,0.160378125
31100,1.92183125,0.4380640625,0.3996640624999999,0.16227187499999998
31200,1.9245448437500001,0.43928593750000006,0.39791406250000005,0.16280000000000003
31300,1.9264429687499995,0.4405093750000001,0.39694062500000016,0.16255
31400,1.9264273437500004,0.44017031249999994,0.39670000000000005,0.16312968749999995
31500,1.9264471874999998,0.4404484375,0.39687656250000003,0.16267499999999996
31600,1.9274329687500005,0.4408984375,0.39646093749999994,0.16264062499999993
31700,1.9294603125000007,0.44219687500000004,0.3958843749999999,0.16191875000000003
31800,1.9302842187500004,0.44323125000000013,0.3953203124999999,0.16144843749999999
31900,1.9300048437500001,0.44312656250000004,0.39549531250000003,0.16137812500000004
32000,1.9292298437500004,0.44274218750000016,0.39648437499999994,0.1607734375
32100,1.9282851562499996,0.44232656249999996,0.39729374999999983,0.16037968750000003
32200,1.9287015625000008,0.4432890625,0.39765781250000004,0.1590531250000001
32300,1.9284771875000002,0.44310312500000004,0.397909375,0.1589875
32400,1.9268848437499995,0.442434375,0.3997796874999999,0.15778593750000003
32500,1.92607703125,0.44186093750000005,0.40067812500000005,0.1574609375
32600,1.9256990625000001,0.4414296875,0.4007875,0.15778281249999998
32700,1.9265615624999999,0.44217187499999994,0.39985000000000004,0.15797812499999997
32800,1.9280598437499994,0.44215000000000015,0.39805468750000006,0.15979531249999998
32900,1.9302784374999997,0.4432640624999999,0.3968078124999999,0.15992812499999995
33000,1.9326068749999998,0.44441562500000004,0.3954578124999999,0.16012656249999996
33100,1.9339082812500006,0.4456046875000001,0.39510156250000006,0.15929374999999998
33200,1.9351528125000004,0.44621874999999994,0.3939390625,0.15984218750000004
33300,1.9357592187500003,0.44598281250000005,0.3928734375,0.16114375
33400,1.937141093749999,0.4465140625000001,0.3909734374999999,0.16251250000000003
33500,1.9394987500000005,0.447259375,0.38945937500000016,0.16328124999999993
33600,1.9427612499999996,0.4492765625,0.38786406250000005,0.162859375
33700,1.9450915625,0.45026875,0.38700156250000006,0.1627296875
33800,1.9457168750000007,0.4510718749999999,0.387646875,0.16128125000000001
33900,1.9462724999999994,0.45167812500000015,0.3869687500000001,0.161353125
34000,1.9448095312500004,0.4508625000000001,0.38850624999999994,0.16063124999999998
34100,1.9430212499999995,0.4499484375000001,0.3896656250000002,0.1603859375
34200,1.94137328125,0.44943906250000015,0.3910562499999997,0.15950468750000002
34300,1.9406040625000003,0.44939062500000004,0.39217968750000004,0.15842968749999994
34400,1.94206421875,0.45019375,0.3911999999999998,0.15860625000000003
34500,1.9432209375,0.4509671875,0.39098125,0.15805156250000005
34600,1.94414234375,0.45129843750000004,0.3906296874999998,0.15807187499999997
34700,1.9438721875,0.45094375,0.3908734375,0.15818281249999994
34800,1.9427184374999997,0.4504328125000001,0.39178906249999995,0.157778125
34900,1.9427279687499999,0.4513499999999999,0.39216562499999985,0.15648437499999998
35000,1.9422664062500001,0.45116874999999995,0.39268281250000003,0.15614843749999996
35100,1.9424132812500003,0.4509453125000001,0.39199843749999996,0.15705625000000006
35200,1.9421465624999994,0.45095,0.39233125,0.15671874999999993
35300,1.9428271875000003,0.45133750000000006,0.39206562500000003,0.15659687500000005
35400,1.9431625,0.451465625,0.39173437499999986,0.15680000000000005
35500,1.9423610937499998,0.4509250000000001,0.39138593749999995,0.1576890625
35600,1.9431060937500004,0.451546875,0.39082656249999986,0.15762656250000004
35700,1.9441379687500004,0.45271718749999995,0.39100468749999995,0.156278125
35800,1.94575734375,0.4530406250000001,0.38996875,0.156990625
35900,1.9467624999999997,0.4533281250000001,0.38933750000000006,0.15733437499999994
36000,1.9459931250000004,0.4530625000000001,0.3900124999999998,0.15692500000000004
36100,1.9442468750000002,0.45232031249999977,0.39119531250000017,0.15648437499999998
36200,1.9428298437499998,0.4519562499999999,0.3926140625000001,0.15542968749999997
36300,1.9416425000000002,0.450725,0.392740625,0.15653437499999995
36400,1.9410393749999997,0.45053750000000004,0.39322968749999987,0.1562328125
36500,1.9409468750000003,0.4504421874999999,0.39333281249999996,0.156225
36600,1.9404537499999992,0.4497624999999999,0.39330468749999986,0.1569328125
36700,1.9400910937500004,0.4497406250000001,0.3932296875,0.1570296875
36800,1.9410781249999998,0.44986875,0.39186562500000005,0.15826562500000002
36900,1.9423653124999993,0.450290625,0.39110625000000016,0.15860312500000004
37000,1.9436643750000004,0.45085937500000006,0.39063593750000014,0.15850468749999996
37100,1.94492640625,0.4521187500000001,0.3896875,0.15819374999999997
37200,1.9465323437500002,0.45265312500000005,0.38854843749999995,0.1587984375
37300,1.9484004687499998,0.45338750000000005,0.3872437499999999,0.15936874999999998
37400,1.9488773437500002,0.45387656250000014,0.3874453125,0.15867812500000003
37500,1.9487525000000003,0.4537984375,0.387178125,0.15902343749999992
37600,1.9490298437500002,0.4538749999999999,0.38678125,0.15934374999999992
37700,1.949399375,0.45366406250000013,0.3862343750000001,0.16010156249999996
37800,1.9501059374999998,0.45433593749999995,0.38498437499999993,0.16067968749999997
37900,1.9528868750000001,0.45546562500000015,0.3836984375,0.1608359375
38000,1.954269375,0.4561046875,0.3830281250000001,0.16086718750000004
38100,1.9538696874999992,0.4559812499999999,0.3836453125000001,0.16037343750000002
38200,1.9549039062499993,0.45655156249999995,0.3832765625000001,0.160171875
38300,1.9541985937500002,0.45655312500000017,0.38372343750000004,0.15972343749999998
38400,1.9537012500000002,0.4562640625000002,0.38417187500000005,0.15956406249999996
38500,1.9530489062499996,0.45634531250000004,0.3850203125,0.15863437500000002
38600,1.9525317187500002,0.4559703125,0.38549375,0.1585359375
38700,1.9519203125000004,0.45513906250000025,0.38517343750000016,0.15968749999999998
38800,1.9517326562500001,0.4551203125,0.3857203125000001,0.15915937499999994
38900,1.95088625,0.4549609375,0.38640937500000005,0.1586296875
39000,1.9502018749999999,0.4548374999999999,0.3874765625,0.1576859375
39100,1.9502975000000005,0.4554718749999999,0.38798906250000015,0.15653906250000005
39200,1.9495903125,0.4551359375,0.38863906250000013,0.15622500000000003
39300,1.9491557812499993,0.4553765624999999,0.3885671875,0.15605625
39400,1.94893578125,0.4548828125000001,0.3882578125,0.156859375
39500,1.9492017187499997,0.4548171875,0.3885218749999999,0.15666093750000004
39600,1.9507367187500007,0.45587968749999985,0.38791093750000016,0.15620937499999998
39700,1.9515292187500002,0.45617656249999994,0.38697812500000006,0.15684531250000003
39800,1.9528951562500003,0.4560171875000001,0.3855390625000002,0.15844374999999997
39900,1.95322390625,0.4560281250000001,0.38508437500000003,0.1588875
40000,1.9543890625000004,0.45685156249999986,0.3838265625,0.15932187499999997
40100,1.95499828125,0.4567359375000001,0.38325781249999985,0.16000625000000002
40200,1.9554924999999999,0.45653593750000004,0.3829031249999999,0.16056093749999995
40300,1.9559323437499998,0.4570609374999999,0.3823890625000001,0.16055
40400,1.9566385937499997,0.45761406250000003,0.3825859375000001,0.15980000000000008
40500,1.958271875,0.4579734375,0.3815796874999999,0.16044687500000007
40600,1.9597057812499998,0.45873593749999986,0.3807296875000001,0.16053437500000006
40700,1.9605753125,0.4590281250000001,0.3803343749999998,0.16063750000000002
40800,1.9609456250000008,0.4592890624999999,0.3803296874999999,0.16038125000000006
40900,1.9605971875000001,0.4591953125,0.38061874999999995,0.16018593750000007
41000,1.9598201562500006,0.45855000000000024,0.38123125,0.16021875
41100,1.9594175000000003,0.4586843749999999,0.3814265625,0.15988906249999996
41200,1.9587143750000002,0.4584781249999999,0.3823640625000001,0.1591578125
41300,1.9567606249999998,0.4574781249999999,0.3834734375,0.15904843750000008
41400,1.9553839062499998,0.456934375,0.38431250000000006,0.15875312499999997
41500,1.954954687499999,0.4565437499999999,0.38434375,0.15911250000000005
41600,1.9539015625,0.45633437499999996,0.38487031250000003,0.15879531249999998
41700,1.954575156250001,0.4560093750000002,0.38418906249999996,0.15980156250000005
41800,1.9548100000000004,0.45632812500000003,0.38421406250000006,0.1594578125
41900,1.9533485937499995,0.455565625,0.3855609374999999,0.15887343750000002
42000,1.9522176562500004,0.4554046874999999,0.38584062499999994,0.1587546875
42100,1.9516356249999998,0.454403125,0.386103125,0.15949375
42200,1.950148125,0.45350625,0.3867156249999999,0.159778125
42300,1.9494306250000002,0.453046875,0.3870484374999999,0.15990468750000003
42400,1.9486782812499999,0.45269374999999995,0.38710625,0.16019999999999995
42500,1.94860390625,0.45262031250000023,0.3865546875,0.16082500000000005
42600,1.9496328125000002,0.45301093750000004,0.3860093749999999,0.16097968749999997
42700,1.9501724999999999,0.453203125,0.385746875,0.16104999999999997
42800,1.95040171875,0.4533796875000001,0.3856921874999999,0.1609281250000001
42900,1.9498659375,0.4530578125,0.38605624999999993,0.1608859375
43000,1.9502795312499994,0.4535125,0.38618750000000013,0.16030000000000003
43100,1.9506190625000004,0.4538484375000002,0.3863609375,0.15979062500000002
43200,1.9515200000000004,0.4539031249999999,0.3859796875,0.1601171875
43300,1.9517662500000001,0.4543499999999999,0.38589999999999997,0.15975
43400,1.9520385937500002,0.4545156249999999,0.3857359375,0.15974843750000003
43500,1.9527507812500002,0.455196875,0.38513125000000004,0.1596718749999999
43600,1.95360390625,0.4557578125000001,0.38439062499999993,0.1598515625
43700,1.9542701562500004,0.4560906250000001,0.3846984374999999,0.15921093749999995
43800,1.9551287500000005,0.4567812499999999,0.38445468749999984,0.15876406250000005
43900,1.9540296875000003,0.45646875,0.38483437499999995,0.158696875
44000,1.9542114062499993,0.4565671875000002,0.38478750000000006,0.15864531250000002
44100,1.9562346874999994,0.45749218750000004,0.38306250000000003,0.15944531249999994
44200,1.9571924999999994,0.4578828125,0.38249375,0.15962343749999994
44300,1.9598040625,0.45972812499999993,0.38049062499999997,0.15978124999999993
44400,1.9616056249999996,0.46007499999999985,0.37935468750000007,0.16057031249999995
44500,1.9618853125000004,0.4603000000000001,0.3797812499999999,0.15991874999999994
44600,1.96237671875,0.4605421875,0.37983750000000005,0.1596203125
44700,1.96216546875,0.4606578125,0.38014218749999984,0.1592
44800,1.9608812500000001,0.46029062499999984,0.38116406249999985,0.15854531249999995
44900,1.9593518749999996,0.4598109375,0.3827265624999999,0.15746250000000003
45000,1.9559090625,0.4583531249999999,0.38485312499999996,0.15679374999999998
45100,1.9546321875,0.4569421874999999,0.384984375,0.15807343750000002
45200,1.95432171875,0.45642812499999985,0.385403125,0.15816875000000002
45300,1.9535809375,0.4556812500000001,0.38543749999999993,0.15888125000000003
45400,1.9526375000000005,0.4553328125,0.3858609375000001,0.15880625
45500,1.9524535937499996,0.4554234375,0.38657968750000016,0.157996875
45600,1.9519381249999999,0.4555109375,0.38699218749999986,0.15749687499999998
45700,1.9528753125000002,0.45602656249999995,0.38659218749999985,0.15738125
45800,1.95422421875,0.45650000000000013,0.38589687500000003,0.157603125
45900,1.954893125000001,0.4566156249999999,0.3852390625,0.15814531249999997
46000,1.9558234375000008,0.4565375000000001,0.3843656249999999,0.15909687500000003
46100,1.957298593750001,0.45713281250000004,0.38330781250000007,0.15955937500000006
46200,1.9579821875000005,0.45806249999999993,0.3828093749999999,0.15912812499999998
46300,1.9591673437499997,0.4588343749999999,0.3823546875,0.15881093749999997
46400,1.9609187499999996,0.45959375,0.38085468750000007,0.1595515625
46500,1.9610706250000005,0.4595718750000001,0.38041093749999977,0.1600171875
46600,1.9614589062499999,0.4593843750000001,0.38048125000000016,0.16013437500000002
46700,1.9615937500000002,0.4596203125000001,0.3805421874999999,0.1598375
46800,1.9625607812499999,0.45998906250000016,0.3802515625000001,0.159759375
46900,1.9630990624999998,0.46065624999999993,0.37990937499999994,0.159434375
47000,1.96380515625,0.4608484375000001,0.3790640625000001,0.1600875
47100,1.9630648437500002,0.460446875,0.37902968750000005,0.16052343750000003
47200,1.96243046875,0.46012187500000024,0.3791703125,0.16070781250000002
47300,1.9625042187500001,0.4601515625,0.3792046874999999,0.16064374999999995
47400,1.96359796875,0.46086874999999994,0.378125,0.16100625
47500,1.9652754687499998,0.46137031249999993,0.3769156249999999,0.16171406249999992
47600,1.9664528125000003,0.46157968749999995,0.3757750000000001,0.16264531249999997
47700,1.9681154687500002,0.46225625000000004,0.37449375000000007,0.16324999999999995
47800,1.9692946875000001,0.4626375,0.37411718749999984,0.16324531250000002
47900,1.9692396875,0.4628546875,0.3741859374999999,0.162959375
48000,1.9696053124999997,0.4629171875000001,0.3743937499999999,0.16268906249999995
48100,1.9687318750000002,0.4623937499999998,0.374453125,0.16315312499999995
48200,1.9667004687500003,0.4612656249999998,0.375565625,0.16316874999999997
48300,1.9644014062500001,0.4599,0.37707187500000017,0.16302812500000002
48400,1.9626009375,0.45891718750000005,0.37842187499999996,0.16266093750000002
48500,1.9621465625,0.45888749999999995,0.37838125000000006,0.16273125000000002
48600,1.9620457812499998,0.4585765625,0.37816718750000017,0.16325625
48700,1.9615307812500005,0.45837812499999997,0.37877499999999986,0.162846875
48800,1.9600625,0.45771249999999997,0.3800109375000002,0.16227656250000008
48900,1.9597525000000002,0.45732656250000003,0.37933281250000006,0.16334062500000002
49000,1.9594890625,0.4572843750000001,0.37902656249999994,0.16368906250000004
49100,1.9600360937499997,0.4575671874999999,0.37878125,0.1636515625
49200,1.9598529687500001,0.45688125,0.3788687500000001,0.16425000000000006
49300,1.9586198437499995,0.4558546875000001,0.37967031250000005,0.16447499999999995
49400,1.9568106249999997,0.45476875000000017,0.3808499999999998,0.16438125000000003
49500,1.9549785937500002,0.45415,0.38213281250000003,0.1637171875
49600,1.9543292187499997,0.4542265625000001,0.3830984375,0.16267500000000001
49700,1.9532281250000005,0.45402812500000006,0.383940625,0.16203125000000002
49800,1.9529879687499994,0.453690625,0.38440468749999995,0.16190468749999998
49900,1.9512446874999998,0.45325937499999996,0.38551406250000003,0.1612265625000001
50000,1.9502656250000008,0.4530609375000001,0.3858234374999999,0.161115625
50100,1.9494903125000005,0.4528718749999999,0.3864046875000001,0.1607234375
50200,1.94866046875,0.4521859375000002,0.3865859374999999,0.16122812500000003
50300,1.9475590625,0.4515593750000001,0.38738749999999994,0.16105312500000002
50400,1.9473228125,0.45161406249999997,0.3881937500000001,0.16019218749999997
50500,1.9472290625000002,0.4513828125,0.38785000000000003,0.1607671875
50600,1.9461271875,0.4507296875,0.3881859375,0.16108437499999995
50700,1.9457657812499993,0.45017187499999994,0.3883312499999999,0.16149687500000004
50800,1.9447931250000001,0.449459375,0.3882843749999999,0.16225624999999996
50900,1.9445734374999994,0.4493562500000001,0.38903593749999993,0.16160781250000003
51000,1.94524375,0.449953125,0.3882234375000001,0.16182343749999994
51100,1.94626625,0.45007500000000006,0.3874515625000002,0.16247343749999998
51200,1.9471590625000006,0.45041875,0.3869812499999999,0.1626
51300,1.9478345312499996,0.45120625000000003,0.38762656250000005,0.1611671875
51400,1.9464135937499996,0.4509625,0.3886125,0.16042500000000004
51500,1.9462356250000001,0.4511640625,0.38841250000000005,0.1604234375
51600,1.9457590624999999,0.450825,0.38784843750000003,0.16132656249999994
51700,1.9437757812500003,0.4491734374999999,0.3888171875000001,0.16200937500000007
51800,1.9432854687500007,0.44897968749999995,0.38917031250000006,0.16184999999999994
51900,1.9433709375000001,0.44919218749999995,0.3896375,0.1611703125
52000,1.9438542187499996,0.4494265625,0.389146875,0.1614265625
52100,1.94358875,0.44890937500000005,0.3888484375000001,0.16224218749999997
52200,1.9432482812500005,0.4485171874999999,0.3883421875,0.16314062499999996
