step,mean_aspect_ratio,fraction_elongated,fraction_round,fraction_binary
100,1.0,0.0,1.0,0.0
200,1.0279393749999999,0.0012921875000000004,0.91480625,0.0839015625
300,1.0213034374999999,0.0015296874999999998,0.9316578125,0.0668125
400,1.0183551562499997,0.0014984374999999998,0.9380140625000002,0.060487500000000013
500,1.0166757812499998,0.0014640624999999999,0.9423000000000004,0.05623593749999999
600,1.0154846874999996,0.0015375,0.9454859374999997,0.05297656250000002
700,1.0149007812500002,0.001625,0.9482187500000001,0.050156250000000006
800,1.0145906249999999,0.001596875,0.9497765625000001,0.04862656249999998
900,1.0140789062500002,0.0015875,0.9517328125000001,0.0466796875
1000,1.013699375,0.0016359375000000002,0.9533343750000001,0.045029687500000005
1100,1.0133878125000002,0.0016968750000000005,0.9543062499999997,0.04399687500000001
1200,1.0132034374999999,0.0017593750000000003,0.9556828125000003,0.04255781250000001
1300,1.0133106249999997,0.0018125,0.9562984374999999,0.04188906250000001
1400,1.0133534375,0.0018593750000000006,0.9564250000000004,0.041715624999999985
1500,1.0132721875000001,0.0019156250000000004,0.9573265624999997,0.040757812500000004
1600,1.0133084374999999,0.0019812500000000004,0.9579312500000001,0.04008749999999999
1700,1.0131165625,0.0019546875,0.958484375,0.039560937500000004
1800,1.0131634374999998,0.0020765625000000003,0.9588687500000002,0.0390546875
1900,1.0133840624999997,0.0021499999999999996,0.9587468750000002,0.039103125000000016
2000,1.0133175000000003,0.0022515624999999997,0.9592687499999999,0.03847968750000002
2100,1.0134320312500003,0.002296875,0.9595625,0.038140625000000004
2200,1.0135076562500005,0.0024015624999999996,0.9598546874999998,0.037743750000000006
2300,1.01372765625,0.002510937500000001,0.960303125,0.03718593750000001
2400,1.0138567187499996,0.002567187500000001,0.9606781249999997,0.0367546875
2500,1.0142449999999998,0.002728124999999999,0.960375,0.03689687499999998
2600,1.0145835937499996,0.0028796874999999994,0.9601093749999999,0.03701093750000001
2700,1.01483765625,0.0030218750000000003,0.9602828124999996,0.036695312499999994
2800,1.0151371875000001,0.003179687499999999,0.9604296875000002,0.03639062500000001
2900,1.0154164062500002,0.0033515624999999995,0.9603890625,0.03625937499999999
3000,1.01590671875,0.003489062500000001,0.960171875,0.036339062499999984
3100,1.0160464062499999,0.00358125,0.9600671875000002,0.036351562500000004
3200,1.0164140624999998,0.003765625,0.9599734375,0.0362609375
3300,1.0169393749999998,0.004014062499999999,0.9599593750000002,0.0360265625
3400,1.0175357812499999,0.004239062500000001,0.9593562500000001,0.03640468749999999
3500,1.0181839062499998,0.0045249999999999995,0.9589718750000001,0.036503125
3600,1.0186809374999997,0.0047609375,0.9592015624999997,0.03603749999999998
3700,1.0192862500000006,0.004993749999999999,0.9585343749999997,0.03647187499999999
3800,1.02013234375,0.0052875000000000005,0.9576468750000001,0.037065625000000005
3900,1.0206524999999997,0.005535937500000001,0.9577734374999999,0.03669062500000001
4000,1.0211070312499997,0.0058203125,0.9573562499999996,0.03682343749999999
4100,1.02174296875,0.0059484375,0.9573468749999999,0.03670468749999999
4200,1.0223578124999997,0.0063375,0.9567968750000001,0.036865625000000006
4300,1.0229625,0.006614062499999998,0.9564250000000005,0.03696093749999999
4400,1.02343703125,0.006887499999999996,0.9567296875,0.0363828125
4500,1.0242025000000001,0.00721875,0.9563906249999998,0.03639062500000001
4600,1.024940625,0.007473437499999998,0.9558921874999998,0.03663437499999999
4700,1.0258982812500002,0.007812499999999998,0.9551156250000002,0.03707187500000002
4800,1.0266795312499997,0.008120312499999999,0.9544828125,0.03739687500000002
4900,1.0280428124999998,0.008543749999999998,0.9536749999999999,0.03778125000000001
5000,1.0291168750000002,0.009039062499999997,0.9524984375000001,0.03846249999999998
5100,1.0302400000000005,0.0094046875,0.9517406250000003,0.0388546875
5200,1.0314475000000005,0.009890624999999998,0.9507906249999998,0.03931874999999999
5300,1.03283859375,0.010418749999999997,0.9499859374999999,0.03959531249999999
5400,1.0341920312500001,0.0109625,0.9492265624999999,0.039810937500000004
5500,1.0351389062499998,0.01144375,0.9485968750000001,0.039959375
5600,1.03603890625,0.0117828125,0.9478734375000003,0.040343750000000005
5700,1.0372765624999993,0.012232812499999999,0.9470156250000001,0.0407515625
5800,1.03858671875,0.012750000000000001,0.946078125,0.041171875
5900,1.0399520312500001,0.013404687499999998,0.9451406250000002,0.041454687500000004
6000,1.0414606249999998,0.014103125000000001,0.9441453124999999,0.041751562500000006
6100,1.04238125,0.014542187500000001,0.943703125,0.04175468750000001
6200,1.043959375,0.015271874999999999,0.9425859375,0.04214218750000001
6300,1.0452817187500003,0.0158796875,0.9417187500000004,0.042401562500000003
6400,1.046744375,0.016554687499999998,0.9408484374999998,0.042596874999999985
6500,1.0476360937499998,0.016929687500000002,0.9402578124999996,0.04281250000000001
6600,1.04902375,0.0174296875,0.9394953125,0.043075
6700,1.0506134375,0.018110937499999997,0.9383937499999997,0.0434953125
6800,1.0517826562500003,0.018673437499999997,0.937959375,0.043367187499999994
6900,1.0530370312500004,0.019154687499999996,0.9370124999999996,0.043832812500000005
7000,1.0537814062500002,0.019678124999999998,0.9370562499999998,0.043265624999999995
7100,1.05494015625,0.020003124999999997,0.9358234374999999,0.044173437500000017
7200,1.055926875,0.020578124999999992,0.935225,0.04419687500000001
7300,1.0572210937499997,0.0211359375,0.93478125,0.044082812500000006
7400,1.05854765625,0.021790625,0.9339296874999999,0.044279687500000005
7500,1.0601420312499998,0.0225375,0.9330453125000002,0.04441718749999999
7600,1.0617774999999998,0.023289062500000002,0.9318390624999999,0.044871875
7700,1.06325828125,0.023881250000000007,0.9305203125000002,0.04559843750000001
7800,1.0647670312500002,0.0244453125,0.9293875000000003,0.04616718749999999
7900,1.0664504687499998,0.0250828125,0.9284140624999999,0.04650312499999998
8000,1.0685168750000003,0.025981249999999997,0.9271765625000001,0.04684218749999999
8100,1.0695754687499999,0.026492187500000004,0.92661875,0.046889062499999995
8200,1.0714648437499998,0.0274203125,0.9254937500000001,0.04708593750000001
8300,1.0732978125000003,0.028282812500000004,0.9241500000000001,0.04756718750000001
8400,1.0752232812500002,0.029218749999999995,0.9235812499999999,0.04719999999999999
8500,1.07711484375,0.029957812500000004,0.9223171874999999,0.047725
8600,1.0787589062499998,0.030790625,0.9214281250000002,0.04778125
8700,1.0807698437499997,0.031732812500000006,0.9199578124999999,0.04830937499999998
8800,1.083241875,0.03295,0.9183765624999999,0.0486734375
8900,1.0853103125,0.033912500000000005,0.917315625,0.04877187499999999
9000,1.08748375,0.034835937500000004,0.9158218749999998,0.049342187499999995
9100,1.08980125,0.0358375,0.9141187500000001,0.050043750000000005
9200,1.0922551562499998,0.036929687499999996,0.9127515624999998,0.05031874999999999
9300,1.0948521875000001,0.037871875,0.910775,0.051353125000000006
9400,1.09739015625,0.038935937500000004,0.9089140625,0.05214999999999999
9500,1.10018046875,0.0398984375,0.907121875,0.052979687500000004
9600,1.10230109375,0.0410265625,0.906134375,0.05283906249999999
9700,1.1046854687499996,0.04211718749999999,0.9049218750000002,0.05296093749999998
9800,1.1068540624999996,0.04289843750000001,0.9031734375000003,0.05392812500000002
9900,1.10921390625,0.043785937500000004,0.9013359375000001,0.05487812499999999
10000,1.1120156249999997,0.04497812500000001,0.8991296874999998,0.05589218750000001
10100,1.1140867187499999,0.045821875,0.8979187499999999,0.05625937499999999
10200,1.1164096875,0.04678125000000001,0.8960796875000001,0.0571390625
10300,1.118395,0.047643749999999985,0.8946234375000001,0.057732812499999994
10400,1.1207545312499998,0.048903125,0.8933203125,0.05777656250000001
10500,1.12310328125,0.049854687500000015,0.8912890625000001,0.05885625
10600,1.1252859375,0.050834374999999994,0.8904437499999999,0.058721874999999986
10700,1.1269926562499997,0.05149687500000002,0.8891749999999999,0.059328125
10800,1.1284959374999999,0.05205624999999999,0.8883937500000004,0.059550000000000027
10900,1.1304126562500003,0.0530234375,0.8872875,0.059689062500000015
11000,1.1323746875,0.054085937500000014,0.8861640624999998,0.05975000000000002
11100,1.1345742187499999,0.054928124999999994,0.8848937500000003,0.060178125000000006
11200,1.1368801562499997,0.0559890625,0.8829359375000001,0.06107500000000002
11300,1.1385451562500002,0.0566125,0.8816875000000001,0.06169999999999997
11400,1.1408560937499999,0.057721875,0.8801812500000001,0.062096875
11500,1.14339703125,0.05914218750000001,0.8783593750000002,0.062498437500000004
11600,1.1456115625,0.06042656250000002,0.87776875,0.06180468750000002
11700,1.14847703125,0.06168906250000001,0.8757999999999999,0.06251093749999999
11800,1.15110828125,0.0628609375,0.8736921874999999,0.06344687499999999
11900,1.1536092187500002,0.06394687500000001,0.8721390624999996,0.06391406250000004
12000,1.1563173437500005,0.0650734375,0.8704562500000002,0.0644703125
12100,1.1584884375000004,0.0662375,0.8694484375000001,0.0643140625
12200,1.1599584375000005,0.06732656249999999,0.8690281249999997,0.06364531249999998
12300,1.1621753124999998,0.06815156249999998,0.8673265624999998,0.06452187500000002
12400,1.1647782812500003,0.06934843749999997,0.8663218749999997,0.06432968749999998
12500,1.1675184375,0.07075,0.8642796875000004,0.0649703125
12600,1.1692006250000004,0.0716484375,0.8638734374999997,0.064478125
12700,1.17109421875,0.07292343750000001,0.8627687500000002,0.0643078125
12800,1.1733592187499997,0.0738921875,0.8612374999999997,0.0648703125
12900,1.1752089062499997,0.0748453125,0.8601328124999997,0.06502187499999998
13000,1.17722484375,0.0754390625,0.8590359375000001,0.06552499999999997
13100,1.1791889062499998,0.07611875,0.8571531250000001,0.066728125
13200,1.1817925,0.07722031250000001,0.8552687499999999,0.06751093750000002
13300,1.1841404687499997,0.0782125,0.8534203125,0.06836718750000001
13400,1.1860009375,0.07927656250000001,0.8526203125000001,0.06810312500000001
13500,1.1880106250000007,0.08007812500000003,0.8512218750000002,0.06870000000000001
13600,1.18971859375,0.08102656249999998,0.8504890625000002,0.06848437500000001
13700,1.1910982812500006,0.081446875,0.8498265625000001,0.06872656250000003
13800,1.1923262500000003,0.08218281250000002,0.8493968750000002,0.06842031250000002
13900,1.1944289062499998,0.0832796875,0.8480234375000001,0.068696875
14000,1.1968339062500004,0.08432343750000001,0.8464046874999999,0.069271875
14100,1.19952640625,0.0857359375,0.8446609375000002,0.06960312499999999
14200,1.2015289062499996,0.08654531249999997,0.8434281249999999,0.07002656250000001
14300,1.2034898437500003,0.08735624999999998,0.8421406250000001,0.07050312499999999
14400,1.2052034375,0.0879171875,0.8412546875000001,0.07082812500000003
14500,1.2065223437499997,0.08861718749999999,0.8406031249999999,0.0707796875
14600,1.2083221874999994,0.08978749999999998,0.8402734374999996,0.06993906250000002
14700,1.20961390625,0.0904890625,0.839471875,0.07003906250000004
14800,1.21134328125,0.09134374999999999,0.8383453125000001,0.07031093750000003
14900,1.2133417187500002,0.0920421875,0.8367578125,0.07120000000000001
15000,1.21446734375,0.0926734375,0.8366812500000003,0.0706453125
15100,1.2154709375,0.09291875000000002,0.8358406249999998,0.071240625
15200,1.2169904687500004,0.09361875000000003,0.8346406250000001,0.071740625
15300,1.2185707812500002,0.09431562500000001,0.8336328125,0.07205156249999999
15400,1.22045984375,0.09531093750000001,0.8323578124999997,0.07233125
15500,1.2215940625000006,0.09612031250000001,0.8320875000000002,0.07179218749999998
15600,1.2235815625000002,0.09705625,0.830684375,0.072259375
15700,1.2248853124999997,0.097825,0.830334375,0.07184062499999999
15800,1.22671984375,0.098446875,0.8285499999999998,0.07300312500000002
15900,1.2281820312499998,0.09895312500000002,0.8274203124999999,0.07362656249999996
16000,1.2293582812500001,0.09932656250000002,0.8264890624999999,0.074184375
16100,1.2311875,0.09991875000000001,0.8247906249999999,0.075290625
16200,1.2325771875,0.10064999999999999,0.8240546875000002,0.07529531249999998
16300,1.23465203125,0.101425,0.8226000000000001,0.07597499999999999
16400,1.2363859375,0.10220156249999998,0.8219500000000003,0.07584843749999999
16500,1.2385965624999995,0.1032609375,0.8200359374999997,0.07670312500000001
16600,1.24031984375,0.10405624999999999,0.8191578125000002,0.07678593750000001
16700,1.2423234375,0.10486562499999998,0.8177625,0.077371875
16800,1.2441707812500002,0.10562656249999999,0.8165890625000001,0.07778437500000002
16900,1.245616875,0.10619218749999998,0.8153171874999999,0.07849062500000004
17000,1.2471003125,0.10694531249999999,0.8146156249999997,0.07843906249999999
17100,1.2486803124999997,0.10746718749999998,0.8136468749999995,0.07888593749999999
17200,1.2504526562499996,0.10852187500000002,0.8126843749999998,0.07879375000000001
17300,1.25231625,0.10937187500000001,0.8113374999999998,0.07929062500000002
17400,1.2538104687500002,0.10994374999999999,0.8103609375000003,0.0796953125
17500,1.2551959374999997,0.11049062499999998,0.8095249999999998,0.079984375
17600,1.2560582812499999,0.11084374999999999,0.8086203124999999,0.0805359375
17700,1.2579348437499995,0.1117140625,0.8083843749999999,0.07990156249999997
17800,1.2594293749999999,0.11278750000000001,0.8078781250000001,0.07933437499999997
17900,1.2609775,0.11356250000000002,0.8068796875000003,0.07955781249999999
18000,1.2626096875000001,0.1145140625,0.8057796874999997,0.07970624999999998
18100,1.26362546875,0.11502031249999997,0.8053171874999999,0.07966250000000002
18200,1.2658384375000002,0.11567656250000001,0.8031718749999999,0.08115156250000001
18300,1.2674178125000002,0.11606875,0.8022796875000001,0.08165156250000001
18400,1.2685090625000002,0.11673749999999998,0.80195,0.0813125
18500,1.26882546875,0.11674687500000001,0.8016828124999998,0.08157031249999999
18600,1.2698193749999995,0.11735312499999999,0.8012140625,0.0814328125
18700,1.2699078124999998,0.11776874999999999,0.8018328124999998,0.08039843750000002
18800,1.2702353124999999,0.11779999999999999,0.8019015625000001,0.08029843750000001
18900,1.2695653124999997,0.11766250000000004,0.8022718749999999,0.08006562499999997
19000,1.2694823437499998,0.11766562499999997,0.8026609374999999,0.07967343749999997
19100,1.2696315624999996,0.11776093749999998,0.8026843749999998,0.07955468749999996
19200,1.2699159375,0.11796406249999998,0.8023812499999998,0.07965468750000002
19300,1.2705584375000005,0.1181515625,0.80173125,0.08011718750000003
19400,1.2707792187499993,0.11834374999999998,0.8015796875,0.08007656249999998
19500,1.2715178125000004,0.11862968750000001,0.8007078125000001,0.08066249999999998
19600,1.2717132812499998,0.11848125000000001,0.8005374999999999,0.08098124999999998
19700,1.2722692187500002,0.11875937500000001,0.8002703124999998,0.0809703125
19800,1.27258578125,0.11892500000000002,0.8000515624999999,0.08102343750000003
19900,1.273901875,0.11963906249999999,0.7997703125000001,0.080590625
20000,1.2739539062500003,0.12001406249999998,0.8000203125,0.079965625
20100,1.2740085937500008,0.12004374999999999,0.7996484374999999,0.0803078125
20200,1.2742065624999996,0.12038124999999998,0.7998999999999998,0.07971874999999999
20300,1.2748674999999996,0.120590625,0.7992625000000001,0.08014687500000002
20400,1.274893125,0.12049843750000001,0.7996031250000002,0.07989843750000002
20500,1.2749857812499994,0.12074687500000003,0.8000140624999998,0.07923906249999998
20600,1.2747965625,0.12083437500000001,0.8000203124999996,0.07914531250000001
20700,1.2740845312500002,0.12065937500000001,0.800678125,0.07866250000000001
20800,1.2731781249999998,0.12054531249999999,0.8012609374999999,0.07819375000000002
20900,1.27223296875,0.1202125,0.8020406250000002,0.07774687500000002
21000,1.2722879687500002,0.1201953125,0.8017015625,0.07810312500000002
21100,1.2721768750000002,0.12013437500000002,0.8019234375,0.07794218750000001
21200,1.2724625000000003,0.12035156250000001,0.8018609374999999,0.07778750000000002
21300,1.2728724999999999,0.12045,0.8013171874999998,0.07823281249999998
21400,1.2734378125,0.1205578125,0.8011312500000001,0.0783109375
21500,1.2744437499999997,0.12118593750000001,0.8005109374999999,0.078303125
21600,1.2760557812500002,0.12180625000000002,0.7995031249999998,0.07869062499999997
21700,1.27846421875,0.12287343750000003,0.7974093749999999,0.0797171875
21800,1.2800084375,0.12358593749999998,0.7965109375,0.07990312499999998
21900,1.2819625,0.12452968749999999,0.7948734374999997,0.08059687499999998
22000,1.2833025000000002,0.12520781249999996,0.7937984374999999,0.08099374999999996
22100,1.2854215624999998,0.125665625,0.7922562499999999,0.08207812499999997
22200,1.2871509374999996,0.12646093750000004,0.7916328124999997,0.08190625
22300,1.28801,0.12688906250000004,0.791175,0.08193593750000001
22400,1.28910421875,0.12732812500000004,0.7901046875,0.08256718750000001
22500,1.28990046875,0.127565625,0.7892875,0.083146875
22600,1.2912917187500004,0.12809218749999998,0.7884500000000002,0.08345781249999996
22700,1.2920248437500002,0.12877656250000002,0.78828125,0.08294218750000003
22800,1.2938081250000002,0.12958749999999994,0.7871390624999995,0.08327343749999999
22900,1.2949270312499996,0.1301078125,0.7863500000000001,0.08354218749999998
23000,1.2959271875,0.13045625000000002,0.7857359375,0.08380781249999998
23100,1.29683203125,0.13080625,0.7851218750000001,0.08407187499999999
23200,1.2970904687499996,0.13122812499999997,0.7855328125,0.0832390625
23300,1.2975198437499997,0.131409375,0.785584375,0.08300625000000003
23400,1.2980295312500005,0.13149843750000004,0.7850109375,0.083490625
23500,1.29906890625,0.13189687499999997,0.7836718749999997,0.08443125000000001
23600,1.3000075,0.13229218750000002,0.7832546875000002,0.08445312499999999
23700,1.3010659375000002,0.1328796875,0.7832968749999998,0.0838234375
23800,1.3020421874999997,0.13338124999999998,0.7830390625000001,0.08357968749999996
23900,1.3026218749999996,0.13358906250000002,0.7824671875,0.08394375000000001
24000,1.30319140625,0.133871875,0.7816906250000002,0.08443750000000001
24100,1.3044503125,0.1342375,0.7813078125,0.0844546875
24200,1.3048525,0.13462187500000003,0.7810124999999998,0.08436562499999996
24300,1.3050228124999999,0.1347078125,0.7809749999999999,0.0843171875
24400,1.30526390625,0.13475156249999998,0.7808296874999998,0.08441875
24500,1.3054510937499995,0.13470000000000001,0.7802781249999996,0.08502187499999998
24600,1.30544953125,0.134775,0.7806656250000001,0.08455937499999999
24700,1.3051381250000007,0.13472343750000002,0.7810968750000002,0.08417968749999999
24800,1.3055026562499994,0.13463281249999998,0.780803125,0.08456406250000004
24900,1.3056742187500003,0.13467187500000002,0.7807374999999999,0.084590625
25000,1.3047464062500003,0.13452187499999996,0.7818984374999998,0.0835796875
25100,1.3047068749999995,0.134421875,0.7819046874999999,0.08367343749999999
25200,1.3047698437499997,0.134240625,0.7818406250000001,0.08391874999999999
25300,1.30457359375,0.134434375,0.7822062500000001,0.08335937499999999
25400,1.3043692187499996,0.1343625,0.7822656249999997,0.083371875
25500,1.3055415624999998,0.13489843750000002,0.7815312499999999,0.08357031249999998
25600,1.30594734375,0.1348640625,0.7808328125,0.08430312500000002
25700,1.3067732812499995,0.13531875000000002,0.7803093749999999,0.084371875
25800,1.3064023437500003,0.13504531250000001,0.7805078124999998,0.08444687499999996
25900,1.3066329687500002,0.13514687499999997,0.7802171874999997,0.08463593750000002
26000,1.3060051562500004,0.13447343750000001,0.7803843749999999,0.08514218750000001
26100,1.3051001562499998,0.13433906250000005,0.781440625,0.0842203125
26200,1.3043664062499998,0.1341234375,0.7818109375000001,0.08406562499999998
26300,1.3035793750000002,0.13394687499999997,0.7829437500000002,0.08310937499999997
26400,1.3028390625000001,0.1336484375,0.7839218750000001,0.08242968749999997
26500,1.30303140625,0.13377968749999997,0.7834125000000001,0.0828078125
26600,1.3026882812499998,0.13366562499999998,0.7840421874999999,0.08229218749999999
26700,1.3022584375000001,0.133846875,0.7844359375000001,0.08171718750000001
26800,1.3019218750000006,0.1334890625,0.784575,0.0819359375
26900,1.30131421875,0.13322187500000005,0.7848765625000002,0.0819015625
27000,1.3011174999999997,0.1332234375,0.78508125,0.08169531249999999
27100,1.3006915625000002,0.13299218750000003,0.7856625,0.0813453125
27200,1.3006181250000004,0.1328484375,0.7859749999999998,0.08117656250000001
27300,1.2997848437500001,0.132365625,0.7862765624999998,0.08135781249999997
27400,1.29849125,0.13203281249999996,0.7871187499999999,0.08084843749999998
27500,1.2981414062500003,0.13180625,0.7871640624999998,0.08102968749999997
27600,1.2970753125,0.13133906249999996,0.7878671875000001,0.08079374999999997
27700,1.2962464062499996,0.13091562499999998,0.78803125,0.08105312500000002
27800,1.29700984375,0.131065625,0.7873515625,0.0815828125
27900,1.2973943749999999,0.13099999999999998,0.7867265625000002,0.08227343749999999
28000,1.29845109375,0.1315015625,0.7858421875000001,0.08265624999999996
28100,1.2991765625,0.13174843749999998,0.7851921874999997,0.083059375
28200,1.3007790624999997,0.13219062499999998,0.7831171875000001,0.08469218749999997
28300,1.3022507812499995,0.13265781250000003,0.7822187500000001,0.0851234375
28400,1.3033095312499998,0.1330875,0.7812328125000001,0.08567968750000006
28500,1.3049779687500007,0.13386562499999996,0.7803625000000002,0.085771875
28600,1.306388125,0.13475,0.7798703124999998,0.08537968750000002
28700,1.30724671875,0.1353234375,0.7792984374999999,0.085378125
28800,1.3081709374999995,0.135709375,0.7786968749999997,0.08559375000000002
28900,1.3094051562500009,0.1362921875,0.7785687499999998,0.08513906250000002
29000,1.3094871875,0.1366125,0.7787999999999998,0.0845875
29100,1.3086215625,0.13625625,0.7791796875000002,0.08456406250000001
29200,1.3082171875000006,0.1360328125,0.7796578124999999,0.08430937500000002
29300,1.3082842187500006,0.1359953125,0.7791468750000002,0.08485781250000003
29400,1.30825609375,0.1354171875,0.778828125,0.0857546875
29500,1.3072640625,0.13503437499999998,0.7797906250000002,0.08517499999999999
29600,1.307571875,0.135278125,0.77994375,0.08477812499999997
29700,1.30779203125,0.13536562499999993,0.7794562499999997,0.08517812499999998
29800,1.3079532812499997,0.135375,0.7788312499999999,0.08579375000000007
29900,1.3077832812500003,0.13518906249999996,0.7791796874999998,0.08563125
30000,1.3069145312500003,0.13487812500000002,0.7801375000000002,0.08498437499999999
30100,1.30732109375,0.13525312499999997,0.7797765625,0.0849703125
30200,1.3067514062499999,0.1348171875,0.7798281250000001,0.08535468750000003
30300,1.306771875,0.1343796875,0.780021875,0.08559843750000001
30400,1.3061418749999996,0.13428593749999995,0.7800343750000001,0.08567968749999999
30500,1.3055501562499998,0.13414687499999997,0.7803437499999999,0.08550937500000001
30600,1.3049851562500001,0.13397343750000001,0.7813937499999999,0.08463281250000002
30700,1.305285,0.13408437499999998,0.7808156249999999,0.08510000000000001
30800,1.3047487500000001,0.13363750000000002,0.7810609375000002,0.08530156249999997
30900,1.30398921875,0.133125,0.7811046875,0.08577031250000003
31000,1.3038656250000003,0.13328906249999997,0.7817390624999999,0.08497187499999999
31100,1.3042726562499998,0.13317656249999998,0.7815828125,0.08524062500000001
31200,1.3045090625000004,0.13330625,0.7812421874999996,0.08545156249999997
31300,1.3042364062499991,0.13344375,0.7816359375,0.08492031250000001
31400,1.3043514062500001,0.1337203125,0.7819515625000003,0.08432812500000002
31500,1.3042026562500002,0.1337796875,0.7819750000000003,0.08424531250000003
31600,1.3042799999999999,0.13371562500000003,0.7817125,0.08457187499999999
31700,1.3041178125000004,0.13349843749999996,0.7813812499999999,0.08512031249999998
31800,1.30344484375,0.1331953125,0.7821734375,0.08463125
31900,1.3026909375,0.1330734375,0.7824343749999998,0.08449218749999998
32000,1.3026620312499997,0.1332765625,0.7827750000000001,0.08394843749999999
32100,1.3025956250000004,0.13331406250000002,0.782759375,0.08392656250000001
32200,1.3037821875000002,0.13375468750000002,0.7822421874999999,0.08400312500000001
32300,1.3039048437499996,0.1339484375,0.7817890625,0.08426250000000002
32400,1.3045007812500002,0.13462187500000003,0.7819453125,0.08343281250000001
32500,1.3046665624999998,0.1348015625,0.7817828125,0.08341562500000001
32600,1.3046575000000002,0.1349359375,0.7824875000000002,0.08257656249999996
32700,1.30518765625,0.13516875,0.781884375,0.08294687499999999
32800,1.30583625,0.13543125,0.7815234374999998,0.08304531249999998
32900,1.3066798437500002,0.1356703125,0.7809093750000002,0.08342031249999997
33000,1.307321875,0.1358875,0.7806468750000001,0.08346562499999999
33100,1.308103125,0.13634218749999996,0.7795281249999997,0.08412968750000001
33200,1.3085871874999995,0.13666875,0.7799734375,0.0833578125
33300,1.3089817187500006,0.13710624999999996,0.7801343749999998,0.08275937499999998
33400,1.3082220312500004,0.1365609375,0.7803953124999999,0.08304375000000001
33500,1.3075856249999998,0.13620156249999998,0.7809765624999996,0.08282187499999996
33600,1.30719046875,0.13607343749999995,0.7810124999999999,0.08291406249999998
33700,1.3067685937499998,0.1357640625,0.7810718749999997,0.08316406250000001
33800,1.3066687500000003,0.13585156250000002,0.7813078124999997,0.08284062499999996
33900,1.3061045312499997,0.1353421875,0.7815718749999999,0.08308593749999998
34000,1.3056385937500001,0.1354734375,0.7821453125000002,0.08238125
34100,1.3061293749999994,0.13585,0.7813937499999999,0.08275625000000002
34200,1.3073395312499996,0.13615468749999995,0.7807140625000002,0.08313124999999999
34300,1.3084654687500001,0.136334375,0.7791078125,0.08455781250000001
34400,1.30881359375,0.1364234375,0.7789640624999998,0.0846125
34500,1.3093248437500002,0.1364984375,0.7782796875000001,0.08522187500000003
34600,1.3107618750000003,0.13677499999999995,0.777153125,0.08607187500000002
34700,1.31138859375,0.13735625,0.7767437499999998,0.08590000000000002
34800,1.3121659374999997,0.13762187499999998,0.7761921874999996,0.08618593750000002
34900,1.3125631250000005,0.1376234375,0.7753546875,0.08702187500000003
35000,1.31389609375,0.13799531250000002,0.7747078125,0.08729687499999998
35100,1.3143551562499998,0.13836874999999996,0.7743484375000002,0.08728281249999999
35200,1.3144712499999998,0.13839374999999998,0.7742609375000001,0.08734531250000002
35300,1.31442296875,0.13858906249999997,0.7747906250000001,0.0866203125
35400,1.3142671874999998,0.13847343750000002,0.7746187499999996,0.08690781249999997
35500,1.31467125,0.1385046875,0.7745484375000002,0.08694687500000002
35600,1.3158312500000002,0.13866093750000003,0.7734140625000002,0.08792499999999999
35700,1.3160228124999993,0.1387671875,0.7736468749999998,0.08758593750000002
35800,1.3157167187500003,0.13867187499999997,0.7737687500000001,0.08755937500000002
35900,1.31546671875,0.13852656250000003,0.773625,0.08784843749999997
36000,1.3150107812499998,0.1389078125,0.7745015625000001,0.08659062499999998
36100,1.3152704687499992,0.1389015625,0.7742578124999998,0.08684062500000002
36200,1.3160221874999998,0.13935312499999997,0.7743171875000003,0.08632968750000002
36300,1.315960625,0.13967656250000002,0.7742843750000001,0.08603906249999999
36400,1.3171443750000003,0.1401765625,0.7734281249999999,0.08639531249999997
36500,1.31807265625,0.1402328125,0.7730171875000003,0.08675000000000001
36600,1.3190892187499998,0.14064374999999998,0.7722828125000001,0.0870734375
36700,1.3199814062500006,0.14119843750000002,0.7718484374999999,0.086953125
36800,1.32080453125,0.141478125,0.7714843750000001,0.08703749999999998
36900,1.3217003125000004,0.14171093750000002,0.7709453124999996,0.08734375000000001
37000,1.3222007812499998,0.14195,0.770609375,0.08744062499999998
37100,1.3233601562500001,0.14274531250000003,0.7701250000000001,0.0871296875
37200,1.32320609375,0.142546875,0.7696093750000002,0.08784375000000003
37300,1.3228914062500001,0.14270625000000003,0.7699953125000002,0.08729843749999999
37400,1.3223096875000002,0.14270156250000002,0.7705781249999999,0.0867203125
37500,1.3224201562499993,0.14277343750000002,0.7708453125000001,0.08638125
37600,1.32254203125,0.14255,0.7698750000000001,0.08757499999999999
37700,1.3214318749999998,0.14192968749999998,0.7710421875000001,0.08702812499999998
37800,1.3210632812499996,0.1416109375,0.7712953125000002,0.08709375000000001
37900,1.3204321874999998,0.1413453125,0.7713609375000003,0.08729375
38000,1.3208276562499999,0.1414953125,0.7712078125,0.08729687500000001
38100,1.3222881249999998,0.14212187499999998,0.7696078124999997,0.08827031249999999
38200,1.3230834375,0.14243437500000003,0.7688734374999999,0.08869218749999999
38300,1.3238528125,0.14255,0.76825,0.08919999999999997
38400,1.3243754687499998,0.14283125,0.7683125000000004,0.08885625000000001
38500,1.3248610937499992,0.14313281249999998,0.7681515625000002,0.08871562499999996
38600,1.3247799999999998,0.14317968749999999,0.76806875,0.0887515625
38700,1.3253470312500004,0.14375937499999997,0.7677124999999998,0.08852812500000001
38800,1.3257999999999999,0.143890625,0.7672671875000001,0.08884218750000003
38900,1.3260487500000004,0.143984375,0.7672671875,0.0887484375
39000,1.32621203125,0.14416093750000003,0.7677078124999998,0.08813124999999998
39100,1.3269345312500003,0.1443515625,0.7672656249999996,0.0883828125
39200,1.327223125,0.1447484375,0.767540625,0.0877109375
39300,1.3274870312500002,0.14502968750000003,0.7672343749999997,0.0877359375
39400,1.3285551562499998,0.1457625,0.7668296874999999,0.08740781249999999
39500,1.3291809375,0.14569843749999997,0.7667828124999997,0.08751874999999999
39600,1.32969453125,0.14575156250000001,0.7664265624999999,0.08782187499999998
39700,1.33049234375,0.1459609375,0.765703125,0.08833593749999998
39800,1.3310481250000004,0.14638125,0.7656640625000001,0.08795468749999998
39900,1.3317984375,0.1470640625,0.7651859374999997,0.08775000000000004
40000,1.3320475,0.14744843749999995,0.7654484375,0.08710312499999998
40100,1.33311890625,0.14805781249999997,0.7646765625,0.08726562500000004
40200,1.3341201562500002,0.1485,0.7644562499999997,0.08704374999999998
40300,1.33476796875,0.1487203125,0.7637734375000002,0.08750624999999998
40400,1.3350225,0.14875625,0.7632125000000002,0.08803125000000002
40500,1.3348260937499998,0.14866718750000002,0.7636437499999996,0.08768906250000003
40600,1.33557328125,0.1488390625,0.7632703124999998,0.087890625
40700,1.3359189062500008,0.149009375,0.76265,0.08834062499999999
40800,1.33630359375,0.14951406250000002,0.7628687499999999,0.08761718749999999
40900,1.33679140625,0.14941875000000002,0.7627828125000001,0.08779843750000002
41000,1.3367623437499998,0.14944843749999998,0.762909375,0.08764218750000002
41100,1.3370010937500003,0.14940000000000003,0.7627265625,0.08787343749999998
41200,1.3373,0.14966093749999998,0.7623500000000002,0.08798906249999998
41300,1.33751390625,0.149803125,0.761934375,0.08826249999999998
41400,1.3372390625,0.1495640625,0.7617468750000002,0.08868906250000001
41500,1.33617171875,0.1489875,0.7624312499999998,0.08858125
41600,1.33482625,0.1483078125,0.7631312500000001,0.08856093750000003
41700,1.3336821874999991,0.14780625,0.7641593750000003,0.088034375
41800,1.3325040625000002,0.14703281250000003,0.7644750000000001,0.08849218750000003
41900,1.3317592187499998,0.14673281249999998,0.7652031249999995,0.08806406250000001
42000,1.3309496875,0.14629375,0.7659046875000001,0.08780156250000001
42100,1.3307006249999997,0.14608281250000002,0.7660015625000002,0.08791562499999996
42200,1.3300406249999999,0.1458328125,0.7667531250000001,0.0874140625
42300,1.3289793749999999,0.1453515625,0.7675000000000001,0.08714843749999998
42400,1.32806921875,0.14499375000000003,0.7679906250000001,0.08701562500000001
42500,1.3271843750000005,0.14455468750000003,0.7686781249999998,0.0867671875
42600,1.3263626562500006,0.14423906250000001,0.7694749999999999,0.08628593749999998
42700,1.325188125,0.14364218750000002,0.7701718750000001,0.08618593749999999
42800,1.324070625,0.1428796875,0.7706390625000001,0.08648125
42900,1.3238656249999998,0.14280781250000002,0.7708109375000001,0.08638125000000002
43000,1.3233879687500003,0.1426890625,0.7712953125,0.08601562500000004
43100,1.3229435937499998,0.14243281249999998,0.771309375,0.0862578125
43200,1.3221048437499998,0.141990625,0.7717265624999998,0.08628281249999997
43300,1.3220690624999996,0.1420015625,0.7717640625,0.08623437499999996
43400,1.32156359375,0.14177187499999996,0.7719734375,0.0862546875
43500,1.3208317187499996,0.14139687499999998,0.7728656250000001,0.08573750000000002
43600,1.3200964062499996,0.14140624999999998,0.7733312500000001,0.08526250000000002
43700,1.31921109375,0.14127968750000003,0.7740328125000001,0.08468749999999997
43800,1.3185584375,0.1409640625,0.7743796875000001,0.08465625000000003
43900,1.3180054687500002,0.14072812500000004,0.7744515625000001,0.0848203125
44000,1.3180632812499997,0.1407125,0.7744937500000001,0.08479375000000001
44100,1.3178843750000002,0.1402640625,0.7748999999999998,0.08483593749999999
44200,1.3180157812499997,0.14039843750000003,0.7746781249999999,0.08492343750000005
44300,1.3181100000000001,0.14047812500000004,0.7744093749999997,0.0851125
44400,1.3181346875,0.14064843750000003,0.7741718750000002,0.08517968749999998
44500,1.31799078125,0.14064062499999996,0.774890625,0.08446875000000001
44600,1.3176540625000004,0.1408859375,0.7753312499999999,0.08378281250000001
44700,1.3169321875,0.14054687500000002,0.7754671875,0.08398593749999998
44800,1.3164054687500004,0.14019062499999999,0.7757015624999999,0.0841078125
44900,1.3163114062499999,0.14036093749999998,0.7756937499999996,0.08394531249999998
45000,1.3162048437499998,0.14040625,0.7758390625000002,0.0837546875
45100,1.3159393750000004,0.1403953125,0.7761265625,0.08347812500000003
45200,1.3156551562499998,0.14001562499999995,0.7762593749999996,0.083725
45300,1.3147479687500003,0.13974999999999999,0.77644375,0.08380625000000001
45400,1.3141510937499998,0.13959062500000002,0.7773000000000001,0.08310937499999996
45500,1.3138117187499998,0.1392671875,0.7774546875,0.083278125
45600,1.3137834375000002,0.1393265625,0.7772843750000001,0.08338906249999999
45700,1.3136001562500002,0.13934843749999998,0.7775937499999999,0.0830578125
45800,1.3137975,0.139771875,0.7775015625,0.0827265625
45900,1.3136496874999997,0.139965625,0.7779078125000002,0.08212656249999999
46000,1.3140371875000003,0.13990781250000003,0.7777515625,0.08234062499999997
46100,1.3131176562499998,0.13932343750000004,0.7779718749999998,0.08270468749999998
46200,1.3127368750000004,0.139121875,0.778315625,0.0825625
46300,1.31212078125,0.13879843750000007,0.7782343749999997,0.0829671875
46400,1.31217953125,0.1387046875,0.7779953125000002,0.08330000000000001
46500,1.3122576562499997,0.13869999999999993,0.77815625,0.08314374999999999
46600,1.3119009374999995,0.1385375,0.7780046875000002,0.08345781249999998
46700,1.3119765625000002,0.13867968750000004,0.7783859375000002,0.08293437499999998
46800,1.3123251562500005,0.13840625,0.7780421875000002,0.08355156250000002
46900,1.3114476562500001,0.13770625000000003,0.778353125,0.08394062499999998
47000,1.3109979687499995,0.13728281249999996,0.7786109375000002,0.08410624999999998
47100,1.3102378125000005,0.1370734375,0.7789500000000005,0.08397656249999998
47200,1.3090387499999994,0.13660937499999998,0.7798812499999997,0.08350937499999998
47300,1.30825046875,0.1361265625,0.7798671875000001,0.08400625000000002
47400,1.3075445312500003,0.13535312500000002,0.7796140625,0.0850328125
47500,1.3069406250000006,0.13515937500000003,0.7802937499999998,0.084546875
47600,1.306784375,0.13492500000000002,0.7802312500000003,0.08484375000000001
47700,1.3076025,0.1351390625,0.7797281249999999,0.08513281249999999
47800,1.3073690624999996,0.135253125,0.7800312500000001,0.08471562499999999
47900,1.30854828125,0.1356390625,0.7790125000000001,0.08534843749999999
48000,1.3091690625,0.13588437500000003,0.7782578125,0.0858578125
48100,1.3094290625,0.136059375,0.7782156250000005,0.08572499999999998
48200,1.3088951562500004,0.13575937499999996,0.7786593750000002,0.08558125000000004
48300,1.308545625,0.13569218750000003,0.7790609375000003,0.08524687499999999
48400,1.3081574999999999,0.13544687499999997,0.7789609375,0.08559218749999999
48500,1.3081637499999996,0.13541562499999998,0.7791609375000002,0.08542343749999999
48600,1.308225,0.1353515625,0.7792078124999999,0.08544062499999999
48700,1.3075593749999996,0.135121875,0.7799562500000004,0.08492187500000001
48800,1.3069709375000007,0.13499375,0.7804249999999999,0.08458125
48900,1.30659375,0.1352171875,0.7808203125,0.08396250000000001
49000,1.3061390624999998,0.13500312499999997,0.7811843750000002,0.0838125
49100,1.3055057812499993,0.13455937499999995,0.7810890624999999,0.08435156249999999
49200,1.3053129687499996,0.1342984375,0.781090625,0.08461093750000002
49300,1.3051971874999997,0.13409375,0.7810203124999998,0.08488593750000004
49400,1.3055926562499998,0.1346328125,0.7810765624999999,0.08429062499999995
49500,1.3060001562499994,0.134771875,0.7804890624999995,0.08473906249999998
49600,1.3059064062500005,0.13440781249999997,0.7806453125000001,0.084946875
49700,1.3059226562499993,0.1345796875,0.7811453125,0.084275
49800,1.30559234375,0.1344796875,0.7808703124999998,0.08465
49900,1.3058098437500003,0.13438124999999998,0.7808265625000003,0.0847921875
50000,1.3069003124999996,0.13486406250000002,0.779940625,0.08519531249999997
50100,1.3065112499999996,0.13455625,0.7808374999999999,0.08460625
50200,1.3056231250000003,0.13436874999999998,0.7813984375000003,0.0842328125
50300,1.3055018750000003,0.13434218749999996,0.7813843750000002,0.08427343750000003
50400,1.3053074999999996,0.1341890625,0.7813046874999998,0.08450624999999999
50500,1.3045432812500002,0.13380312500000002,0.7816437500000001,0.08455312499999997
50600,1.3039390624999998,0.13340156250000001,0.78210625,0.08449218749999998
50700,1.3032378125,0.13305312500000002,0.7826062499999998,0.084340625
50800,1.3023732812499995,0.1325671875,0.7825937499999998,0.08483906249999996
50900,1.3024814062500005,0.1327765625,0.7825250000000001,0.08469843750000004
51000,1.3024243749999995,0.13310937499999997,0.7829359375000002,0.0839546875
51100,1.3027746875000004,0.13303906249999997,0.7826281250000002,0.08433281250000002
51200,1.30270453125,0.13292187500000002,0.7824453125000002,0.08463281250000002
51300,1.30192296875,0.13273125,0.78334375,0.08392500000000001
51400,1.3010659375,0.132309375,0.7836093749999998,0.08408124999999997
51500,1.30067078125,0.132225,0.7835796875,0.08419531250000001
51600,1.3003723437499994,0.13171249999999998,0.7838156250000001,0.08447187500000002
51700,1.3002910937499996,0.13186718749999998,0.7840265624999999,0.08410625000000001
51800,1.3002693749999998,0.13149375000000002,0.7834203125,0.08508593750000004
51900,1.2995500000000002,0.1313,0.7839750000000001,0.084725
52000,1.3000562500000006,0.13150625,0.7839078125000001,0.08458593749999999
52100,1.2995282812500004,0.13164218749999998,0.7846390625000004,0.08371875
52200,1.2986073437499996,0.1311765625,0.7856015625,0.08322187499999999
52300,1.297814375,0.1309765625,0.7859984375000001,0.08302500000000002
52400,1.2975537499999996,0.13094687499999996,0.7861374999999998,0.082915625
52500,1.2974067187500002,0.13067968750000003,0.7861624999999999,0.08315781249999997
52600,1.2966545312500002,0.1302421875,0.7860656249999999,0.08369218750000003
52700,1.29602140625,0.13037187500000003,0.7866906250000001,0.08293750000000004
52800,1.2955959375000001,0.1296375,0.7867781249999998,0.08358437499999999
52900,1.2953462500000001,0.12953281249999998,0.7868375000000003,0.08362968749999998
53000,1.2948910937500004,0.12930156250000002,0.7871562500000002,0.0835421875
53100,1.2941260937499997,0.12916562499999998,0.7879953124999999,0.08283906250000002
