step,mean_aspect_ratio,fraction_elongated,fraction_round,fraction_binary
100,1.0,0.0,1.0,0.0
200,1.1539634375,0.010956249999999997,0.6209796875,0.36806406250000007
300,1.1717603124999998,0.023337499999999994,0.6231500000000002,0.3535125
400,1.18706828125,0.03365781250000001,0.6260828125000001,0.340259375
500,1.2041681250000005,0.04404375,0.6316453125,0.32431093749999995
600,1.2203996875000003,0.0546328125,0.6415968750000001,0.30377031250000014
700,1.2380189062500004,0.065846875,0.6499828125,0.28417031249999997
800,1.2553534374999997,0.0764671875,0.6568281249999998,0.26670468750000004
900,1.2720126562500003,0.08687656249999999,0.6632328124999999,0.24989062499999992
1000,1.2892537499999999,0.09741562499999999,0.6670734375,0.23551093750000007
1100,1.3061404687500002,0.1073984375,0.6693390624999997,0.22326250000000003
1200,1.3219932812500002,0.11680312499999998,0.669828125,0.21336874999999994
1300,1.3379739062499993,0.125890625,0.6700609374999998,0.20404843750000007
1400,1.35344796875,0.13472499999999998,0.6677046875000002,0.1975703125
1500,1.3679143749999998,0.14297656250000004,0.6671078125,0.18991562500000003
1600,1.3825735937500006,0.15092500000000006,0.6628703125,0.1862046875
1700,1.3968762499999996,0.15835468750000004,0.6582999999999999,0.18334531249999997
1800,1.4115896875,0.16629999999999992,0.6531031250000002,0.18059687500000005
1900,1.4246276562499993,0.17284999999999995,0.6481656249999999,0.17898437499999997
2000,1.4368514062499995,0.17993593749999992,0.6438328125000001,0.17623124999999998
2100,1.4482459374999996,0.18619218750000008,0.6403187499999999,0.17348906249999999
2200,1.4593446874999996,0.1920046875,0.63615625,0.17183906250000003
2300,1.4716120312500003,0.19830312500000002,0.63030625,0.171390625
2400,1.4819898437500003,0.2035890625,0.62566875,0.1707421875
2500,1.4920473437500004,0.20877812500000004,0.6209703124999999,0.17025156249999998
2600,1.5016651562500003,0.21363750000000006,0.6168781250000003,0.169484375
2700,1.5115167187500003,0.218928125,0.6119296874999998,0.16914218749999999
2800,1.5203610937500007,0.2236484375000001,0.607228125,0.16912343749999997
2900,1.5292046874999996,0.2281671875,0.602696875,0.16913593750000006
3000,1.53795765625,0.23235312499999994,0.598275,0.1693718750000001
3100,1.5454646875000004,0.23680625000000002,0.5950656250000002,0.16812812500000002
3200,1.5526209375000004,0.24049843750000008,0.5916921875000001,0.1678093750000001
3300,1.5588443750000003,0.2435953125,0.5893609375000001,0.16704374999999994
3400,1.5646415625000007,0.24700312500000002,0.5866421875,0.16635468750000001
3500,1.57038609375,0.2503578125,0.5842906249999998,0.16535156249999997
3600,1.5772909375000002,0.25395000000000006,0.5802609374999999,0.16578906250000003
3700,1.5830114062499994,0.25697968750000005,0.5776546874999998,0.16536562500000002
3800,1.5875250000000003,0.25958125000000004,0.5760859375,0.16433281249999995
3900,1.5915754687499997,0.2617421875000001,0.5750703125000001,0.1631875
4000,1.5942323437500003,0.26359218749999996,0.5748359375000002,0.16157187499999998
4100,1.5970579687500002,0.265159375,0.5742515625000001,0.16058906250000002
4200,1.59914265625,0.26703125000000005,0.5741546875,0.15881406250000002
4300,1.601975625,0.2685968750000001,0.5723296875000002,0.1590734375
4400,1.60512734375,0.27029062499999995,0.5709578124999999,0.15875156250000003
4500,1.6096381249999998,0.27226718749999995,0.5684296875,0.15930312499999996
4600,1.6140259375,0.274571875,0.5661593750000001,0.15926875000000007
4700,1.61765,0.27691874999999994,0.5647703125000002,0.15831093750000003
4800,1.6209889062500007,0.27858281249999994,0.5630875000000002,0.15832968749999998
4900,1.6251178124999996,0.2811296875,0.5609171875000002,0.157953125
5000,1.6279584375000002,0.28292656250000003,0.56006875,0.15700468749999993
5100,1.6318537500000008,0.28492812500000003,0.5580515625000004,0.15702031249999995
5200,1.6373395312500003,0.287825,0.5544031249999999,0.15777187499999998
5300,1.6409306250000002,0.2899328125000001,0.5530421874999998,0.15702500000000003
5400,1.6441581250000001,0.2919281249999999,0.5519265625,0.15614531249999997
5500,1.64770671875,0.29373749999999993,0.5502078124999998,0.1560546875
5600,1.6508140625000003,0.29528437499999993,0.5476624999999999,0.15705312500000002
5700,1.65445,0.29743125,0.5457531249999998,0.15681562500000001
5800,1.6589095312499995,0.29967968749999996,0.543021875,0.15729843750000003
5900,1.6643000000000003,0.3022484375000001,0.5396703125,0.15808124999999998
6000,1.6692912499999997,0.3043874999999999,0.5372406250000001,0.158371875
6100,1.6725493749999993,0.30622031250000004,0.5362859374999996,0.15749375
6200,1.6755117187500004,0.3079703125,0.5353171874999999,0.15671250000000003
6300,1.6778989062500007,0.3091609374999999,0.5331937499999999,0.1576453125
6400,1.6802739062500003,0.3103906250000001,0.5319375000000001,0.15767187499999996
6500,1.6822718749999999,0.31132343749999997,0.5306796875,0.15799687500000004
6600,1.6856509375,0.3131578125,0.5287140624999995,0.15812812500000006
6700,1.6887146874999999,0.31491250000000004,0.5274765625,0.15761093750000002
6800,1.6921214062499994,0.31673281249999996,0.5259937499999999,0.1572734375
6900,1.6962207812499999,0.31843749999999993,0.5239296875000001,0.15763281250000005
7000,1.6978218749999996,0.31916874999999995,0.5227968749999999,0.15803437500000003
7100,1.6991403125000006,0.3199484375,0.5225390624999998,0.15751250000000003
7200,1.6999057812500002,0.32052187499999985,0.5228359375000001,0.15664218749999997
7300,1.7011040624999998,0.3211968749999999,0.5219734375000001,0.1568296875
7400,1.7034351562499999,0.3224015625,0.520925,0.1566734375
7500,1.70600796875,0.32327500000000003,0.5193218750000002,0.15740312499999995
7600,1.7079953125000005,0.32457187500000007,0.5184671874999998,0.15696093749999998
7700,1.70957046875,0.32491250000000005,0.5172765625000001,0.15781093750000003
7800,1.711051875,0.3258890624999999,0.5163140625000002,0.15779687499999992
7900,1.7139548437500003,0.32730000000000004,0.5141515625,0.15854843750000003
8000,1.7156771874999999,0.3281828125000001,0.5140484375000001,0.15776875
8100,1.7174551562499998,0.33001249999999993,0.51325625,0.15673125000000004
8200,1.7196571874999997,0.3308078125,0.5122171875,0.15697500000000003
8300,1.7213245312499998,0.331921875,0.5121078124999999,0.15597031249999999
8400,1.7233039062499993,0.3329984375,0.51150625,0.15549531249999998
8500,1.7237740625000002,0.33333749999999995,0.5118921874999999,0.1547703125
8600,1.7235684375000002,0.33347343749999997,0.5117078125000001,0.15481875000000003
8700,1.7239631249999998,0.3342203125000001,0.5117062499999999,0.1540734375
8800,1.7247473437500003,0.3342125000000001,0.510703125,0.15508437499999997
8900,1.72461375,0.33384531250000016,0.5108625000000001,0.15529218749999998
9000,1.72449046875,0.3343578125000001,0.5104718749999999,0.15517031250000005
9100,1.7258750000000005,0.3341109375,0.5098468750000001,0.1560421875
9200,1.7262757812500005,0.3342343749999999,0.5097593749999999,0.15600624999999999
9300,1.7280156250000007,0.33509843749999996,0.5082968750000001,0.15660468749999995
9400,1.7295439062500007,0.3358421875,0.5076546875,0.156503125
9500,1.7300121874999992,0.3361328125,0.5073968750000001,0.15647031250000001
9600,1.7330523437500003,0.33733281250000013,0.5051703125,0.15749687499999998
9700,1.7355348437500002,0.33904375,0.5036968749999999,0.15725937499999998
9800,1.7390412499999999,0.3404578124999999,0.5013609374999999,0.15818125000000005
9900,1.7427412500000004,0.3419640625,0.4992124999999999,0.1588234375
10000,1.7456460937499994,0.34351718750000004,0.49799374999999996,0.15848906250000006
10100,1.748239375,0.3452437500000001,0.4965109375,0.1582453125
10200,1.7497475000000005,0.3462687499999999,0.49648125000000004,0.15724999999999997
10300,1.7510465625,0.3470031249999999,0.49572343749999986,0.1572734375
10400,1.7515575000000005,0.34716250000000004,0.4959609374999999,0.15687656249999998
10500,1.7520554687500003,0.34722187499999996,0.4954671875000002,0.15731093749999997
10600,1.7530031249999998,0.34795937499999996,0.49474218750000015,0.15729843749999997
10700,1.7542764062500003,0.3489249999999999,0.4945906250000001,0.15648437500000006
10800,1.7549814062500004,0.3493109375,0.49400937499999986,0.15667968749999997
10900,1.7562593749999997,0.35028906249999986,0.49337187499999996,0.15633906250000007
11000,1.7569004687499998,0.3508906250000001,0.4934937500000001,0.15561562500000004
11100,1.7599129687500001,0.35222187500000013,0.4914375,0.156340625
11200,1.7627698437500003,0.35388437500000003,0.48985937500000004,0.15625625000000007
11300,1.7636631250000006,0.35411093749999994,0.48932656250000006,0.1565625
11400,1.76501671875,0.3555828124999999,0.4889953125000001,0.15542187500000004
11500,1.7664521874999997,0.3561453125000001,0.4880390625,0.15581562500000004
11600,1.7678462500000007,0.3564359374999999,0.48671875,0.1568453125
11700,1.7696945312500008,0.357409375,0.4853828124999999,0.15720781250000007
11800,1.7723648437499993,0.3588562500000001,0.48407499999999987,0.15706874999999998
11900,1.7751237499999992,0.36023749999999993,0.4828640625,0.15689843750000002
12000,1.7761878124999995,0.3607031250000001,0.48288906249999997,0.15640781250000002
12100,1.7757395312500002,0.3606718750000001,0.48407968749999986,0.15524843750000003
12200,1.77585265625,0.36067187500000003,0.48386875,0.15545937500000004
12300,1.7750159375,0.3602390625000001,0.48438281250000004,0.15537812499999995
12400,1.7758682812499997,0.36112500000000003,0.4838203124999999,0.15505468750000004
12500,1.776776875,0.36152968750000003,0.4837828124999998,0.15468749999999998
12600,1.7775923437500003,0.3618390624999999,0.4833203125,0.15484062499999998
12700,1.77856390625,0.3622484375,0.4822312499999999,0.1555203125
12800,1.7793715625000002,0.36246406249999996,0.4815187500000001,0.1560171875
12900,1.7797540625,0.3623484375,0.4810843750000001,0.15656718750000007
13000,1.78042,0.3628,0.4808359374999999,0.15636406250000004
13100,1.7813990624999994,0.3631187500000001,0.48013593750000005,0.15674531250000004
13200,1.78215796875,0.3635687500000001,0.47966406250000015,0.15676718750000002
13300,1.7832678125000003,0.36380625000000005,0.47930937500000004,0.15688437499999994
13400,1.78441921875,0.3639890625,0.47844218750000006,0.15756874999999998
13500,1.7854528125,0.364615625,0.477503125,0.15788125000000003
13600,1.7871007812500002,0.36576093750000005,0.4769703124999998,0.15726875
13700,1.7885265624999995,0.36634999999999995,0.47587968750000015,0.1577703125
13800,1.7910817187500003,0.3674562500000002,0.47434062500000007,0.158203125
13900,1.7935867187499999,0.36885000000000007,0.47304999999999997,0.15809999999999996
14000,1.7948910937500002,0.36934687500000013,0.4723859375,0.15826718750000002
14100,1.7958089062500004,0.3699031250000001,0.47169843749999996,0.15839843749999993
14200,1.7971773437500003,0.37032656249999996,0.47099062499999994,0.15868281250000002
14300,1.7983628124999997,0.3705468749999999,0.4708484374999999,0.1586046875
14400,1.7975007812499997,0.37026875,0.47139531249999994,0.1583359375
14500,1.7963959375,0.36972812499999996,0.47208124999999995,0.15819062499999997
14600,1.7962268750000001,0.3696093750000001,0.47271718749999997,0.15767343749999999
14700,1.7957015625,0.36988906250000003,0.473109375,0.15700156250000005
14800,1.7948584375000003,0.3697796874999999,0.4741234375,0.15609687499999997
14900,1.7945951562499998,0.3698624999999999,0.47412812499999984,0.15600937499999995
15000,1.7944704687500002,0.3700296874999999,0.47454999999999975,0.15542031249999996
15100,1.7937462499999997,0.36937187499999996,0.4749109375,0.1557171875
15200,1.79275953125,0.3688374999999999,0.4753828124999999,0.15577968750000004
15300,1.7926224999999996,0.3689609375000001,0.47615937500000005,0.15487968749999997
15400,1.7905531249999997,0.36849375,0.47780156249999994,0.15370468750000002
15500,1.7899503125000007,0.3682031250000001,0.47779375000000013,0.154003125
15600,1.7914600000000005,0.36875781249999995,0.47665156249999985,0.154590625
15700,1.7931623437499997,0.3696203125,0.47547500000000004,0.15490468749999997
15800,1.79409640625,0.3698937499999999,0.47502187499999987,0.15508437500000005
15900,1.79434484375,0.3702718750000001,0.475265625,0.15446249999999997
16000,1.7943450000000003,0.36977968749999995,0.4756203124999999,0.1546
16100,1.7950901562500003,0.37023750000000005,0.4752015625,0.15456093750000008
16200,1.7957421875000004,0.37119531250000004,0.4751640624999999,0.153640625
16300,1.7960465625,0.37108125,0.47475,0.15416875
16400,1.79672109375,0.37128593750000005,0.47430468749999993,0.154409375
16500,1.7966270312500001,0.3708874999999999,0.4741484375000001,0.1549640625
16600,1.7967824999999993,0.3710046875,0.47432343750000006,0.154671875
16700,1.7962143749999997,0.37134062500000004,0.47537499999999994,0.15328437499999997
16800,1.7954884375000002,0.37110156250000004,0.4760968749999999,0.15280156250000004
16900,1.7952328125,0.37092343750000006,0.47590312499999987,0.15317343750000004
17000,1.7944304687499988,0.37077031250000003,0.4764781250000002,0.1527515625
17100,1.7946126562500002,0.3709484375,0.476440625,0.15261093750000007
17200,1.7937725,0.370096875,0.47680468750000027,0.15309843750000002
17300,1.7919926562499997,0.36921093750000006,0.47787499999999994,0.15291406250000003
17400,1.7911081249999994,0.36806562499999995,0.4776656249999999,0.15426874999999995
17500,1.7905960937499998,0.3674249999999999,0.47755,0.15502500000000008
17600,1.7910203124999993,0.36767968749999996,0.4775531249999999,0.1547671874999999
17700,1.791895625,0.3680828125000002,0.47684687499999995,0.15507031249999997
17800,1.7916500000000006,0.36819687500000015,0.47663906250000004,0.15516406250000003
17900,1.7911037500000004,0.3680937499999999,0.47650937499999996,0.15539687500000002
18000,1.7913223437499994,0.36802187500000016,0.47651093750000006,0.15546718749999996
18100,1.7905029687499998,0.3671359375000001,0.4764453124999998,0.15641874999999997
18200,1.7902385937500003,0.36707968750000003,0.47644531249999994,0.15647499999999995
18300,1.7909282812499996,0.36733906250000026,0.47634375,0.15631718749999998
18400,1.7907581249999995,0.36756874999999983,0.47601093749999995,0.1564203124999999
18500,1.7909623437500002,0.3672999999999999,0.4764468749999999,0.156253125
18600,1.7921923437499998,0.3682,0.4761312500000001,0.15566875
18700,1.7938806249999995,0.36967968749999996,0.475571875,0.15474843749999997
18800,1.7945632812500003,0.3696812499999999,0.475271875,0.155046875
18900,1.7953779687500004,0.3705578125,0.4744624999999999,0.15497968750000005
19000,1.79652515625,0.3713734375,0.47404218749999993,0.154584375
19100,1.7981009375,0.3722609375,0.47313750000000004,0.1546015625
19200,1.79977125,0.373421875,0.47329374999999996,0.153284375
19300,1.7998098437500003,0.37339375,0.47287031250000006,0.15373593749999998
19400,1.8010273437500002,0.37400625000000004,0.47184687500000005,0.15414687500000002
19500,1.8018942187499998,0.37436093749999994,0.47152343750000003,0.154115625
19600,1.80352984375,0.37514374999999994,0.4703984375,0.15445781249999999
19700,1.8054262500000002,0.37619687499999993,0.469409375,0.15439375
19800,1.8066103125000008,0.3769593750000001,0.46919843750000007,0.1538421875000001
19900,1.8057673437500006,0.3766999999999999,0.4695203124999999,0.15377968749999996
20000,1.8058465625000004,0.3764437499999999,0.4698031249999999,0.15375312500000005
20100,1.8062490625000007,0.3766749999999999,0.4696890625000001,0.15363593750000004
20200,1.8059537499999996,0.3763015624999999,0.46964531250000013,0.15405312499999996
20300,1.8040868749999996,0.3751781250000001,0.47030624999999987,0.154515625
20400,1.8032246875,0.37449218749999996,0.4710531249999999,0.1544546875
20500,1.8025514062499999,0.37442031249999996,0.4719468750000001,0.1536328125
20600,1.8010995312500002,0.37425156249999997,0.4732015625000001,0.15254687499999997
20700,1.7996582812500004,0.3730843749999999,0.4736624999999999,0.153253125
20800,1.7993217187500004,0.37275625,0.4734500000000001,0.15379374999999998
20900,1.7992249999999999,0.37297187499999984,0.4734296875000002,0.15359843750000005
21000,1.7998653125000001,0.3733890625,0.4728953124999999,0.15371562500000002
21100,1.8010664062499995,0.373675,0.4716890624999999,0.1546359375
21200,1.8028426562499995,0.374278125,0.4699296875,0.15579218750000004
21300,1.804681875,0.3749796875,0.46866875,0.15635156249999999
21400,1.8072309375000004,0.3760765625000001,0.46726093749999986,0.15666250000000004
21500,1.8083954687500001,0.3767640625,0.46710937500000005,0.15612656249999998
21600,1.8088345312500003,0.37753437499999987,0.46720937500000004,0.15525625
21700,1.8098670312500005,0.37793906249999987,0.4664343750000001,0.15562656249999998
21800,1.8115246875,0.37835312499999996,0.4655187499999999,0.15612812499999998
21900,1.8124950000000004,0.3789859374999999,0.46549374999999993,0.15552031250000004
22000,1.8129900000000003,0.37998125000000016,0.46577968749999993,0.1542390625
22100,1.8141828124999997,0.3806640624999999,0.4652874999999999,0.1540484375
22200,1.81525796875,0.380825,0.4646171874999999,0.15455781249999995
22300,1.8154740624999994,0.3810234375000002,0.46428125,0.15469531250000004
22400,1.816997656249999,0.3821375000000001,0.46361874999999997,0.15424374999999999
22500,1.8192989062499998,0.38290468749999984,0.46216250000000003,0.15493281249999996
22600,1.8208587499999993,0.38370625000000014,0.46113125000000027,0.1551625
22700,1.8211621875000001,0.38386718750000004,0.46082812499999987,0.15530468749999998
22800,1.8217559375,0.38386875000000026,0.4604328125,0.1556984375
22900,1.8230842187499992,0.38429375,0.4598281250000001,0.155878125
23000,1.82270390625,0.3838906250000001,0.4599359375000001,0.15617343749999998
23100,1.8229235937500001,0.38410468750000004,0.46009999999999995,0.15579531249999998
23200,1.8234598437499998,0.38445625000000005,0.4599203124999999,0.1556234375
23300,1.8239149999999997,0.38497187499999996,0.45953750000000015,0.15549062500000002
23400,1.8239828125000004,0.3849281249999999,0.4593015625000001,0.15577031249999995
23500,1.8250707812500002,0.38526718750000005,0.4584421875,0.15629062500000007
23600,1.8271301562500004,0.38577812499999986,0.456753125,0.15746874999999994
23700,1.82873703125,0.3864265624999999,0.45611718749999985,0.15745625
23800,1.8301015624999997,0.38743281249999983,0.45548593750000005,0.15708125
23900,1.8313587500000004,0.38878906250000006,0.45528125,0.15592968750000005
24000,1.8332078125000004,0.389365625,0.45401718749999986,0.15661718750000006
24100,1.8339893749999998,0.39018749999999985,0.4535156249999999,0.15629687499999997
24200,1.8333095312500005,0.38971562500000007,0.45309843750000023,0.1571859375
24300,1.8330096875,0.38933750000000006,0.45356249999999987,0.15709999999999996
24400,1.8324932812500005,0.38905312499999994,0.4540765624999999,0.15687031249999997
24500,1.8322971874999996,0.38900312500000006,0.4541953124999998,0.1568015625
24600,1.8321934374999997,0.3887406249999999,0.4540890625,0.15717031250000002
24700,1.8316467187500003,0.3881750000000001,0.453890625,0.15793437500000002
24800,1.8299418749999998,0.38741406250000016,0.45534062500000005,0.1572453124999999
24900,1.8289823437499997,0.3871140625,0.4560593750000001,0.15682656249999993
25000,1.8281046874999995,0.38665312500000015,0.45671562499999996,0.15663124999999997
25100,1.8264676562500004,0.3857999999999999,0.4578499999999999,0.15635000000000007
25200,1.8250628124999997,0.38535624999999996,0.45942187500000004,0.15522187499999998
25300,1.82315734375,0.3845250000000003,0.4603265625000001,0.15514843749999996
25400,1.8231253125,0.38452031249999996,0.4595312499999999,0.1559484375
25500,1.82283078125,0.38441093750000005,0.459540625,0.1560484375
25600,1.8233899999999994,0.3849703125,0.4594109375,0.15561874999999994
25700,1.8237054687500003,0.38472187499999994,0.45886718749999994,0.1564109375
25800,1.8245092187500003,0.3847921874999999,0.4578734374999999,0.15733437500000003
25900,1.8260184375000008,0.3850484375,0.45629999999999993,0.1586515625
26000,1.82673265625,0.38577812499999997,0.4565218750000001,0.15769999999999998
26100,1.8275914062499996,0.3862453124999999,0.4562125,0.15754218749999999
26200,1.8281943750000003,0.38639374999999987,0.4556593750000001,0.15794687499999996
26300,1.8274160937499997,0.38585156249999997,0.4568374999999999,0.1573109375
26400,1.8261978125,0.3854906249999999,0.4580749999999999,0.15643437500000004
26500,1.8255520312500002,0.38545156249999996,0.4577984375000001,0.15675000000000006
26600,1.82630953125,0.3857765625,0.45792656249999997,0.15629687499999992
26700,1.82530796875,0.38492968749999995,0.45833125,0.15673906249999997
26800,1.8243582812500003,0.3846281249999999,0.4591125,0.15625937499999998
26900,1.8234003124999998,0.3842453125,0.4592859375,0.15646875
27000,1.8249287499999995,0.3848812499999999,0.4583968749999998,0.15672187499999995
27100,1.8257539062500003,0.38525000000000004,0.4578812500000001,0.15686874999999997
27200,1.8255423437499998,0.38511406249999997,0.457509375,0.1573765625
27300,1.8258601562499996,0.3850265625000001,0.4574249999999999,0.1575484374999999
27400,1.8264331250000003,0.38496250000000004,0.45716875000000007,0.15786874999999995
27500,1.8271773437500007,0.38574374999999994,0.45692031250000004,0.1573359375
27600,1.8274570312500003,0.3859453124999999,0.45673437499999997,0.15732031250000003
27700,1.82726171875,0.38615468749999987,0.4573234375,0.15652187499999998
27800,1.8276070312500008,0.38599843750000007,0.45702187499999986,0.15697968749999996
27900,1.82746703125,0.3858796874999998,0.4572156249999999,0.15690468749999992
28000,1.8275382812500003,0.386478125,0.45718906249999997,0.15633281250000006
28100,1.8277754687500003,0.38664843750000005,0.4562734374999998,0.15707812499999999
28200,1.8279937499999999,0.38656093750000003,0.4564031249999999,0.15703593749999994
28300,1.8276603124999995,0.38629062499999994,0.45681093750000007,0.15689843750000002
28400,1.8272771875,0.38612343749999994,0.4572390625000001,0.15663750000000004
28500,1.826918125,0.3860749999999999,0.4572484375000001,0.1566765625
28600,1.8260507812499998,0.3853578125,0.45788437499999984,0.1567578125
28700,1.82572625,0.3853375000000001,0.45782343749999993,0.15683906250000004
28800,1.8253678124999992,0.38538125000000006,0.4581531249999999,0.15646562499999997
28900,1.8266079687499999,0.38559374999999996,0.4569703125,0.15743593750000004
29000,1.8275565624999999,0.3860375000000001,0.45603124999999994,0.15793125
29100,1.8282382812499995,0.38642031250000003,0.4561156249999999,0.15746406249999995
29200,1.8307578125000001,0.387753125,0.4548562499999999,0.157390625
29300,1.8311604687499996,0.38761093750000003,0.45482812500000014,0.15756093749999997
29400,1.8324276562500001,0.38827500000000015,0.453853125,0.157871875
29500,1.8329323437499998,0.3886078124999999,0.454328125,0.15706406249999996
29600,1.83279328125,0.3885562499999999,0.4539500000000001,0.15749375
29700,1.8309953125000002,0.3878984375,0.45536562499999994,0.1567359375
29800,1.8299660937499997,0.38772343749999993,0.45585156250000014,0.15642500000000004
29900,1.8272553124999995,0.3866640624999999,0.4580578125,0.15527812499999996
30000,1.8256892187500002,0.3861906250000001,0.4594218750000002,0.1543875
30100,1.8250345312499998,0.38556875,0.45915156250000017,0.1552796875
30200,1.8246059374999999,0.3852249999999999,0.4588906250000002,0.15588437500000007
30300,1.8251565624999995,0.3846218750000001,0.4579828124999999,0.15739531250000002
30400,1.8263349999999998,0.38500625,0.45721718749999996,0.15777656250000002
30500,1.8260751562500006,0.384734375,0.45725937499999997,0.15800625
30600,1.8260192187500004,0.3849437500000001,0.45715625,0.15789999999999998
30700,1.82597359375,0.38536406250000005,0.4577953125000001,0.15684062500000004
30800,1.8260748437500003,0.38548125,0.45795937499999995,0.15655937500000003
30900,1.8262862499999999,0.3857140625000001,0.4577546875000001,0.15653125
31000,1.8262201562499993,0.38626718750000016,0.45817968749999993,0.15555312500000004
31100,1.8263932812499997,0.38637187500000003,0.45828125,0.15534687500000002
31200,1.8246409374999997,0.38571718749999995,0.4594140624999999,0.15486875
31300,1.825420625,0.3857296875000001,0.4584421874999999,0.15582812499999993
31400,1.826830625,0.3862734375000001,0.4570828124999999,0.15664375
31500,1.82815375,0.38685156249999997,0.4564296875,0.15671875
31600,1.8298657812500003,0.38793593749999994,0.45502343749999996,0.15704062500000002
31700,1.83089109375,0.38863281249999987,0.45452968750000006,0.15683750000000002
31800,1.8315004687499998,0.3885140625,0.4540734374999999,0.15741250000000004
31900,1.83134015625,0.3885484375,0.4549796875,0.15647187500000004
32000,1.8293540624999993,0.3872140625,0.4562171875,0.15656875
32100,1.8273906249999998,0.3861093750000001,0.4574437499999999,0.15644687499999996
32200,1.8275167187500003,0.38631249999999995,0.45719374999999995,0.15649374999999996
32300,1.8274204687500002,0.38609687499999995,0.456675,0.157228125
32400,1.82726625,0.38565625,0.456496875,0.15784687500000003
32500,1.82727578125,0.38512187500000006,0.45564375000000007,0.15923437500000004
32600,1.82672171875,0.3850046875,0.45612343749999984,0.15887187499999994
32700,1.8266501562500006,0.38497812499999995,0.45595781249999995,0.15906406250000002
32800,1.8269609375,0.38536875,0.45588125,0.15875
32900,1.8267724999999995,0.384971875,0.4563843750000002,0.15864374999999994
33000,1.8268646874999999,0.38530625,0.4566687500000001,0.15802499999999994
33100,1.8266710937500006,0.38518281249999986,0.45636093749999984,0.15845625000000002
33200,1.8272939062500009,0.3852625,0.45565625000000004,0.15908125000000004
33300,1.8279028125,0.38538593750000005,0.4549593749999999,0.15965468750000006
33400,1.8287440625000002,0.38583124999999996,0.45415156249999994,0.16001718750000007
33500,1.8296912500000002,0.38642812500000007,0.45394687499999986,0.15962499999999996
33600,1.8288834375000003,0.3864421875000001,0.4546203124999999,0.15893749999999998
33700,1.8280737499999997,0.38596562500000003,0.45523124999999987,0.15880312500000002
33800,1.8275603125000006,0.38550312500000017,0.45532812500000003,0.15916874999999994
33900,1.827269375,0.3848937499999999,0.45526875000000006,0.15983750000000002
34000,1.8272954687500005,0.384859375,0.45607187500000007,0.1590687500000001
34100,1.8257862500000006,0.38440624999999995,0.45715156249999983,0.1584421875
34200,1.8257489062499994,0.38444375,0.4568031250000001,0.158753125
34300,1.8256903125,0.38457656250000005,0.4577953125000002,0.15762812499999995
34400,1.8250374999999999,0.3843484374999999,0.45819999999999994,0.15745156250000003
34500,1.8248812500000002,0.384253125,0.4588828124999999,0.15686406249999998
34600,1.8239806250000004,0.38340937500000005,0.4589703124999999,0.15762031250000003
34700,1.8224351562500003,0.3825734374999998,0.46007812499999995,0.1573484375
34800,1.8205139062499995,0.3818187499999999,0.46129531249999983,0.1568859375
34900,1.8194767187500005,0.3813765624999999,0.4616093749999998,0.15701406250000005
35000,1.8186742187499998,0.381196875,0.4621453124999998,0.1566578125
35100,1.8178178124999997,0.3806968750000001,0.46253437500000005,0.15676875
35200,1.817361875,0.38060781250000003,0.46201093749999994,0.15738125000000006
35300,1.817245624999999,0.3803656249999998,0.4617984374999999,0.15783593749999997
35400,1.8181775,0.38094375000000014,0.46117031249999985,0.15788593750000007
35500,1.8192117187499992,0.38121093749999996,0.4601765624999999,0.15861250000000007
35600,1.8197126562500003,0.38161874999999995,0.4603031250000001,0.15807812499999999
35700,1.81835859375,0.380971875,0.4609765625000001,0.1580515625
35800,1.8186303125,0.381015625,0.4610578125,0.15792656249999995
35900,1.8182314062499998,0.3810937499999999,0.46120312500000005,0.15770312500000006
36000,1.8186546875,0.38154375,0.46132812499999987,0.15712812499999998
36100,1.817545,0.381140625,0.46211562500000003,0.15674375
36200,1.8182140625,0.38161875,0.46198125,0.15639999999999998
36300,1.8174281249999997,0.38111718749999995,0.46239843750000004,0.156484375
36400,1.81584984375,0.38036562499999993,0.4633093749999999,0.15632500000000005
36500,1.8131698437500006,0.3790796875000001,0.4650890625000003,0.15583124999999992
36600,1.8117543749999998,0.3786062500000001,0.4652921875,0.15610156249999999
36700,1.8114901562500005,0.3787578124999999,0.4656578125,0.15558437500000002
36800,1.8113274999999995,0.37854218750000007,0.465621875,0.15583593750000005
36900,1.8120795312499995,0.3788265624999999,0.4645781249999999,0.1565953125
37000,1.81328390625,0.37904843750000006,0.4640921875000001,0.156859375
37100,1.8141082812500005,0.37945156250000006,0.46310468749999995,0.15744374999999997
37200,1.8134467187500003,0.3792828125,0.4637578124999999,0.156959375
37300,1.8140678124999994,0.3798203125,0.4622640625,0.15791562499999998
37400,1.8160006249999998,0.38073281249999996,0.46177031250000006,0.15749687499999998
37500,1.8166392187499998,0.380846875,0.46130937500000013,0.15784375000000003
37600,1.8175768749999996,0.3811140625,0.4603921874999999,0.15849375
37700,1.81746,0.3809046875,0.46097812499999996,0.15811718749999998
37800,1.8179173437499998,0.3815656250000002,0.46102031249999986,0.1574140625
37900,1.8184181249999998,0.3815624999999999,0.46068124999999993,0.15775624999999996
38000,1.81860796875,0.38199531250000013,0.460559375,0.15744531250000002
38100,1.8181487499999998,0.38192031249999997,0.4609265624999999,0.15715312500000003
38200,1.8173337500000006,0.38099375,0.4604640625,0.15854218750000001
38300,1.8163292187500002,0.3803109375000001,0.461125,0.1585640625
38400,1.8163104687500005,0.3804656250000001,0.4613718749999999,0.15816249999999993
38500,1.8162200000000002,0.3801875000000001,0.46141718750000016,0.15839531249999994
38600,1.8156018749999998,0.38048281250000004,0.4619249999999998,0.15759218749999998
38700,1.8161440625,0.3804875,0.4618984375000002,0.15761406249999996
38800,1.8164732812499997,0.38061875000000006,0.4619359375000001,0.15744531249999993
38900,1.8184562499999997,0.382053125,0.4610875000000001,0.15685937500000005
39000,1.8199129687499997,0.3827984375000001,0.4603796875000001,0.15682187500000003
39100,1.8217121875000002,0.38387656249999996,0.4593468750000001,0.15677656249999997
39200,1.8233056249999997,0.38497968750000006,0.4583078124999999,0.15671249999999998
39300,1.8255170312500002,0.38579687500000004,0.45672500000000005,0.15747812500000005
39400,1.8275217187500004,0.3862515625000002,0.4557187499999999,0.15802968749999993
39500,1.8288720312500006,0.386915625,0.45469531250000006,0.15838906249999996
39600,1.8292023437500005,0.38743437499999994,0.45470781250000003,0.15785781249999994
39700,1.8294596875,0.3874640625,0.45447499999999996,0.15806093749999997
39800,1.82964125,0.3875421875000001,0.45457812499999994,0.15787968749999998
39900,1.8304187500000006,0.3874234375000001,0.4529125,0.1596640625
40000,1.831441875,0.3877984374999999,0.452009375,0.16019218749999997
40100,1.8320218749999997,0.38740312499999996,0.45100468749999983,0.16159218749999996
40200,1.83363875,0.38833124999999985,0.4501484375,0.1615203125
40300,1.8356376562499999,0.3892859375000002,0.4495,0.1612140625
40400,1.8357495312499994,0.3896234375,0.4498406249999999,0.16053593749999995
40500,1.8359871875000002,0.389634375,0.44937812499999996,0.1609875
40600,1.836199218750001,0.3895078125000001,0.448946875,0.16154531249999998
40700,1.8356059375000002,0.389471875,0.44996562499999987,0.16056250000000008
40800,1.8342285937499996,0.3883218749999999,0.4505921875000001,0.16108593750000003
40900,1.832514375,0.3877453125,0.4523890625,0.159865625
41000,1.8320571875,0.38787343750000003,0.4528187499999999,0.15930781249999998
41100,1.831786875,0.3873921875000001,0.4529890625,0.15961874999999998
41200,1.8318126562499997,0.38762343749999995,0.4532140624999999,0.1591625
41300,1.8307673437500003,0.3868015625,0.45403281250000005,0.15916562500000003
41400,1.8299556250000002,0.3864953125000001,0.454440625,0.15906406249999996
41500,1.8306175,0.3868921875000001,0.4537484374999999,0.15935937499999997
41600,1.829625,0.3861406249999999,0.4537734375,0.16008593749999994
41700,1.8283615624999994,0.3857328125000001,0.4546828124999997,0.159584375
41800,1.8263848437499999,0.3844796875000001,0.4560453125,0.15947499999999998
41900,1.82526265625,0.384584375,0.45740000000000014,0.158015625
42000,1.8236340624999996,0.3838171875000001,0.4587046875,0.15747812499999997
42100,1.8224062500000002,0.38315624999999975,0.4591953125,0.15764843750000004
42200,1.8205817187500002,0.382265625,0.46035781249999996,0.15737656249999998
42300,1.8190432812499997,0.3812750000000001,0.4612624999999998,0.15746250000000003
42400,1.8181834374999997,0.3807359375,0.4615203125,0.15774375
42500,1.8175746874999998,0.38055468750000004,0.46243906250000016,0.15700625
42600,1.8152512499999995,0.3795968750000001,0.4640031250000001,0.15639999999999998
42700,1.8144292187499993,0.3790640625,0.46396250000000017,0.1569734375
42800,1.8142360937499997,0.37928906249999983,0.46384999999999993,0.15686093749999996
42900,1.8138209374999998,0.3789890625,0.46433437499999997,0.1566765625
43000,1.813739375,0.3786328125,0.46350937500000006,0.1578578125
43100,1.813728125,0.377915625,0.46259687499999985,0.15948749999999998
43200,1.8145550000000008,0.3781750000000001,0.46221874999999996,0.15960625
43300,1.8160320312499993,0.37926250000000006,0.46125000000000016,0.15948749999999995
43400,1.8166912499999999,0.37991406250000004,0.4613921875000001,0.15869375000000002
43500,1.81693390625,0.3799234375,0.4615515625000001,0.15852499999999994
43600,1.8163117187500004,0.38004375,0.4618765625,0.15807968750000007
43700,1.8157050000000001,0.3795656250000001,0.4625046874999999,0.15792968749999994
43800,1.8155343749999995,0.3796609375000002,0.4626734375000002,0.157665625
43900,1.8160089062500004,0.379503125,0.46209687499999985,0.15840000000000007
44000,1.8154529687499996,0.37915156249999993,0.4626703124999998,0.158178125
44100,1.8143375,0.37870937500000007,0.46308437499999994,0.15820625000000005
44200,1.8146059375,0.3787359375000001,0.462840625,0.15842343750000001
44300,1.8144596875,0.37886718750000004,0.4635625,0.1575703125
44400,1.8135196875000004,0.3787640625,0.46412968749999994,0.15710625000000003
44500,1.8123845312500002,0.3786249999999999,0.4647546874999998,0.1566203125
44600,1.8132914062499996,0.3790375000000002,0.4638125000000002,0.15714999999999996
44700,1.81522390625,0.37949687499999996,0.46239843750000004,0.15810468749999998
44800,1.8166920312499997,0.3801109375,0.4613125,0.15857656249999996
44900,1.8173345312499998,0.38127343750000015,0.4615234374999998,0.15720312500000005
45000,1.8171551562500001,0.38119999999999993,0.46172343749999994,0.15707656250000007
45100,1.817288125,0.3814671874999999,0.46234531249999994,0.15618750000000006
45200,1.8172596874999998,0.3813734375,0.46197187500000003,0.1566546875
45300,1.8181660937500004,0.38130156249999997,0.4612140625,0.15748437499999998
45400,1.8191501562500005,0.3820203125,0.46054843749999985,0.15743124999999994
45500,1.818821875,0.3818578125,0.46051718750000004,0.15762499999999993
45600,1.8184953125,0.3821671875,0.4612843750000001,0.1565484375
45700,1.8194335937500001,0.3822921875,0.45976406249999985,0.15794375000000005
45800,1.8194943749999999,0.38259843749999994,0.4600671875,0.157334375
45900,1.8190759374999996,0.3824250000000001,0.46110468749999994,0.15647031250000004
46000,1.8193312499999998,0.3820062499999999,0.4605593749999999,0.15743437499999996
46100,1.81802640625,0.38146562500000003,0.4617015624999999,0.1568328125
46200,1.8155043749999997,0.380525,0.46360468749999995,0.15587031250000002
46300,1.8140596874999997,0.3801375,0.46469375,0.15516875000000002
46400,1.8125589062500005,0.37973281249999985,0.4654234375,0.15484375
46500,1.8115878124999998,0.379121875,0.46549531249999987,0.15538281250000005
46600,1.81193578125,0.37892812500000006,0.465328125,0.15574375
46700,1.8110737499999996,0.37859375,0.46591406250000034,0.15549218750000002
46800,1.8100823437500002,0.3781125,0.46704062500000004,0.15484687499999997
46900,1.80932109375,0.37740781250000005,0.4677046875,0.1548875
47000,1.8080701562500001,0.37690625000000005,0.468490625,0.15460312500000004
47100,1.8082789062499995,0.3773031250000001,0.4682578124999999,0.15443906250000006
47200,1.8097017187500002,0.3779187499999999,0.46767031249999996,0.1544109375
47300,1.8099585937500005,0.37764374999999994,0.46775156250000005,0.15460468750000003
47400,1.8106403125,0.3781515624999999,0.46715937500000004,0.15468906249999997
47500,1.8118290625000004,0.37873906250000006,0.4663562500000001,0.1549046875
47600,1.8126815625000003,0.3794546875,0.46540468749999986,0.155140625
47700,1.8127723437499998,0.3793343749999999,0.46535000000000015,0.15531562499999993
47800,1.81300140625,0.3795984374999999,0.46489375,0.1555078125
47900,1.8131878125000003,0.37922187500000004,0.46478437499999997,0.15599375
48000,1.8134785937500004,0.37932812499999996,0.4638765624999999,0.15679531249999998
48100,1.8134414062499995,0.37925156250000003,0.4641109375000001,0.15663750000000004
48200,1.8138634375,0.3794296875,0.46352031249999986,0.15705
48300,1.8148029687500002,0.38021406249999995,0.463775,0.1560109375
48400,1.8154056250000004,0.3798484375,0.4627124999999999,0.1574390625000001
48500,1.8160623437500005,0.3801234375000001,0.46155937500000016,0.1583171874999999
48600,1.8165574999999996,0.3806218749999999,0.4614234375000001,0.15795468749999997
48700,1.8181473437499998,0.3815093750000001,0.4603734374999999,0.15811718750000003
48800,1.8194054687499999,0.3818734375,0.4596125,0.1585140625
48900,1.81896390625,0.3815265625000001,0.45939531249999993,0.159078125
49000,1.81927828125,0.38142656249999995,0.45871875000000006,0.15985468749999998
49100,1.8190778125000004,0.3810062499999999,0.4591703124999999,0.1598234375
49200,1.8204260937500003,0.381734375,0.45840625,0.15985937500000005
49300,1.8204585937499997,0.3820640624999999,0.4583484375,0.15958750000000008
49400,1.82004015625,0.38187812499999996,0.45895312499999996,0.15916874999999994
49500,1.8203815625000002,0.38200937500000004,0.4593531249999999,0.1586375
49600,1.8210399999999993,0.38262500000000005,0.4595234375,0.15785156250000004
49700,1.8210985937499997,0.38292968750000017,0.4598953125,0.15717500000000004
49800,1.82133984375,0.3832859374999998,0.45995,0.15676406250000002
49900,1.8208187499999997,0.3828734375000001,0.46052031249999975,0.15660624999999997
50000,1.820237343749999,0.38254062499999997,0.4603421875000001,0.15711718749999995
50100,1.820741562500001,0.38274375000000016,0.4603515625,0.15690468750000006
50200,1.8200290625,0.3821781250000001,0.46043437499999995,0.1573875
50300,1.8192792187500004,0.38164062500000007,0.46045624999999996,0.15790312500000003
50400,1.8190259375,0.38137968749999995,0.46039218750000005,0.158228125
50500,1.8195131249999994,0.3817531249999999,0.4601125,0.158134375
50600,1.8193124999999999,0.38180937499999995,0.4606921874999999,0.15749843749999998
50700,1.8192331250000002,0.3819015624999999,0.4602734374999999,0.157825
50800,1.8211357812500004,0.38283906250000005,0.4592218749999999,0.15793906250000003
50900,1.8219598437499995,0.38331875,0.45919999999999983,0.15748125
51000,1.8231010937499996,0.38379531250000004,0.45827031249999994,0.15793437500000002
51100,1.8231675,0.38376406249999984,0.4580046875,0.15823125000000002
51200,1.8233273437499993,0.38366249999999996,0.4579718750000001,0.158365625
51300,1.82376640625,0.38385781250000006,0.45764062499999986,0.15850156249999997
51400,1.82407515625,0.3846015624999999,0.4575062499999999,0.1578921875
51500,1.8243793749999997,0.3846390625,0.45751250000000016,0.1578484375
51600,1.8248806250000005,0.385225,0.45783437500000007,0.156940625
51700,1.8253559374999997,0.3855859375000001,0.4575,0.1569140625
51800,1.8265017187499997,0.38621250000000007,0.45699687499999997,0.15679062500000004
51900,1.8282793749999997,0.3868,0.4549015625,0.15829843749999997
52000,1.8292228125000005,0.38677031249999994,0.4535453125000001,0.15968437500000002
52100,1.830756875,0.387084375,0.45298749999999993,0.159928125
52200,1.8314718749999996,0.3874515625,0.45272343750000005,0.15982500000000002
52300,1.8311929687500001,0.38783593749999995,0.45287187500000015,0.15929218749999996
52400,1.8292159374999997,0.386728125,0.45422187500000005,0.15905000000000002
52500,1.8287485937499997,0.3863093749999999,0.4545859374999999,0.1591046875
