step,mean_aspect_ratio,fraction_elongated,fraction_round,fraction_binary
100,1.0,0.0,1.0,0.0
200,1.5382118749999996,0.0817359375,0.19099218750000002,0.7272718750000002
300,1.6959934374999996,0.19710624999999996,0.2663515625,0.5365421874999998
400,1.7751407812499997,0.2751125,0.31765625,0.40723124999999977
500,1.8167337499999996,0.32337968750000007,0.34569218749999997,0.330928125
600,1.8384654687499995,0.3508953125,0.36159062500000005,0.2875140625
700,1.849606875,0.3675921875,0.3714296875000001,0.26097812500000006
800,1.8566979687500005,0.3782921875000001,0.37817812499999987,0.24352968749999998
900,1.8639812499999995,0.38630781249999985,0.3801296875,0.23356249999999995
1000,1.86856125,0.39264375,0.3819796875,0.2253765625
1100,1.87226015625,0.39710468750000005,0.38297812500000006,0.21991718749999992
1200,1.87723265625,0.40215781249999993,0.38376093749999995,0.21408124999999997
1300,1.881568125,0.4061140625000001,0.38438749999999994,0.20949843749999994
1400,1.88443796875,0.40863593750000005,0.3847484375000001,0.206615625
1500,1.8891725000000001,0.41233281249999987,0.383784375,0.20388281249999995
1600,1.8933535937500003,0.41577031250000007,0.3828484374999999,0.20138125
1700,1.8984359374999997,0.41931875000000013,0.3813734375000002,0.19930781250000001
1800,1.9045773437499998,0.4229890624999999,0.3786562500000001,0.19835468750000002
1900,1.9098942187500005,0.4260843749999999,0.37695000000000006,0.19696562499999995
2000,1.91394734375,0.42928125,0.3759640624999999,0.1947546875
2100,1.9168692187500003,0.4316578125,0.37615156250000004,0.19219062500000003
2200,1.9192443749999992,0.4339828125000001,0.37645,0.18956718749999998
2300,1.9199340624999996,0.4347703124999999,0.3767515625000002,0.188478125
2400,1.9209985937500003,0.4360828125,0.377321875,0.18659531249999994
2500,1.92276703125,0.4368874999999999,0.3764546874999999,0.1866578125
2600,1.9256209375000002,0.43815,0.3747046874999999,0.18714531250000002
2700,1.9305665625,0.4409546875,0.37203281250000003,0.1870125
2800,1.9336484374999998,0.44321874999999983,0.3711796875,0.1856015625
2900,1.9364720312500006,0.44544531250000013,0.3706921875,0.1838625000000001
3000,1.9387545312499994,0.4469906250000001,0.37078437499999994,0.18222499999999997
3100,1.94174765625,0.4488156250000001,0.36895156249999994,0.1822328125
3200,1.9454875000000003,0.45095624999999995,0.36736093749999993,0.18168281250000007
3300,1.9473589062499994,0.45226562500000006,0.36671406250000005,0.18102031249999997
3400,1.9482485937499998,0.4529625,0.3669765625,0.18006093750000002
3500,1.9485200000000005,0.453334375,0.3673203125000001,0.17934531249999996
3600,1.9490517187500003,0.4533656250000001,0.36737187500000007,0.1792625
3700,1.9495395312500006,0.4545140624999999,0.36818749999999995,0.1772984375
3800,1.94933890625,0.45500312499999995,0.3685671874999999,0.17642968749999996
3900,1.9509667187499997,0.45592343750000014,0.36853125000000003,0.17554531249999997
4000,1.9524356250000001,0.45746250000000005,0.36825781249999995,0.17427968749999997
4100,1.9566314062499999,0.45978437499999997,0.365928125,0.17428750000000007
4200,1.9604823437499999,0.46168593750000003,0.36337031249999996,0.1749437500000001
4300,1.9637792187500003,0.4632421875,0.3617234374999999,0.17503437499999994
4400,1.9675400000000003,0.46532812500000004,0.35955781249999996,0.17511406249999995
4500,1.9698757812500007,0.4663015625,0.3589218749999999,0.1747765625
4600,1.9721420312499993,0.46738124999999997,0.3577156250000001,0.17490312500000005
4700,1.9736639062499997,0.46831874999999995,0.35767187500000003,0.174009375
4800,1.9748182812500008,0.4693796874999999,0.3579781249999999,0.17264218750000007
4900,1.97423859375,0.4693421875,0.3585234375000001,0.17213437499999995
5000,1.9740620312499997,0.46957343749999997,0.35913281249999995,0.17129375000000008
5100,1.9742929687500004,0.46976562499999985,0.3591593749999999,0.171075
5200,1.97541984375,0.4706937500000001,0.35900156250000004,0.17030468749999994
5300,1.9777178125,0.47133281250000003,0.35735937500000015,0.17130781250000002
5400,1.9804217187500004,0.47279843750000017,0.35587499999999994,0.1713265625
5500,1.9814345312500001,0.47309687500000014,0.35502500000000003,0.17187812500000002
5600,1.9819914062499995,0.47372656250000006,0.35583750000000003,0.1704359375
5700,1.9828415624999995,0.4742984375,0.35539218749999996,0.170309375
5800,1.9823039062499992,0.4742624999999999,0.3563515625000001,0.1693859375
5900,1.9839096875000009,0.4752859375,0.35590468750000004,0.168809375
6000,1.9839140625000002,0.47560937499999983,0.3561250000000001,0.16826562500000003
6100,1.9851409375000004,0.47622812500000006,0.355925,0.16784687499999998
6200,1.9857167187500002,0.4769953124999998,0.3558015624999999,0.16720312500000004
6300,1.9875201562500002,0.4775812500000001,0.3550062499999999,0.1674125
6400,1.9881524999999998,0.4772796875000001,0.3543984375,0.16832187500000004
6500,1.9888612499999994,0.47793593749999985,0.35469843749999996,0.16736562500000002
6600,1.9899221875,0.4786421874999998,0.3539578125000002,0.1674
6700,1.9916762500000003,0.48004062499999983,0.3532625,0.166696875
6800,1.9922060937499997,0.48074218750000003,0.35358281249999995,0.16567499999999996
6900,1.9915325000000001,0.48013437500000006,0.3542843750000001,0.16558125
7000,1.9899226562500005,0.4798453125,0.35560624999999996,0.16454843749999998
7100,1.9888640625000005,0.47940625,0.35579218749999997,0.16480156250000003
7200,1.9884912500000003,0.47897812499999987,0.3552421875,0.16577968750000002
7300,1.9897429687500008,0.47909062499999994,0.3544546875,0.16645468750000003
7400,1.99196203125,0.4799734375000002,0.35293125000000003,0.16709531249999998
7500,1.99429734375,0.4810343749999998,0.35166562500000004,0.1673
7600,1.9976054687499996,0.4828687499999999,0.35005000000000003,0.16708125
7700,1.9998682812499995,0.4843421875,0.349096875,0.16656093750000003
7800,2.0000792187500003,0.48473593749999994,0.3495656250000001,0.16569843749999996
7900,2.0008010937500007,0.48525781249999994,0.3493078125,0.165434375
8000,2.0015103124999998,0.48577031249999986,0.3495874999999999,0.16464218749999998
8100,2.0009921875,0.485565625,0.35014687499999986,0.16428749999999998
8200,2.00046234375,0.4853906249999998,0.35064843749999997,0.16396093750000001
8300,1.9998609375,0.484778125,0.35091406250000023,0.16430781249999998
8400,1.99926578125,0.48444843750000016,0.35184062499999996,0.16371093750000001
8500,1.9999317187499999,0.4844953125000001,0.351040625,0.1644640625
8600,2.0009443749999996,0.4852843749999999,0.35004531250000004,0.16467031250000003
8700,2.0019773437499997,0.4862125000000001,0.350059375,0.16372812500000009
8800,2.0034753125000004,0.4869390625,0.3492921874999999,0.16376875000000002
8900,2.0042551562500006,0.48715,0.348878125,0.16397187500000004
9000,2.005226249999999,0.48744218749999985,0.3475953125,0.16496249999999998
9100,2.0063387500000003,0.48792812500000016,0.3470875000000001,0.16498437499999996
9200,2.007928437500001,0.48865000000000014,0.34582187500000006,0.16552812500000005
9300,2.0100832812499996,0.48998125000000003,0.3451859375,0.1648328125
9400,2.0114984375000007,0.49090937500000004,0.34506562500000004,0.16402500000000003
9500,2.01287609375,0.49162500000000003,0.34388906250000006,0.16448593749999998
9600,2.0144882812500002,0.49295312499999994,0.3430375,0.16400937499999996
9700,2.0158096875,0.49431718750000003,0.34264531249999997,0.16303750000000003
9800,2.0173787499999998,0.4950765624999999,0.34204999999999985,0.16287343749999997
9900,2.018014062500001,0.49497812499999994,0.34112968749999995,0.16389218749999995
10000,2.0178454687499996,0.4949640625000001,0.34194843750000004,0.16308750000000002
10100,2.01735125,0.4954734375,0.34249531250000004,0.16203125000000004
10200,2.0175621874999994,0.49545156250000005,0.3414578125,0.16309062499999993
10300,2.0178045312499995,0.49543124999999993,0.34117031249999985,0.1633984374999999
10400,2.0186253125000007,0.4955171875,0.34135781249999986,0.16312500000000005
10500,2.01981671875,0.49626249999999983,0.34109843749999974,0.16263906249999993
10600,2.0204989062500007,0.49661718749999995,0.340671875,0.1627109375
10700,2.02196140625,0.4972015624999999,0.3397421875,0.16305625000000004
10800,2.0231956249999996,0.49776406249999994,0.3386578125,0.16357812499999996
10900,2.0254956250000005,0.4990468749999999,0.33722656250000016,0.1637265625
11000,2.02853109375,0.5005281249999999,0.33551562500000004,0.16395625000000005
11100,2.0304143750000008,0.5017437500000002,0.3347343750000001,0.16352187499999998
11200,2.0331207812500005,0.503178125,0.33276250000000007,0.16405937499999992
11300,2.0355275,0.5047031249999999,0.3322359374999999,0.16306093750000006
11400,2.03723609375,0.5051796875,0.33116093750000003,0.16365937499999997
11500,2.0395559375000007,0.506059375,0.32956874999999997,0.164371875
11600,2.0410214062500005,0.5067984374999999,0.32898281249999994,0.16421875000000002
11700,2.04288359375,0.507846875,0.3277968749999999,0.16435624999999998
11800,2.0442960937500003,0.50854375,0.3269640625,0.1644921875
11900,2.045915,0.509153125,0.32635625,0.16449062500000003
12000,2.0464810937500006,0.5092781249999999,0.326384375,0.16433750000000003
12100,2.0460978124999993,0.5093734374999999,0.3274671875000002,0.16315937499999997
12200,2.0462325000000003,0.5097718750000002,0.3278921875,0.16233593750000003
12300,2.04566734375,0.509553125,0.3284843750000001,0.16196250000000004
12400,2.0446539062500007,0.5091375,0.3293828125,0.16147968750000002
12500,2.044281718750001,0.5089562499999998,0.3302843749999999,0.16075937499999998
12600,2.0436421875,0.5090312499999998,0.33045937499999994,0.160509375
12700,2.041723125,0.507940625,0.33190000000000003,0.160159375
12800,2.0402409375,0.5070312499999999,0.33327656250000004,0.15969218749999994
12900,2.0389545312499995,0.5062390624999998,0.3343187500000001,0.15944218749999997
13000,2.0372307812500003,0.5050265625,0.33522968750000004,0.15974374999999996
13100,2.0355501562500007,0.5043843750000001,0.33609375,0.159521875
13200,2.0336589062500003,0.5033609375,0.33788593749999996,0.15875312499999997
13300,2.0323692187499995,0.5032109375,0.33844843750000003,0.15834062499999996
13400,2.03093109375,0.5021921875,0.3391234375,0.15868437500000002
13500,2.0297631249999997,0.5015281250000001,0.3395250000000001,0.15894687500000002
13600,2.0282353124999997,0.5009078125,0.3407625000000001,0.15832968750000004
13700,2.0272446875,0.4999421875000001,0.3403546874999999,0.15970312500000003
13800,2.0278506249999997,0.5000437499999999,0.34002812499999996,0.15992812500000003
13900,2.0288365625,0.5008078125000002,0.33928906249999996,0.15990312499999998
14000,2.030293125,0.5013953125000001,0.3390453125,0.15955937500000003
14100,2.03096625,0.5020265624999999,0.3387015625,0.159271875
14200,2.0309084375000004,0.5024484375,0.33900468749999985,0.15854687499999995
14300,2.0305559375,0.5022515625000002,0.33899531250000003,0.158753125
14400,2.0302417187499997,0.5023406249999999,0.3389640625,0.15869531250000005
14500,2.0309743749999996,0.502540625,0.33869687500000006,0.1587625
14600,2.0300506250000008,0.5023437500000001,0.33940312499999997,0.15825312500000002
14700,2.0308890625000005,0.5023828125,0.3387500000000001,0.15886718749999995
14800,2.03206375,0.5026234374999997,0.33705781249999994,0.16031875000000004
14900,2.0334357812500006,0.5029781249999999,0.33611093750000004,0.16091093750000002
15000,2.0353053125,0.5042453124999999,0.3347156250000002,0.16103906250000002
15100,2.03819375,0.5057828125,0.3334078125,0.16080937500000003
15200,2.04023515625,0.5065109375000001,0.33248750000000005,0.16100156249999997
15300,2.0410903125000006,0.5072781249999999,0.33243125,0.160290625
15400,2.0419931249999994,0.5078937499999999,0.33190468749999996,0.16020156249999998
15500,2.04315234375,0.5085093749999999,0.3307812500000001,0.16070937500000002
15600,2.044863125,0.5092015624999999,0.3299484375,0.16085000000000005
15700,2.0467784375000004,0.5100515624999999,0.3287859375,0.1611625
15800,2.0482714062499996,0.5110171875,0.3280359375000001,0.16094687500000002
15900,2.04992515625,0.511609375,0.3269046875,0.1614859375
16000,2.0515293749999994,0.5123921875,0.32595468750000006,0.161653125
16100,2.05239140625,0.5124843750000001,0.32512500000000005,0.16239062499999996
16200,2.0542346875000006,0.5131296874999999,0.3242734375000001,0.162596875
16300,2.0542871875000004,0.5131546874999999,0.3243703125000001,0.16247500000000004
16400,2.0547340624999997,0.51343125,0.32443281249999995,0.16213593750000002
16500,2.05401609375,0.512846875,0.32513906249999996,0.16201406249999997
16600,2.0534504687499995,0.5122218750000002,0.32514375,0.162634375
16700,2.0528190625,0.511609375,0.32540625000000006,0.16298437500000004
16800,2.0532209375000003,0.5120968749999998,0.32517343749999994,0.1627296875
16900,2.0543146874999993,0.5125375,0.32395468749999995,0.16350781249999996
17000,2.0567878125000005,0.5140921875000001,0.32286406250000005,0.16304375000000004
17100,2.0593945312499993,0.515490625,0.32114375,0.163365625
17200,2.0608925,0.5166046875,0.3209890625000001,0.16240625
17300,2.0615106249999995,0.5172937500000001,0.3204875,0.16221875
17400,2.0623007812499994,0.5178671875,0.3206453125000001,0.16148749999999998
17500,2.0634756250000006,0.518303125,0.3198359375000001,0.1618609375
17600,2.0640937500000005,0.5187031249999998,0.3195156250000001,0.16178125000000004
17700,2.0638814062499997,0.51895,0.319415625,0.16163437500000002
17800,2.0649684374999993,0.5198484374999998,0.3189453125,0.16120625
17900,2.0665534375000005,0.5208421874999997,0.31749375,0.16166406249999998
18000,2.0678032812500002,0.5211593750000001,0.316290625,0.16255
18100,2.0690071875000005,0.5219937500000001,0.3158921874999999,0.16211406250000002
18200,2.07192484375,0.5234484374999999,0.3147546874999999,0.16179687499999995
18300,2.072585937500001,0.5243374999999999,0.3152578124999999,0.16040468750000003
18400,2.07234109375,0.5243078125,0.31573437499999985,0.1599578125
18500,2.0723996875000004,0.5245625,0.31599843750000006,0.1594390625
18600,2.07137359375,0.5242984374999998,0.31728281249999996,0.15841875000000008
18700,2.07030859375,0.5237374999999999,0.3177359375,0.15852656250000005
18800,2.0705671875,0.5237718750000001,0.31744531249999997,0.15878281249999995
18900,2.069525625,0.522853125,0.317765625,0.15938125000000003
19000,2.0699503125,0.5227984375,0.31764531250000005,0.15955625
19100,2.06948515625,0.52230625,0.31793124999999994,0.15976250000000008
19200,2.0684046875000006,0.5218625000000001,0.3189375000000001,0.15919999999999998
19300,2.0671526562499998,0.5214046874999999,0.31959687499999995,0.15899843750000003
19400,2.0659887500000003,0.5208343750000001,0.3200609375,0.1591046875
19500,2.0655023437499995,0.5208562499999999,0.319434375,0.159709375
19600,2.065689375,0.5207687499999999,0.3196390625,0.1595921875
19700,2.0665867187499996,0.5209078125000002,0.31905937500000003,0.1600328125
19800,2.06812015625,0.5220671875,0.31843437500000005,0.15949843749999998
19900,2.06835734375,0.5224984374999998,0.31881875,0.1586828125
20000,2.0680954687499993,0.5225484375000001,0.3192734375,0.15817812499999992
20100,2.06764703125,0.52211875,0.31942812500000006,0.158453125
20200,2.0680301562499994,0.5219843750000001,0.3192234375,0.15879218749999996
20300,2.0682279687500005,0.5219640624999999,0.32006249999999997,0.15797343749999995
20400,2.067986875,0.5223343749999999,0.3206750000000001,0.15699062499999994
20500,2.0672660937500007,0.52180625,0.3207328124999998,0.15746093749999995
20600,2.0673875,0.5218249999999999,0.320709375,0.157465625
20700,2.0665309375,0.5219578124999998,0.32136562499999993,0.15667656249999998
20800,2.0669096875000004,0.5224343749999999,0.32157656249999994,0.1559890625
20900,2.0663481249999993,0.5220984375000001,0.3214421875000001,0.15645937500000004
21000,2.06395359375,0.5204359375000002,0.32309843750000017,0.15646562500000005
21100,2.0605353125,0.5193406249999999,0.3251718749999999,0.15548750000000006
21200,2.05915015625,0.5186703125000002,0.32621875000000006,0.15511093750000005
21300,2.0581746874999998,0.5175375000000002,0.3265453124999999,0.15591718750000003
21400,2.056171875,0.5163171875000001,0.32771875,0.15596406249999997
21500,2.054613437500001,0.5154843749999999,0.3284578124999999,0.1560578125
21600,2.0537346875,0.5153781250000001,0.3284171875000001,0.15620468750000005
21700,2.0543920312499995,0.5153984375,0.3272578124999999,0.15734375
21800,2.055365,0.5155359374999999,0.32617343750000005,0.15829062500000002
21900,2.0559265625,0.515834375,0.3256765625,0.1584890625
22000,2.05730421875,0.51598125,0.32372812500000003,0.160290625
22100,2.0588301562500004,0.5165234375000001,0.32262656250000005,0.16085000000000002
22200,2.06097734375,0.5176640625,0.3213265625,0.16100937499999998
22300,2.063009531249999,0.5186437499999997,0.3197609375,0.16159531249999998
22400,2.0639128124999995,0.5193468749999997,0.319725,0.160928125
22500,2.0645251562500007,0.5205875,0.32006406249999997,0.1593484375
22600,2.0648815625000005,0.520684375,0.3204140625000001,0.15890156250000004
22700,2.06468625,0.5207124999999999,0.3203625000000001,0.15892499999999998
22800,2.0643943749999996,0.5198734375,0.32045,0.15967656249999998
22900,2.0640078124999994,0.5194828125000001,0.320725,0.15979218750000002
23000,2.06344375,0.5192140624999999,0.32073593749999996,0.16005
23100,2.0638256249999998,0.5192796874999999,0.3207328125,0.15998749999999998
23200,2.0646189062499998,0.5198890624999999,0.3203796874999999,0.15973125
23300,2.065985625,0.52075625,0.3201984375000001,0.15904531249999998
23400,2.0666225,0.5210437499999999,0.3196328125,0.15932343749999997
23500,2.0662376562499998,0.52133125,0.3200500000000001,0.15861875000000003
23600,2.0643875000000005,0.5199968749999998,0.32088281250000006,0.15912031249999997
23700,2.06272890625,0.5184718749999999,0.32134999999999986,0.16017812500000003
23800,2.06156890625,0.517546875,0.32224843750000004,0.16020468749999997
23900,2.06055921875,0.51699375,0.32290312500000007,0.16010312499999999
24000,2.0583687499999996,0.515721875,0.3250156249999999,0.15926249999999997
24100,2.0566607812499997,0.5153421874999999,0.3257640625,0.15889375000000006
24200,2.0560571875,0.5150906249999999,0.3265843750000002,0.15832499999999997
24300,2.056565625,0.5157296875000001,0.326434375,0.1578359375
24400,2.0576028125,0.5161203125000001,0.3254453125,0.15843437500000004
24500,2.0581776562500003,0.5165750000000001,0.32487187500000003,0.15855312499999996
24600,2.05987578125,0.5170374999999998,0.32322968750000003,0.1597328125
24700,2.0611609374999995,0.517725,0.3223718749999999,0.15990312500000003
24800,2.0631667187500002,0.5185890625,0.32106093749999987,0.16035000000000008
24900,2.0639053125,0.5194546875000002,0.32119218750000006,0.15935312499999996
25000,2.06302015625,0.5188515625000002,0.3218062500000001,0.15934218749999995
25100,2.06387046875,0.5194765625,0.3211437500000001,0.15937968750000006
25200,2.06556140625,0.5202328124999999,0.31986250000000005,0.15990468750000003
25300,2.0671487500000003,0.5208093750000002,0.3186078125000002,0.1605828125
25400,2.0694140625000004,0.5221140624999999,0.31693124999999994,0.1609546875
25500,2.0724890625,0.5232000000000001,0.3146109375,0.1621890625
25600,2.07449203125,0.5239015624999999,0.313690625,0.1624078125
25700,2.07508421875,0.5243281249999999,0.31432656249999996,0.16134531249999998
25800,2.074658124999999,0.5241046875000002,0.31405312500000004,0.16184218749999993
25900,2.0740220312499997,0.5241265624999999,0.31493125000000005,0.16094218750000008
26000,2.0730218750000002,0.5234828125000001,0.3161109374999999,0.16040625
26100,2.0718384375000003,0.5228921874999999,0.3171078125,0.15999999999999995
26200,2.0702348437499998,0.5221359375,0.31801875000000007,0.15984531249999992
26300,2.0689284375000003,0.5215609375,0.3189078124999999,0.15953124999999999
26400,2.0668264062499992,0.5205531250000002,0.32043125,0.15901562499999997
26500,2.0654090625000006,0.5197765624999999,0.3215140625,0.15870937499999999
26600,2.0638784375000006,0.5185343750000001,0.321878125,0.15958749999999997
26700,2.06228109375,0.5178296875,0.3232359375,0.15893437499999996
26800,2.0628434374999998,0.5181421874999999,0.322278125,0.15957968749999998
26900,2.0624628124999997,0.5180265625000001,0.32188593749999983,0.16008749999999994
27000,2.0636256250000002,0.51855625,0.3208890625,0.16055468749999993
27100,2.0660746874999996,0.5193015625000003,0.31922187500000004,0.16147656250000003
27200,2.0667717187499997,0.5198312500000001,0.319009375,0.161159375
27300,2.0679431250000007,0.5205468749999999,0.3182406250000001,0.16121249999999998
27400,2.0700507812499995,0.5216015625000001,0.31709531249999984,0.16130312500000005
27500,2.07151296875,0.5226671875,0.31646250000000004,0.1608703125
27600,2.0719167187500007,0.5227750000000002,0.31626093749999995,0.1609640625
27700,2.071796875,0.5227031249999999,0.31639843749999996,0.16089843749999996
27800,2.0709996874999996,0.5222093750000001,0.3170859375,0.16070468749999997
27900,2.0701185937500006,0.5216875000000001,0.3180843749999999,0.16022812500000003
28000,2.0681028125000003,0.5209484375,0.3189515625,0.16010000000000002
28100,2.0662871875000004,0.520390625,0.320221875,0.1593875
28200,2.0656887499999996,0.5197078124999999,0.32007343749999995,0.16021874999999994
28300,2.0660248437500006,0.519090625,0.3195109375,0.16139843750000005
28400,2.065695625,0.5189906249999999,0.3195609375,0.1614484375
28500,2.0651507812500003,0.5188578124999998,0.320253125,0.16088906249999996
28600,2.0657781249999996,0.5191499999999999,0.3196234374999999,0.16122656250000003
28700,2.06494859375,0.5189187500000001,0.320790625,0.16029062500000002
28800,2.0623287500000003,0.51780625,0.32232812500000013,0.159865625
28900,2.0605215625,0.5173125,0.323696875,0.1589906250000001
29000,2.0594578125,0.51695625,0.3245765625,0.1584671875000001
29100,2.0581196875,0.516353125,0.32491562500000004,0.15873125000000002
29200,2.0573818749999995,0.5159109374999999,0.3255890625000001,0.15849999999999995
29300,2.0576098437499994,0.51545,0.32498593750000004,0.1595640625
29400,2.05703671875,0.5151500000000002,0.32481875000000004,0.16003125
29500,2.0577485937500004,0.5157875,0.32485312499999996,0.15935937499999991
29600,2.05758296875,0.515853125,0.32534375000000004,0.15880312500000007
29700,2.056954062499999,0.5153874999999997,0.3245718750000002,0.160040625
29800,2.0590675,0.5161718750000001,0.32360156249999994,0.16022656249999997
29900,2.06082421875,0.517634375,0.3223531250000001,0.16001250000000003
30000,2.0601549999999995,0.5176250000000001,0.32326250000000006,0.15911249999999996
30100,2.0601231249999996,0.51728125,0.32368750000000013,0.15903124999999999
30200,2.05917890625,0.5170953125000001,0.32435156250000013,0.15855312499999996
30300,2.0580234374999997,0.5165375000000002,0.3254437500000001,0.15801875
30400,2.0588953124999994,0.517309375,0.325146875,0.15754375
30500,2.058546250000001,0.5174031250000001,0.32516562499999996,0.15743124999999997
30600,2.0583278124999995,0.5171249999999998,0.3247281249999999,0.15814687500000002
30700,2.0583125,0.5169968750000001,0.32415781250000003,0.15884531250000003
30800,2.0596179687499996,0.5175265625000001,0.32351406249999987,0.158959375
30900,2.06081234375,0.5183218749999998,0.32305156249999994,0.15862656249999998
31000,2.0629057812500005,0.51948125,0.32143750000000004,0.15908125
31100,2.063993125,0.5200625,0.3207078125000001,0.1592296875
31200,2.065161874999999,0.5203640625000001,0.31969999999999993,0.15993593749999993
31300,2.0657301562500003,0.5207515624999998,0.3196718750000001,0.1595765625
31400,2.066343749999999,0.520846875,0.3190359374999999,0.1601171875
31500,2.066881562500001,0.521025,0.3182953124999999,0.16067968750000006
31600,2.06707890625,0.520696875,0.31852031249999996,0.1607828125
31700,2.066770625,0.5204296874999998,0.31877343750000015,0.16079687500000006
31800,2.0659742187499996,0.5201906249999999,0.319175,0.160634375
31900,2.0655343749999995,0.5195671875000002,0.3194687500000001,0.16096406250000006
32000,2.0646045312500005,0.5189015624999999,0.3199046875,0.16119374999999997
32100,2.06520796875,0.5193671875000001,0.31944531249999997,0.1611875
32200,2.06418125,0.5183859375000002,0.32007031249999995,0.16154375
32300,2.0622628124999993,0.5177999999999999,0.3225296875,0.15967031250000002
32400,2.0600353125,0.51708125,0.32415781250000003,0.1587609375
32500,2.0575690625000003,0.5152781249999999,0.32575625,0.15896562499999992
32600,2.0558734375000003,0.5144390624999999,0.3264343749999999,0.15912656249999999
32700,2.05280078125,0.5130296875000001,0.32802499999999996,0.1589453125
32800,2.0505671874999996,0.5117953125,0.32931093749999996,0.15889375
32900,2.0486471875,0.5107359375,0.33010156250000006,0.15916249999999998
33000,2.0477851562500002,0.5101,0.33002343749999985,0.1598765625
33100,2.04744734375,0.5097421875000001,0.3301312500000001,0.16012656249999993
33200,2.0478234374999995,0.5099468749999999,0.33038906250000005,0.15966406249999998
33300,2.04907109375,0.5104375,0.3295281249999999,0.16003437499999998
33400,2.04943609375,0.5105937500000001,0.329315625,0.16009062500000004
33500,2.0492503125,0.5107734374999999,0.3293765624999999,0.15985000000000002
33600,2.0496884375,0.5109968749999998,0.32870312499999993,0.1603
33700,2.0515740625,0.5120625000000002,0.327771875,0.16016562499999998
33800,2.05241578125,0.5125500000000001,0.3275421874999999,0.1599078125
33900,2.0519581250000005,0.5128828125,0.3278249999999999,0.15929218750000004
34000,2.0528399999999998,0.5128031250000001,0.327915625,0.15928124999999999
34100,2.05164390625,0.5125093749999999,0.32830625,0.15918437500000002
34200,2.05086609375,0.5119234374999999,0.32887187500000004,0.1592046875
34300,2.050684375,0.5122343749999998,0.329028125,0.15873749999999998
34400,2.05144453125,0.512809375,0.32836875,0.158821875
34500,2.052346718749999,0.5130109375,0.32727968749999997,0.159709375
34600,2.053250781249999,0.5134640625,0.3267703125,0.15976562500000005
34700,2.0539448437500005,0.5135703125000001,0.3262546874999999,0.16017499999999996
34800,2.05578140625,0.5144249999999999,0.3247328125,0.16084218749999998
34900,2.0562740625,0.5142765625000001,0.32451718749999997,0.16120624999999997
35000,2.0575973437500004,0.5154468749999999,0.3235234375,0.1610296875
35100,2.0588204687499996,0.5163093750000001,0.3229390625000001,0.16075156249999994
35200,2.0603110937499998,0.5169687499999999,0.3222312499999999,0.16080000000000003
35300,2.0622796875000002,0.5175874999999999,0.3214,0.1610125
35400,2.0634537499999994,0.5185765625000001,0.32140937500000005,0.16001406249999992
35500,2.063161406249999,0.51883125,0.3223796875,0.15878906250000002
35600,2.0617285937499994,0.5184421875,0.32346250000000004,0.15809531249999997
35700,2.06124328125,0.5180671875,0.32328906249999995,0.15864375000000003
35800,2.0610746874999997,0.5178140625,0.32343125,0.15875468749999996
35900,2.06041296875,0.517090625,0.3231203125,0.15978906250000008
36000,2.0606440624999998,0.517134375,0.3223234375,0.1605421875
36100,2.06067796875,0.5171203125,0.32218906249999996,0.160690625
36200,2.0606657812500004,0.5170171874999998,0.3222234374999999,0.16075937499999995
36300,2.0602770312499996,0.5170906249999998,0.32264374999999995,0.160265625
36400,2.0597271875,0.5169000000000001,0.3229265625,0.16017343749999996
36500,2.059893437499999,0.5168125,0.3228546874999998,0.16033281249999992
36600,2.0595265625000008,0.5163125000000001,0.32308749999999997,0.1606
36700,2.05915046875,0.5166328125,0.3237999999999999,0.15956718749999999
36800,2.0592943750000003,0.5165875,0.32431406250000006,0.15909843750000002
36900,2.0601634375000004,0.5174124999999999,0.323415625,0.15917187500000002
37000,2.06053453125,0.517725,0.32300468750000005,0.15927031249999996
37100,2.0603931250000005,0.5179984375,0.322825,0.15917656250000004
37200,2.060300937499999,0.5182000000000002,0.32292812499999984,0.15887187500000002
37300,2.0616917187499997,0.5188046874999999,0.32186406250000005,0.15933124999999995
37400,2.06317796875,0.5191265625,0.3212125000000002,0.15966093750000002
37500,2.06383609375,0.51988125,0.3213093750000002,0.15880937500000003
37600,2.064377499999999,0.51985,0.32121875000000005,0.1589312499999999
37700,2.0644568750000003,0.5199953124999999,0.32172500000000004,0.15827968750000004
37800,2.0641478125,0.5200437499999998,0.321628125,0.158328125
37900,2.0636293749999997,0.5194312499999999,0.3225374999999999,0.15803124999999998
38000,2.0622453125000004,0.51900625,0.3232515624999999,0.15774218750000002
38100,2.060640937499999,0.5185140625000001,0.3245843749999999,0.15690156249999998
38200,2.05914859375,0.517753125,0.32514218749999996,0.1571046875
38300,2.0589521875,0.5179390625000001,0.3250812500000001,0.15697968749999994
38400,2.0582235937499997,0.5173625000000001,0.32558593750000003,0.15705156250000002
38500,2.0573848437500004,0.5167499999999999,0.32609687500000006,0.15715312499999998
38600,2.0569098437500006,0.516275,0.32581718750000005,0.1579078125
38700,2.0573082812499996,0.516440625,0.32561874999999996,0.15794062499999997
38800,2.0578484375,0.5167421875,0.32476250000000007,0.1584953125
38900,2.0583746874999997,0.5174281250000001,0.3244984374999999,0.1580734375
39000,2.0589281249999996,0.517615625,0.3243765625000001,0.1580078125
39100,2.05948671875,0.517921875,0.3242234375,0.1578546875
39200,2.0592306249999996,0.5175234374999996,0.3240734374999999,0.158403125
39300,2.06064671875,0.5188218750000001,0.32370156250000004,0.1574765625
39400,2.0615731250000002,0.519121875,0.32297968750000006,0.1578984375
39500,2.06083984375,0.5189937500000001,0.32372968750000003,0.15727656250000002
39600,2.0615439062499994,0.5198125000000001,0.32355156250000006,0.15663593750000002
39700,2.0621626562499995,0.5202703125000001,0.32338750000000005,0.1563421875
39800,2.0622954687500004,0.5203937500000002,0.32293125000000006,0.15667499999999998
39900,2.0642548437499997,0.521265625,0.32203906250000003,0.15669531249999993
40000,2.06701125,0.5226890625,0.32023906249999995,0.157071875
40100,2.0681096874999993,0.5234953125,0.31920000000000004,0.15730468749999996
40200,2.069307812499999,0.5238359375000002,0.3179499999999999,0.15821406249999995
40300,2.0705820312500003,0.524334375,0.31721562499999995,0.15845
40400,2.0706565625,0.5243859375000001,0.31692343749999996,0.15869062499999995
40500,2.071149218749999,0.5246359375000001,0.3167109375,0.1586531250000001
40600,2.071443125,0.5246968750000002,0.3167093750000001,0.15859374999999995
40700,2.07101234375,0.5243421875,0.3169859375000001,0.158671875
40800,2.0707934375000003,0.5238578125,0.3167859375,0.15935624999999998
40900,2.07082328125,0.5241640624999998,0.31689531250000014,0.158940625
41000,2.0710003125,0.5236437500000001,0.31709999999999994,0.15925625000000002
41100,2.07141453125,0.5243109374999999,0.3169578125,0.15873125000000002
41200,2.07070984375,0.5238328125,0.3178453124999999,0.15832187499999997
41300,2.0701965625,0.5230562499999998,0.31782031250000004,0.1591234375
41400,2.0699892187499995,0.5227578125000001,0.31816406249999996,0.15907812500000001
41500,2.0700098437500007,0.5231500000000001,0.31821562499999995,0.15863437499999997
41600,2.0704201562500004,0.5234437500000002,0.3175203125000001,0.1590359375
41700,2.06990375,0.5225937500000001,0.31761093749999997,0.15979531249999995
41800,2.06977234375,0.5221453125,0.31750156249999995,0.16035312499999999
41900,2.0689299999999995,0.522115625,0.31840468750000006,0.15947968750000005
42000,2.0687620312500004,0.5227718750000002,0.31950000000000006,0.15772812499999997
42100,2.0679176562499997,0.5227406250000001,0.31988125,0.15737812499999998
42200,2.0678201562500003,0.5221906250000001,0.31914375,0.15866562500000012
42300,2.0665396874999997,0.5215546875000002,0.32045625000000005,0.15798906249999997
42400,2.06564921875,0.5214015625,0.32179374999999993,0.15680468749999993
42500,2.06473,0.5214796875,0.322625,0.15589531249999997
42600,2.0641201562499996,0.5211812499999999,0.32292968750000006,0.1558890625
42700,2.0647609375,0.521915625,0.32303750000000003,0.15504687499999992
42800,2.0641917187500005,0.5217984374999999,0.3238328125000001,0.15436875
42900,2.0648325,0.5220859375000001,0.32251874999999997,0.15539531250000002
43000,2.0665273437500002,0.5227140625000001,0.3217046875,0.15558124999999998
43100,2.06736546875,0.5226375,0.32068906249999984,0.15667343749999996
43200,2.0691290625,0.5230906250000001,0.31914843749999994,0.1577609375
43300,2.0707489062499995,0.523609375,0.31774687500000015,0.15864375
43400,2.0724821875000004,0.52428125,0.3163203124999999,0.15939843750000002
43500,2.0726423437499997,0.5240671875,0.31604843749999995,0.15988437499999997
43600,2.0723373437499992,0.5237531249999999,0.31630312499999996,0.15994375
43700,2.071918125,0.5234890625,0.3173031250000001,0.1592078125
43800,2.0699940624999993,0.5230078125,0.3184734375000001,0.15851875
43900,2.0679603125,0.5218453125,0.32054687499999995,0.15760781250000003
44000,2.0660281250000003,0.5212640625,0.32117812500000015,0.15755781249999998
44100,2.0645703124999994,0.5202703124999999,0.32148124999999994,0.1582484375
44200,2.0631903124999997,0.5189671874999999,0.32195,0.1590828125
44300,2.06210625,0.5182125,0.3229953125,0.15879218750000001
44400,2.0614828125,0.5175687499999999,0.3229828125,0.1594484375
44500,2.0608384374999997,0.5170859375000001,0.3238453124999999,0.15906874999999998
44600,2.06039296875,0.51735625,0.3238343749999999,0.158809375
44700,2.06128625,0.5179281250000002,0.3229625,0.159109375
44800,2.062299375,0.5184734374999999,0.3222484375,0.15927812500000008
44900,2.0637246875,0.5188421874999999,0.3216015625000001,0.15955625000000004
45000,2.06339984375,0.5185640624999999,0.321709375,0.15972656249999997
45100,2.0640006250000003,0.5188968750000003,0.3217109374999999,0.15939218749999998
45200,2.0637807812500006,0.5188750000000002,0.3215546874999999,0.15957031249999995
45300,2.06366203125,0.5192515625,0.3221921875,0.15855624999999995
45400,2.0633443750000007,0.5188328125,0.3220328125,0.159134375
45500,2.06294140625,0.5190171875000001,0.32223593750000007,0.158746875
45600,2.0635121874999998,0.5190203124999999,0.322265625,0.15871406250000006
45700,2.062875,0.5192593749999999,0.32252031249999996,0.15822031249999996
45800,2.0624346875000006,0.5187578125000001,0.32331875,0.15792343750000004
45900,2.0608348437500004,0.5177734374999999,0.32461875,0.1576078125
46000,2.0584420312500002,0.5162281249999999,0.32590156249999996,0.1578703125
46100,2.0573209374999992,0.5156124999999999,0.32574375,0.15864375
46200,2.05621375,0.514396875,0.32554218749999997,0.1600609374999999
46300,2.05529546875,0.5140328125000001,0.32607343750000006,0.15989374999999995
46400,2.0543828125000005,0.5138296875000001,0.32658125,0.15958906250000002
46500,2.0549523437499992,0.5138687499999999,0.3263515625000002,0.15977968750000002
46600,2.05619609375,0.5147875,0.32570156249999993,0.15951093749999998
46700,2.057448281250001,0.51509375,0.3244703125,0.1604359375
46800,2.0591659375,0.5159187500000001,0.3233421875,0.1607390625
46900,2.0604228124999997,0.5172140625000001,0.3234656249999999,0.15932031250000003
47000,2.060996875,0.5173421875000002,0.32332656250000014,0.15933125
47100,2.06177953125,0.5179937499999999,0.32291875000000003,0.1590875
47200,2.0634784375,0.518965625,0.32187499999999997,0.15915937499999996
47300,2.063828906249999,0.519328125,0.32215625000000014,0.15851562499999994
47400,2.0638925,0.5195781250000002,0.3215390624999999,0.1588828125
47500,2.06483859375,0.5203718750000002,0.3207328125,0.1588953125
47600,2.0660623437499996,0.520765625,0.31963125000000003,0.15960312500000007
47700,2.0665854687500005,0.5210406249999999,0.3194765625,0.1594828125
47800,2.06628390625,0.5201375,0.3199734375000001,0.15988906249999996
47900,2.06583203125,0.5202765625000001,0.32066718750000023,0.15905625000000004
48000,2.0645398437500004,0.5194453125,0.3219265624999999,0.158628125
48100,2.0643534375000003,0.5193906250000001,0.3213578125,0.15925156250000005
48200,2.0630982812500003,0.5190625,0.32232500000000003,0.15861249999999993
48300,2.0628984375000003,0.5184437499999999,0.32205937499999987,0.15949687499999998
48400,2.06227421875,0.5183078125,0.3218234375,0.15986874999999995
48500,2.0628128125,0.5182562500000001,0.32183124999999996,0.1599125
48600,2.06437203125,0.519021875,0.3209015625,0.16007656250000002
48700,2.0660623437499996,0.5199562500000001,0.3201718750000001,0.15987187499999997
48800,2.0674057812499997,0.5208406249999998,0.31905624999999993,0.1601031250000001
48900,2.066911718750001,0.5202187500000002,0.31876406250000006,0.16101718749999996
49000,2.06736953125,0.520978125,0.31950781250000004,0.15951406249999994
49100,2.0677728125000003,0.5214437499999998,0.31978125,0.15877500000000008
49200,2.0671606249999996,0.5212734374999998,0.32047812499999995,0.1582484375
49300,2.0670185937500003,0.5209187500000001,0.3202109374999999,0.1588703125
49400,2.0669037500000003,0.5209078125,0.3198484374999999,0.15924375
49500,2.0668059375,0.5204796875000001,0.32024375,0.1592765625
49600,2.0661045312499997,0.5197124999999999,0.3204109375,0.15987656249999993
49700,2.0642673437500005,0.5186515625,0.3211406250000001,0.16020781249999996
49800,2.06304453125,0.5177593749999999,0.32180468749999996,0.16043593750000001
49900,2.0609954687499994,0.516909375,0.32295156249999996,0.16013906249999998
50000,2.0587993749999995,0.515371875,0.32407812500000016,0.16054999999999994
50100,2.0572596875,0.5146562499999998,0.3253515624999999,0.15999218749999994
50200,2.05527546875,0.513625,0.32665468750000004,0.15972031250000007
50300,2.0528832812499997,0.5122078124999999,0.3281703125,0.159621875
50400,2.0520243750000002,0.5113687500000001,0.32856093750000015,0.16007031250000003
50500,2.051049375,0.5108109375000001,0.32950624999999995,0.15968281250000005
50600,2.0498328125,0.51049375,0.3304125,0.15909375000000003
50700,2.0484265625000004,0.5101312500000001,0.33139687500000004,0.15847187499999998
50800,2.0483559375000002,0.5098765625,0.33132187499999993,0.15880156250000005
50900,2.046696875,0.5094609374999999,0.33230937499999996,0.15822968750000005
51000,2.0449668750000005,0.5087546875,0.33317500000000017,0.1580703125
51100,2.044166875,0.508584375,0.33345312500000013,0.15796249999999998
51200,2.04400125,0.5082562499999999,0.3330875,0.15865625
51300,2.043502031250001,0.5082421875,0.3337406250000001,0.15801718750000002
51400,2.0440218750000003,0.5084624999999999,0.3338249999999999,0.1577125
51500,2.0441171875,0.50871875,0.3334890625,0.15779218750000001
51600,2.0436198437500006,0.5084921874999999,0.3338625,0.15764531250000002
51700,2.0439765625000006,0.5082984374999999,0.333390625,0.15831093749999997
51800,2.045042187500001,0.5084031250000001,0.33214843750000006,0.15944843750000007
51900,2.0456646874999995,0.5087546875000001,0.33184218749999983,0.159403125
52000,2.046781562499999,0.5090843749999999,0.33116718750000007,0.1597484375
52100,2.0482959374999994,0.5094375,0.3296124999999999,0.16094999999999995
52200,2.049855000000001,0.51005625,0.32834531249999993,0.1615984375
52300,2.05154921875,0.5111265625,0.32727187500000005,0.1616015625
52400,2.05319140625,0.5119671875000001,0.32627968749999997,0.16175312500000003
52500,2.05505671875,0.5130578125,0.3258921875000002,0.16105
52600,2.057046875,0.5142812500000001,0.32420000000000004,0.16151875000000007
52700,2.0588675,0.5147125000000001,0.3217984375,0.16348906249999998
52800,2.061481875,0.515884375,0.32043125,0.16368437500000005
52900,2.0629909375000004,0.5164656249999999,0.3188890624999999,0.16464531249999992
53000,2.0640800000000006,0.5175218749999998,0.3192578125,0.16322031250000002
53100,2.06534703125,0.5182703124999999,0.31889687499999997,0.16283281250000006
53200,2.066803125,0.5197359375,0.318178125,0.16208593749999997
53300,2.0668501562500006,0.519575,0.31811562499999996,0.162309375
53400,2.067500625,0.5196703125000001,0.3181328125,0.16219687500000002
53500,2.0671623437500006,0.5197703124999999,0.3178859375,0.1623437500000001
53600,2.06818453125,0.5202015625,0.3172765624999999,0.16252187500000007
53700,2.0691312500000003,0.5208453125,0.3172562500000002,0.1618984375
53800,2.0687451562500003,0.5210859375,0.31795468749999994,0.16095937500000007
53900,2.0673434375,0.5204265625000001,0.3190171875,0.16055624999999998
54000,2.0658179687500002,0.5196187500000001,0.3201953125,0.1601859375
54100,2.06401921875,0.5182296875000001,0.32144062499999987,0.16032968749999998
