step,mean_aspect_ratio,fraction_elongated,fraction_round,fraction_binary
100,1.0,0.0,1.0,0.0
200,2.4691585937499996,0.6743328125000001,0.018985937500000005,0.3066812499999999
300,2.5647073437499994,0.8291093750000001,0.028509374999999993,0.14238125000000007
400,2.566643125,0.8495874999999999,0.035671875000000006,0.11474062499999998
500,2.5597773437499995,0.8499453125,0.0410640625,0.10899062500000002
600,2.55415171875,0.8480046875,0.04535156250000001,0.10664375000000001
700,2.5494823437500003,0.8466000000000001,0.04867656250000002,0.10472343750000002
800,2.5436803125000003,0.8427625000000001,0.05245781250000002,0.10477968749999998
900,2.5378278125000007,0.8384250000000001,0.05567968749999999,0.10589531250000003
1000,2.53557078125,0.8378000000000001,0.057593750000000006,0.10460625000000001
1100,2.5332128125,0.836390625,0.059250000000000004,0.104359375
1200,2.5311321875000004,0.8357109374999998,0.06075625,0.10353281249999997
1300,2.5300060937500004,0.8349468750000002,0.061812500000000006,0.10324062500000002
1400,2.5296267187500003,0.8347390625000002,0.06260625,0.10265468750000002
1500,2.527867968749999,0.8339421874999998,0.06429062500000002,0.1017671875
1600,2.5251787499999994,0.8323156250000001,0.06639375000000002,0.101290625
1700,2.5221149999999994,0.8307203125000001,0.06816718750000002,0.10111250000000001
1800,2.5207126562499997,0.8294484374999997,0.06920781250000001,0.10134374999999998
1900,2.5192542187500004,0.82845625,0.07024218749999997,0.10130156249999998
2000,2.51800046875,0.8281625000000001,0.07112031249999998,0.10071718750000001
2100,2.5165431249999988,0.8274796875000003,0.07235937499999999,0.1001609375
2200,2.51527109375,0.8264468749999998,0.07292031249999999,0.10063281250000002
2300,2.5154509375000007,0.8264421875000003,0.0733203125,0.1002375
2400,2.515335,0.8265875000000001,0.07394218750000002,0.09947031249999999
2500,2.5146793749999996,0.8258374999999998,0.07446250000000001,0.09970000000000002
2600,2.5125064062499995,0.8244937500000002,0.07587343749999999,0.0996328125
2700,2.5100725,0.82300625,0.07733749999999999,0.09965625000000003
2800,2.5088123437500003,0.8222250000000002,0.07802499999999998,0.09974999999999998
2900,2.5086406249999995,0.8217343750000003,0.07846406250000001,0.09980156250000001
3000,2.5086443749999994,0.8220687500000002,0.07862812500000001,0.09930312500000003
3100,2.5087467187500003,0.8226562499999998,0.07894999999999999,0.09839374999999999
3200,2.5087468750000004,0.8227546874999999,0.07931718750000002,0.09792812499999996
3300,2.508141875,0.8222843749999998,0.07989999999999998,0.09781562499999999
3400,2.5072635937499994,0.8214546874999997,0.08075781249999997,0.0977875
3500,2.50530046875,0.8202203124999997,0.08160156250000002,0.09817812499999999
3600,2.504669375,0.8194156250000002,0.08192031249999998,0.09866406249999998
3700,2.5047434375,0.8195359375000002,0.08199062499999998,0.0984734375
3800,2.5055365625,0.8196734374999999,0.08171093749999998,0.098615625
3900,2.504952968749999,0.8194875,0.08256875,0.09794374999999998
4000,2.5033235937500002,0.8191859374999999,0.08382031250000002,0.09699374999999999
4100,2.502077656250001,0.8181906250000002,0.08443281250000001,0.09737656250000001
4200,2.5014331249999993,0.817634375,0.08482343749999999,0.09754218749999999
4300,2.5021276562499994,0.8181453125,0.084575,0.09727968750000002
4400,2.5019048437499993,0.8182109375,0.08506406250000004,0.09672499999999999
4500,2.50244125,0.818715625,0.08483281250000001,0.0964515625
4600,2.5023693750000002,0.8182828125,0.0849515625,0.09676562500000004
4700,2.5021303124999994,0.8178921875000001,0.084909375,0.0971984375
4800,2.502713750000001,0.8180421875000002,0.0842828125,0.09767500000000001
4900,2.50321734375,0.8181703124999999,0.08399374999999999,0.09783593750000003
5000,2.50456109375,0.8190671875,0.0833203125,0.09761249999999998
5100,2.5059117187499993,0.8196203124999998,0.0829703125,0.09740937499999999
5200,2.506395156250001,0.8198124999999998,0.08285625,0.09733124999999998
5300,2.5065684375000004,0.8198578124999999,0.08290937499999998,0.0972328125
5400,2.50623546875,0.8195031250000001,0.08330468750000004,0.09719218750000001
5500,2.5060014062500007,0.8192343750000001,0.08358437499999999,0.09718125
5600,2.50411234375,0.8177453124999999,0.08462656249999999,0.09762812500000001
5700,2.50345828125,0.8169531250000001,0.08492499999999999,0.09812187500000001
5800,2.502280781249999,0.8164859375000001,0.085875,0.09763906250000001
5900,2.500959218749999,0.815759375,0.08683593749999997,0.09740468749999998
6000,2.50117,0.8161328124999997,0.08681874999999999,0.09704843750000001
6100,2.5005682812499996,0.8153515625000001,0.0870984375,0.09755000000000003
6200,2.499541406250001,0.8146609374999998,0.08737343749999998,0.09796562499999999
6300,2.49977890625,0.8146171875,0.08743281250000003,0.09795000000000001
6400,2.4994137500000004,0.8147843749999999,0.08805156250000001,0.09716406250000004
6500,2.4994300000000007,0.8144875000000003,0.08818281249999999,0.09732968749999998
6600,2.4999481250000004,0.8146562500000002,0.08771562500000003,0.09762812500000002
6700,2.5000025,0.8144781249999999,0.08799531250000002,0.09752656250000001
6800,2.4983735937500002,0.8135421874999998,0.08883593749999999,0.09762187499999996
6900,2.4970767187500003,0.8125062499999997,0.08936093749999996,0.09813281250000001
7000,2.4954256250000006,0.8113578125000003,0.09026093749999999,0.09838125000000002
7100,2.4952645312499993,0.8108375000000001,0.08975937499999997,0.099403125
7200,2.4966471875000003,0.8117515625000001,0.08905468750000002,0.09919374999999998
7300,2.4972220312499998,0.8117000000000001,0.08852656249999996,0.0997734375
7400,2.4994684374999996,0.8127593749999996,0.08754687500000002,0.09969375000000001
7500,2.5003643750000006,0.8134234375,0.08702187500000001,0.09955468750000003
7600,2.5015937499999987,0.8143484375,0.08666875,0.09898281249999999
7700,2.5029223437500003,0.8152687500000001,0.0860484375,0.09868281250000005
7800,2.50377171875,0.8152906249999999,0.085590625,0.09911875000000002
7900,2.5043496875000004,0.8157750000000002,0.08572343749999997,0.09850156250000001
8000,2.5050924999999995,0.816625,0.08537968749999998,0.09799531250000003
8100,2.505032343749999,0.8160734374999998,0.08536718750000002,0.09855937500000002
8200,2.5041804687499996,0.8154421874999997,0.08602968750000005,0.09852812499999995
8300,2.5040031249999997,0.8152765625000001,0.08630468750000003,0.09841875000000001
8400,2.5033178124999993,0.8146640624999999,0.086275,0.09906093749999999
8500,2.5022267187500002,0.8136937500000001,0.08685156250000002,0.09945468749999999
8600,2.5019453124999997,0.8133453125000003,0.08734843749999999,0.09930625000000001
8700,2.5024004687499994,0.8136265624999999,0.08692656249999997,0.099446875
8800,2.50119859375,0.8126921874999999,0.08751874999999999,0.09978906250000004
8900,2.5005364062500006,0.8122390624999999,0.08792500000000002,0.0998359375
9000,2.4995426562499987,0.81203125,0.08904999999999999,0.09891874999999999
9100,2.4988678125,0.8109437499999996,0.08928124999999999,0.09977500000000004
9200,2.4979745312499992,0.8103562499999994,0.08985625000000003,0.0997875
9300,2.4972799999999995,0.8102437499999996,0.09008593749999999,0.09967031250000004
9400,2.4971912499999998,0.8104281249999998,0.09067656249999999,0.09889531250000004
9500,2.4967392187500006,0.8100015625,0.09118593750000001,0.0988125
9600,2.4957426562500005,0.809515625,0.09137343750000002,0.0991109375
9700,2.4961378124999998,0.809540625,0.09121093749999998,0.0992484375
9800,2.4964700000000004,0.8091421875000001,0.09054218750000002,0.10031562500000002
9900,2.4967071874999993,0.8093515625000002,0.09054843750000001,0.10010000000000002
10000,2.496881250000001,0.8094843749999997,0.09050156250000002,0.1000140625
10100,2.4975125000000005,0.8096109375,0.09004999999999998,0.10033906250000002
10200,2.49717953125,0.8092203124999997,0.09065625000000004,0.10012343749999998
10300,2.4968065625000007,0.8090265625000002,0.09095156250000001,0.10002187499999995
10400,2.49540546875,0.8082218749999996,0.09187343750000002,0.09990468750000002
10500,2.494450468749999,0.8074062500000001,0.09216093750000003,0.1004328125
10600,2.49450953125,0.8071625000000002,0.092359375,0.100478125
10700,2.4944898437500007,0.8073000000000002,0.09222656250000001,0.10047343750000003
10800,2.495898750000002,0.8081046875000002,0.09137968749999996,0.10051562500000001
10900,2.49572203125,0.8080062499999998,0.09119218749999998,0.10080156249999997
11000,2.4958203125000007,0.8078375000000002,0.09087968749999999,0.10128281249999997
11100,2.4964475000000004,0.8080234375000004,0.09055156250000002,0.101425
11200,2.4965634375000008,0.8078906250000001,0.09086093749999999,0.10124843749999998
11300,2.49681828125,0.8077437500000001,0.09067343749999997,0.10158281249999997
11400,2.4975571875,0.80835625,0.09035,0.10129374999999999
11500,2.4986460937499992,0.8086140625000002,0.08956093749999999,0.10182499999999998
11600,2.5001603125000003,0.8097734375,0.08899218750000003,0.10123437499999997
11700,2.5022315624999996,0.8110328125000001,0.08776093750000001,0.10120624999999997
11800,2.50394140625,0.8125515624999997,0.08732499999999999,0.10012343749999997
11900,2.5044753125000003,0.812875,0.08724687500000002,0.09987812500000001
12000,2.5049457812500004,0.8129687500000001,0.08654062500000004,0.10049062499999999
12100,2.5049339062499993,0.8132187500000001,0.08663906249999999,0.10014218749999998
12200,2.505487187499999,0.8134187500000001,0.08618125000000001,0.1004
12300,2.5059268749999997,0.8135484375,0.08600156249999999,0.10044999999999998
12400,2.5064014062499997,0.8137874999999999,0.08569374999999999,0.10051875000000002
12500,2.5067714062499986,0.8139890624999998,0.08580781250000002,0.10020312499999996
12600,2.5062942187499995,0.8137906250000001,0.08604375000000003,0.10016562499999995
12700,2.5066162500000004,0.8141812499999999,0.08596093750000001,0.09985781250000003
12800,2.5057565624999993,0.8134859375000002,0.08656250000000003,0.09995156250000001
12900,2.50639859375,0.8134843749999999,0.08589999999999999,0.100615625
13000,2.5062403125,0.8132984375000001,0.08613124999999999,0.10057031250000001
13100,2.506686406249999,0.8137296875,0.0860984375,0.10017187500000004
13200,2.506483593749999,0.8131859374999998,0.08585312499999999,0.1009609375
13300,2.5066693750000013,0.8132765625000001,0.08602343750000002,0.1007
13400,2.50655109375,0.8137234375000001,0.0862578125,0.10001875
13500,2.5064821875,0.8135718750000002,0.08645000000000001,0.09997812499999999
13600,2.5073696874999998,0.8140656250000003,0.08608281249999998,0.09985156249999998
13700,2.5083009375,0.8143437500000004,0.08518281250000002,0.10047343750000003
13800,2.5092201562500005,0.8151109375000001,0.08483125,0.10005781250000001
13900,2.509406406250001,0.8151093750000001,0.08445156250000001,0.10043906249999997
14000,2.5083448437499998,0.8145218750000001,0.0855,0.09997812500000001
14100,2.5078368750000006,0.8141171875000002,0.08578281249999999,0.10010000000000004
14200,2.5067621874999997,0.813675,0.086565625,0.09975937499999998
14300,2.5053931250000003,0.8127640625000004,0.08730312500000001,0.09993281249999995
14400,2.5038079687499994,0.8117390625,0.08767343749999999,0.1005875
14500,2.5026681250000005,0.810775,0.08846250000000005,0.10076250000000002
14600,2.502004218750001,0.8103421875000002,0.08886875000000001,0.10078906250000001
14700,2.5016695312499992,0.80986875,0.0891234375,0.10100781250000004
14800,2.501281875,0.8095718750000002,0.0891765625,0.10125156250000002
14900,2.5013292187500005,0.8096187499999998,0.0893921875,0.1009890625
15000,2.5014307812500007,0.8098953125000001,0.08926562499999997,0.1008390625
15100,2.5023917187499998,0.8099921875000001,0.08856718749999999,0.10144062499999999
15200,2.5023115624999996,0.8098796875,0.08894999999999999,0.10117031250000003
15300,2.5019098437500005,0.8097890624999999,0.08918281249999999,0.10102812499999998
15400,2.5023121875000003,0.80984375,0.08870468749999999,0.10145156249999998
15500,2.5021346875000003,0.8098265624999998,0.08913437500000004,0.10103906249999998
15600,2.5017931249999994,0.8093890624999998,0.08915937500000001,0.10145156249999998
15700,2.5022329687499996,0.8100328124999998,0.0888375,0.10112968750000004
15800,2.5032415625,0.8107921875000004,0.08846875,0.10073906249999998
15900,2.5026003125,0.8104390625000004,0.08910625000000001,0.10045468749999999
16000,2.502479062499999,0.8104531250000002,0.08903437500000003,0.10051249999999998
16100,2.5024953124999993,0.8103625,0.08897499999999998,0.1006625
16200,2.50259875,0.8097734375,0.08847499999999997,0.10175156250000002
16300,2.50261484375,0.8094562500000003,0.08816406249999999,0.10237968750000001
16400,2.5028660937500007,0.8096296875000001,0.08827812499999997,0.10209218749999999
16500,2.5025884374999987,0.80920625,0.08827812499999999,0.10251562500000001
16600,2.5027012500000003,0.8091515625,0.08833437500000002,0.10251406250000002
16700,2.5023598437500003,0.8086906250000003,0.08823124999999998,0.10307812499999996
16800,2.502750781249999,0.8088828124999999,0.08831093750000002,0.10280625
16900,2.502808125,0.8090218750000002,0.08825781249999999,0.10272031250000001
17000,2.50361203125,0.8092296875000002,0.08776406250000002,0.10300624999999997
17100,2.5040415624999994,0.80969375,0.08757812499999998,0.10272812499999999
17200,2.50499265625,0.8099593749999999,0.08691718749999996,0.10312343750000003
17300,2.506914375,0.8111296875000003,0.085925,0.10294531249999997
17400,2.508367968750001,0.8122703124999997,0.0849171875,0.10281250000000003
17500,2.50968828125,0.8132843750000001,0.0845828125,0.1021328125
17600,2.5104420312499998,0.8138656249999997,0.08439374999999996,0.10174062499999999
17700,2.5104462500000007,0.8142046875,0.08448281249999998,0.1013125
17800,2.5106656249999997,0.8143828125,0.08449062500000006,0.1011265625
17900,2.5109609374999997,0.8146765625000001,0.08434062499999997,0.10098281250000006
18000,2.5102635937500004,0.8145640624999999,0.0847546875,0.10068124999999997
18100,2.50865265625,0.813728125,0.08576875000000002,0.10050312500000001
18200,2.507891093750001,0.8131609374999998,0.0860375,0.1008015625
18300,2.507090781249999,0.8129312499999999,0.08661875000000002,0.10045000000000003
18400,2.5068381249999994,0.812834375,0.0866453125,0.10052031249999997
18500,2.505630937500001,0.8118296875,0.08684687499999999,0.10132343749999999
18600,2.50457875,0.8110750000000002,0.08747187499999999,0.10145312499999999
18700,2.50488953125,0.8113515625000001,0.0875359375,0.10111250000000002
18800,2.5045037499999996,0.8109656250000002,0.08821406250000001,0.10082031250000002
18900,2.504223125,0.8106921875000003,0.08826250000000005,0.10104531250000001
19000,2.5040606249999997,0.8106546875,0.08849062500000002,0.1008546875
19100,2.503145468749999,0.8100015624999998,0.08905468750000001,0.10094375000000001
19200,2.5015325000000006,0.8087265624999999,0.08969062500000002,0.10158281250000002
19300,2.50088890625,0.8079359375000001,0.0895140625,0.10254999999999999
19400,2.50023140625,0.8074234375,0.08995937500000001,0.10261718749999998
19500,2.5012757812500004,0.8081359375000001,0.08958437499999998,0.1022796875
19600,2.5010984375000014,0.8083109374999998,0.0897734375,0.101915625
19700,2.5017825000000005,0.8081281249999998,0.089109375,0.1027625
19800,2.5016703124999995,0.8080484375,0.08911718750000001,0.102834375
19900,2.50201421875,0.8081046875000002,0.08892968749999998,0.10296562500000003
20000,2.50191625,0.8080734375000003,0.0887546875,0.10317187499999995
20100,2.502113125,0.8085312500000004,0.08885312500000002,0.102615625
20200,2.50219015625,0.8083859374999999,0.0887015625,0.1029125
20300,2.501604531249999,0.807821875,0.08885468750000002,0.10332343749999998
20400,2.5024887500000004,0.8081515625000002,0.08819531250000001,0.10365312499999998
20500,2.5028603125000006,0.8083453124999999,0.08769843749999999,0.10395625000000001
20600,2.504029375,0.8091203124999998,0.08724687500000003,0.1036328125
20700,2.50559234375,0.8104484375,0.08627656250000001,0.10327500000000003
20800,2.5076728124999996,0.8116093749999997,0.08520781250000001,0.10318281250000004
20900,2.508945624999999,0.8125921875,0.08468906250000001,0.10271874999999997
21000,2.5102032812500004,0.8134484375000001,0.084265625,0.10228593749999997
21100,2.5109590624999996,0.814159375,0.08369374999999998,0.10214687500000001
21200,2.51261046875,0.8153796874999999,0.083021875,0.10159843750000004
21300,2.513369531250001,0.8161812500000004,0.08268906249999998,0.10112968750000001
21400,2.5140071874999994,0.8164359374999998,0.08244531249999998,0.10111875
21500,2.5142540625,0.816775,0.08235937500000001,0.10086562499999999
21600,2.5133978125000005,0.8162124999999998,0.08284375,0.10094374999999997
21700,2.5128014062499995,0.8158718750000002,0.08317968749999995,0.10094843750000002
21800,2.512263125,0.8153593749999999,0.08359531249999998,0.10104531250000005
21900,2.5115939062500003,0.8150703125000002,0.08373281249999999,0.10119687500000002
22000,2.51216421875,0.8155500000000004,0.08370000000000002,0.10074999999999998
22100,2.51254171875,0.8153125000000002,0.08329374999999994,0.10139375000000002
22200,2.512907187499999,0.8154,0.0829296875,0.10167031249999997
22300,2.51432890625,0.8165093750000001,0.08226562500000001,0.10122500000000002
22400,2.5144026562499993,0.8165921875000003,0.08244999999999998,0.10095781250000001
22500,2.5137585937499995,0.816396875,0.08285468750000002,0.10074843750000001
22600,2.5128214062500014,0.8159874999999999,0.0834875,0.100525
22700,2.5120703124999997,0.8154171874999998,0.083928125,0.10065468750000006
22800,2.51192328125,0.8149390625000001,0.08357031250000001,0.10149062499999999
22900,2.51146265625,0.8148718750000002,0.08416406249999998,0.10096406249999999
23000,2.51148953125,0.8149375,0.0839359375,0.10112656250000004
23100,2.51075171875,0.8142406250000003,0.0842328125,0.10152656250000004
23200,2.5113285937499996,0.8146890625000003,0.08380781250000001,0.101503125
23300,2.5106690625,0.8138765624999998,0.08430468749999999,0.10181875
23400,2.5102865624999993,0.81419375,0.0845515625,0.10125468749999998
23500,2.5099828125000005,0.8143437499999998,0.08504687500000001,0.10060937500000003
23600,2.509650937500001,0.8141640625000001,0.08502656250000001,0.10080937499999999
23700,2.5098024999999993,0.8138171875000001,0.08468437499999999,0.10149843750000001
23800,2.5098,0.8140546875,0.08535156250000002,0.10059375000000001
23900,2.5101217187500007,0.8143406249999999,0.08514687500000001,0.10051250000000002
24000,2.51073546875,0.8144968749999998,0.08480937499999996,0.10069374999999998
24100,2.5108134375,0.8145968750000001,0.0845796875,0.10082343749999999
24200,2.50945859375,0.813353125,0.08541718749999999,0.1012296875
24300,2.5088931249999997,0.8129812500000003,0.08570156249999995,0.1013171875
24400,2.5083948437500005,0.812634375,0.08630000000000002,0.101065625
24500,2.5077246875,0.8124187500000002,0.086740625,0.10084062500000002
24600,2.5070279687499997,0.8121187500000001,0.087071875,0.10080937499999999
24700,2.5062759375000003,0.8115234374999998,0.08729531249999997,0.10118124999999999
24800,2.5065470312500002,0.81125625,0.08687968750000001,0.10186406249999999
24900,2.506839218750001,0.8112937499999996,0.08688749999999998,0.10181875
25000,2.5070528125,0.8116,0.08687031249999995,0.1015296875
25100,2.5072085937499997,0.8115171874999999,0.08677187499999998,0.10171093750000001
25200,2.50733734375,0.8113234374999999,0.08655312500000002,0.10212343750000002
25300,2.5077681250000006,0.8118031249999997,0.086409375,0.10178749999999999
25400,2.508818437499999,0.8127828125,0.08618437500000002,0.10103281250000001
25500,2.5086489062500004,0.8129624999999999,0.086484375,0.10055312500000001
25600,2.5088437499999996,0.8128640624999999,0.08621718750000001,0.10091875000000003
25700,2.5087737499999996,0.8126765625,0.08592968749999999,0.10139374999999996
25800,2.5087767187499996,0.8123546875000001,0.08559375,0.10205156250000004
25900,2.5090271874999996,0.812475,0.08540625000000002,0.10211875000000001
26000,2.50974078125,0.8127890624999999,0.085178125,0.10203281250000001
26100,2.5103410937500006,0.8132734375000001,0.08494999999999998,0.1017765625
26200,2.5111203125,0.813446875,0.08458593750000001,0.10196718750000001
26300,2.5113310937499995,0.8138203124999996,0.08427187500000002,0.1019078125
26400,2.51157890625,0.8140953125000002,0.08436406250000002,0.10154062500000001
26500,2.5106829687499994,0.81386875,0.08514999999999999,0.10098125000000002
26600,2.509912656250001,0.8128609375000002,0.0856875,0.10145156249999998
26700,2.5094398437500014,0.8126828125000002,0.08606874999999999,0.10124843749999997
26800,2.50840359375,0.8120531249999999,0.08670000000000001,0.101246875
26900,2.5074395312499993,0.8114421875,0.08709375,0.10146406249999998
27000,2.5079375000000006,0.8117109374999997,0.08660312500000002,0.10168593749999996
27100,2.508217968749999,0.8115921875,0.08668593749999999,0.10172187500000004
27200,2.5079423437500012,0.8114875000000001,0.08669218749999998,0.1018203125
27300,2.507054531250001,0.8104734375000001,0.08695468749999999,0.10257187499999998
27400,2.505734375,0.8094984375000001,0.08727343749999998,0.10322812500000002
27500,2.5053449999999993,0.8093343750000002,0.08740624999999999,0.10325937499999999
27600,2.5051278125,0.8083046874999998,0.08735156250000001,0.10434374999999996
27700,2.5053864062499995,0.808825,0.08712031249999999,0.10405468749999996
27800,2.5061974999999994,0.8094703124999998,0.08658437500000003,0.10394531249999998
27900,2.50660953125,0.8098593749999999,0.0865921875,0.10354843749999998
28000,2.507261562499999,0.8104296875000002,0.08619531249999998,0.10337499999999997
28100,2.5080987500000007,0.810709375,0.08627500000000003,0.10301562499999999
28200,2.50774046875,0.8100468749999996,0.08593593750000002,0.10401718750000001
28300,2.5082007812500002,0.8103765624999997,0.08552187500000004,0.10410156250000005
28400,2.5089493750000007,0.810709375,0.08556718749999997,0.10372343749999997
28500,2.5086190624999998,0.8107093750000003,0.08565468749999998,0.10363593750000001
28600,2.508624687499999,0.8109468750000003,0.08575781249999996,0.1032953125
28700,2.5079825000000002,0.8111328125,0.08629218749999999,0.10257499999999999
28800,2.50828109375,0.8111640624999997,0.086209375,0.1026265625
28900,2.508533281249999,0.81135,0.08633281249999998,0.10231718750000002
29000,2.50845828125,0.8113906249999998,0.0858578125,0.10275156250000002
29100,2.5091762500000003,0.8120796875000003,0.08582343749999999,0.10209687500000005
29200,2.5098087499999995,0.8126546874999997,0.08562656250000002,0.10171875
29300,2.5094693749999992,0.8124156250000001,0.0858234375,0.10176093750000001
29400,2.5092745312500013,0.8120312499999996,0.08589531249999999,0.10207343750000002
29500,2.5080615624999996,0.8115437499999998,0.0866953125,0.10176093749999998
29600,2.5074796874999996,0.8109375000000002,0.08651874999999998,0.10254374999999996
29700,2.5078128125,0.8110703125000003,0.086403125,0.1025265625
29800,2.5080217187499994,0.8110671875,0.0857609375,0.10317187499999995
29900,2.5079448437500007,0.811071875,0.08568437499999995,0.10324374999999995
30000,2.508764062499999,0.8114515625000004,0.08533906249999999,0.10320937500000003
30100,2.509173437500001,0.811878125,0.08538593750000002,0.10273593750000003
30200,2.5103451562499997,0.8125078124999998,0.0850296875,0.10246250000000001
30300,2.5109859374999997,0.813065625,0.08448593750000002,0.10244843749999996
30400,2.5120626562500004,0.8136765625000001,0.08379218749999999,0.10253125
30500,2.513323125,0.8141734375000002,0.08272187500000001,0.10310468749999999
30600,2.513974999999999,0.8148031249999999,0.08232968750000003,0.1028671875
30700,2.51391921875,0.8149453125000002,0.0826859375,0.10236875000000001
30800,2.51566140625,0.81581875,0.08181406249999999,0.1023671875
30900,2.5161890625000005,0.8164328124999999,0.0814984375,0.10206875000000001
31000,2.5166846874999997,0.8163750000000004,0.0811890625,0.10243593749999998
31100,2.5166584375,0.8166499999999998,0.081825,0.10152499999999999
31200,2.5161346875,0.8166625000000003,0.0819140625,0.10142343750000002
31300,2.5152670312500005,0.8160859374999999,0.0823,0.10161406249999998
31400,2.515000625,0.815565625,0.08211250000000002,0.10232187499999995
31500,2.5148871875000003,0.8156046874999998,0.08245937500000002,0.10193593750000003
31600,2.513637812499999,0.8148703125000002,0.08295937500000002,0.10217031250000001
31700,2.51292140625,0.814378125,0.08371562499999999,0.10190625
31800,2.5123354687500004,0.8140843750000002,0.0838484375,0.10206718750000003
31900,2.51156984375,0.8133531250000002,0.08425624999999999,0.102390625
32000,2.5111395312499987,0.8132390625000001,0.08473750000000004,0.10202343749999995
32100,2.5095459374999995,0.8124156250000004,0.08559218749999999,0.1019921875
32200,2.5080793750000003,0.8115687500000004,0.0864796875,0.1019515625
32300,2.50768453125,0.8114750000000002,0.0866171875,0.10190781250000001
32400,2.5083171875000003,0.8117343750000001,0.08594062500000003,0.10232499999999997
32500,2.5090123437500003,0.81229375,0.08567500000000002,0.10203125000000002
32600,2.509699687500001,0.8128390625,0.0850859375,0.10207500000000001
32700,2.510984843750001,0.8134968749999999,0.0842671875,0.1022359375
32800,2.5117385937499996,0.8137312500000005,0.08388437499999998,0.102384375
32900,2.513001875,0.8145156250000002,0.0831265625,0.10235781249999996
33000,2.5134731250000004,0.8150734374999998,0.083225,0.10170156250000001
33100,2.51304,0.8150625,0.08368437499999999,0.10125312500000003
33200,2.5127607812499995,0.8148968749999999,0.08401718749999999,0.10108593750000003
33300,2.512448125,0.8150359374999998,0.08399531250000006,0.10096875000000001
33400,2.51290875,0.8154031249999998,0.08361249999999998,0.10098437500000002
33500,2.5127254687500007,0.815715625,0.084153125,0.10013125
33600,2.512265781250001,0.81526875,0.08428125,0.10045
33700,2.5119979687500003,0.8150453124999998,0.08432031250000001,0.100634375
33800,2.5117998437499995,0.814953125,0.08433750000000001,0.10070937499999998
33900,2.511880937499999,0.8153140625000002,0.08417656250000002,0.100509375
34000,2.512794375,0.81578125,0.08376093750000002,0.10045781250000001
34100,2.513698437500001,0.816471875,0.08342031250000001,0.10010781250000002
34200,2.5145139062500013,0.8172671875000002,0.08337343749999998,0.099359375
34300,2.51417765625,0.8167812500000001,0.08311718750000001,0.1001015625
34400,2.5140254687500003,0.8166500000000001,0.08315937500000001,0.10019062500000003
34500,2.5142656249999997,0.8168124999999998,0.0831453125,0.10004218750000003
34600,2.5144295312500007,0.8171749999999999,0.083078125,0.09974687500000001
34700,2.5156615624999996,0.8182015625000001,0.08288281250000001,0.09891562500000003
34800,2.5160750000000003,0.8182312499999997,0.08224999999999998,0.09951875000000002
34900,2.5164414062499985,0.8185515625000004,0.081909375,0.09953906249999997
35000,2.51670515625,0.8187515624999999,0.0815953125,0.099653125
35100,2.5165365625000002,0.8183953124999997,0.0814171875,0.1001875
35200,2.5162481249999997,0.8182421875,0.08212343750000001,0.099634375
35300,2.51538390625,0.8174281250000001,0.0826203125,0.09995156250000004
35400,2.514833437500001,0.8170031249999997,0.0828859375,0.10011093750000001
35500,2.5138309375000008,0.8162625000000002,0.08352500000000003,0.10021250000000001
35600,2.51297515625,0.8160093749999999,0.084215625,0.09977499999999999
35700,2.511846250000001,0.8156234375000003,0.085046875,0.09932968750000003
35800,2.5098510937499996,0.814340625,0.08597968750000003,0.09967968749999996
35900,2.50769984375,0.8126109374999999,0.0871390625,0.10025
36000,2.5067723437500002,0.8121296874999999,0.0875390625,0.10033125000000004
36100,2.50610203125,0.8116609375000002,0.08797343750000003,0.10036562500000001
36200,2.5058962499999997,0.8113390624999999,0.087678125,0.10098281250000003
36300,2.5064928125000008,0.8115796875000001,0.08750468750000005,0.10091562500000001
36400,2.5065571875,0.8114828124999998,0.08761562500000002,0.1009015625
36500,2.5058889062499996,0.8109515625000003,0.08794374999999999,0.10110468749999998
36600,2.5056484375000014,0.8109140625000001,0.08807343749999999,0.1010125
36700,2.5053579687500003,0.81083125,0.088253125,0.10091562500000001
36800,2.504749375,0.8101828125000002,0.08860625000000001,0.10121093749999999
36900,2.5045467187499995,0.8097875,0.08863750000000002,0.10157499999999998
37000,2.50442265625,0.8096296874999998,0.08875937499999997,0.10161093750000005
37100,2.5049903125000004,0.8097718749999999,0.08810937500000003,0.10211875000000001
37200,2.50552546875,0.8099093750000003,0.08757499999999999,0.10251562500000001
37300,2.5066178124999996,0.8106859375,0.08722656250000001,0.10208749999999996
37400,2.5073895312500003,0.8107140625000002,0.08670624999999998,0.10257968749999997
37500,2.50782515625,0.8108265624999997,0.0863671875,0.10280625000000004
37600,2.507889375,0.8109312500000003,0.0862,0.10286875000000002
37700,2.508541250000001,0.8112562500000003,0.08559218750000003,0.1031515625
37800,2.5088045312499996,0.8112453124999996,0.0855921875,0.10316250000000002
37900,2.5102100000000007,0.8120234375000001,0.08454687500000004,0.10342968750000002
38000,2.511294375,0.8128046874999999,0.083953125,0.10324218750000001
38100,2.5127093749999996,0.8133203125000001,0.08288906249999997,0.10379062500000003
38200,2.5143320312500013,0.8140078124999998,0.08214999999999999,0.10384218750000003
38300,2.51500578125,0.814821875,0.08198906249999999,0.10318906250000001
38400,2.514610625000001,0.8147046874999999,0.08260624999999998,0.10268906249999998
38500,2.5128323437499995,0.81361875,0.0837578125,0.10262343749999996
38600,2.5116476562499988,0.8131406250000002,0.08492500000000001,0.10193437500000005
38700,2.5101959375000003,0.8123031250000003,0.08550468750000004,0.10219218750000002
38800,2.50825890625,0.8111046875,0.08650468750000001,0.10239062499999996
38900,2.507077968750001,0.8104984375000002,0.08725000000000001,0.1022515625
39000,2.5060640625,0.8100515624999999,0.08784062499999998,0.10210781249999998
39100,2.5065050000000006,0.8099281249999999,0.08745156250000001,0.1026203125
39200,2.507465000000001,0.8104140624999996,0.08707812500000003,0.10250781249999999
39300,2.5075756249999994,0.8106140624999998,0.08691406249999996,0.10247187499999999
39400,2.5074112500000005,0.8106140624999999,0.08678437499999997,0.10260156249999998
39500,2.5079784375000007,0.8108640625,0.08637500000000004,0.10276093750000001
39600,2.50834703125,0.8110140625,0.08636406250000003,0.10262187499999999
39700,2.5081607812499995,0.8108203125000001,0.08624218750000003,0.10293750000000002
39800,2.5070821874999996,0.8102593749999999,0.08703749999999999,0.10270312499999996
39900,2.5052164062500006,0.8092109375000004,0.08830468749999999,0.10248437500000004
40000,2.5028551562500003,0.8079437500000002,0.08991875000000003,0.1021375
40100,2.5001812500000007,0.8056187499999999,0.09100312500000002,0.10337812500000002
40200,2.498582343750001,0.804378125,0.09178124999999998,0.10384062499999998
40300,2.49725765625,0.8039078124999999,0.09244062499999996,0.10365156249999999
40400,2.4969160937500012,0.8037625000000002,0.09258906250000001,0.10364843750000001
40500,2.497000937500001,0.8039671875,0.09253593750000001,0.10349687499999999
40600,2.49697890625,0.8036265625,0.09275781250000002,0.10361562499999998
40700,2.496885468749999,0.8036578124999999,0.09239374999999997,0.1039484375
40800,2.4971132812500003,0.8037468750000002,0.0924546875,0.10379843750000001
40900,2.4971959375000004,0.8039187500000003,0.0920859375,0.1039953125
41000,2.4977506249999997,0.80451875,0.09215937500000003,0.103321875
41100,2.4985803125,0.8048515624999999,0.0915890625,0.10355937500000005
41200,2.4992546875,0.80575,0.09132187499999997,0.10292812499999997
41300,2.4989109375,0.8050937499999998,0.09136093750000003,0.10354531249999996
41400,2.49942078125,0.8057125000000002,0.0910453125,0.1032421875
41500,2.49917171875,0.8054187499999999,0.09124374999999998,0.10333750000000001
41600,2.4999873437500004,0.8061749999999996,0.09115,0.10267499999999996
41700,2.5000992187500004,0.8061859375,0.0910765625,0.10273750000000001
41800,2.5007235937499996,0.8064734375,0.090378125,0.10314843749999997
41900,2.50076734375,0.8064093749999999,0.0901984375,0.10339218750000001
42000,2.5014848437499997,0.8071296875000001,0.0899453125,0.10292500000000004
42100,2.5012839062500003,0.8066390625,0.08964062500000003,0.10372031249999998
42200,2.500747343749999,0.8059343750000001,0.08976250000000002,0.104303125
42300,2.5007170312499993,0.8062312500000002,0.08995937500000001,0.10380937500000001
42400,2.5012392187500008,0.8062343750000003,0.08956093750000002,0.1042046875
42500,2.502508125,0.8069546875,0.0885984375,0.10444687500000002
42600,2.5050229687499996,0.8084640624999997,0.08739687499999998,0.10413906249999999
42700,2.5065385937499993,0.8097062500000001,0.0864734375,0.10382031250000003
42800,2.507516718750001,0.8104750000000003,0.08611875000000001,0.10340624999999996
42900,2.50921734375,0.8116515625,0.08484062500000006,0.10350781249999999
43000,2.51018640625,0.8125796875000002,0.08464999999999999,0.10277031249999999
43100,2.5114921874999987,0.8136125000000001,0.08391406250000001,0.10247343750000001
43200,2.5121875,0.8138796875000001,0.08368906250000002,0.10243124999999997
43300,2.5123001562500007,0.8142578124999998,0.08367968750000002,0.10206250000000001
43400,2.512619843749999,0.8140796874999999,0.08328906250000002,0.10263125000000002
43500,2.5130925,0.8145874999999999,0.08312499999999999,0.10228749999999998
43600,2.5135581250000003,0.8146640625,0.08268750000000002,0.10264843750000004
43700,2.51406046875,0.8151187499999998,0.08245312500000002,0.102428125
43800,2.5140670312499998,0.8151171874999998,0.08254218750000003,0.102340625
43900,2.5141059375,0.8149578125,0.08228124999999999,0.10276093750000005
44000,2.514093125,0.8151640624999998,0.0825109375,0.10232499999999999
44100,2.5135067187500004,0.8148468749999996,0.0831578125,0.1019953125
44200,2.51279390625,0.8142281249999999,0.08351874999999997,0.102253125
44300,2.511644375000001,0.8135328125000001,0.0843421875,0.10212500000000002
44400,2.5109621875000006,0.8127734375,0.08457187499999998,0.1026546875
44500,2.510173125,0.8122609375000003,0.0848203125,0.10291874999999999
44600,2.5094459375,0.8119515625,0.08538437499999997,0.10266406250000001
44700,2.50960359375,0.8117171874999999,0.0849296875,0.10335312499999999
44800,2.5099842187499997,0.8121171875000002,0.0845875,0.10329531250000001
44900,2.5090985937499997,0.8113171874999999,0.08525468750000002,0.103428125
45000,2.5080298437500006,0.8112093750000001,0.0863546875,0.1024359375
45100,2.5068354687500003,0.8104765625000003,0.08694218749999996,0.10258124999999994
45200,2.5058964062499998,0.8098671875000002,0.08721093750000003,0.10292187499999997
45300,2.505744062500001,0.8091125000000003,0.08694687499999999,0.10394062500000005
45400,2.5055607812500003,0.8086234375000001,0.08710625,0.10427031250000002
45500,2.50569984375,0.8090343750000003,0.08706875000000003,0.10389687500000001
45600,2.5060604687499994,0.8091140624999997,0.08667031249999999,0.10421562499999998
45700,2.5073585937500003,0.8096906249999998,0.08581562500000003,0.10449375
45800,2.507596875,0.8101281250000003,0.08613281249999998,0.10373906249999998
45900,2.508523593750001,0.8102328124999999,0.08550468750000004,0.10426250000000001
46000,2.508102343750001,0.8103453125,0.08564843750000004,0.10400624999999998
46100,2.5077324999999986,0.8101453125,0.08583125000000001,0.10402343750000001
46200,2.50766984375,0.8101343750000003,0.08583125000000001,0.10403437500000001
46300,2.5073785937499995,0.8097437500000002,0.0860953125,0.10416093750000001
46400,2.5061500000000003,0.8089921875000001,0.08696093749999996,0.10404687499999997
46500,2.50444078125,0.8079624999999999,0.08786875000000002,0.10416875000000002
46600,2.5042621875,0.8081546875,0.088096875,0.10374843749999998
46700,2.503580625,0.8077828124999998,0.08842343749999998,0.10379375000000002
46800,2.503375781250001,0.8074734375000001,0.08883125000000001,0.10369531250000003
46900,2.5032210937500006,0.8077031250000002,0.08842968749999999,0.1038671875
47000,2.5037217187499996,0.8081531249999999,0.088490625,0.10335624999999998
47100,2.5039635937500004,0.8087828125,0.08842812500000002,0.10278906250000001
47200,2.505967968749999,0.8099437499999997,0.08676718750000005,0.10328906249999999
47300,2.5079190624999996,0.8111062500000001,0.08580781250000004,0.10308593750000002
47400,2.50916234375,0.8118453125000001,0.08523125000000002,0.10292343749999999
47500,2.510393281249999,0.812434375,0.08462968750000005,0.10293593750000002
47600,2.5106995312500002,0.8128265625000001,0.08437656249999999,0.102796875
47700,2.5114623437500008,0.8128171875000002,0.08375625000000003,0.10342656250000001
47800,2.5109475,0.8123140625,0.08409218749999998,0.10359375
47900,2.5098109374999997,0.8114859374999999,0.0848046875,0.10370937499999999
48000,2.5086925000000004,0.811025,0.0854234375,0.1035515625
48100,2.5091006249999994,0.8115843749999998,0.08514843750000001,0.1032671875
48200,2.5098418749999993,0.8121781249999999,0.08493750000000001,0.10288437499999997
48300,2.5105140624999995,0.8123421875,0.08455625,0.10310156249999995
48400,2.51133421875,0.8127015624999999,0.08398281250000005,0.10331562499999998
48500,2.5108573437500015,0.8125890624999998,0.08450937499999998,0.10290156249999999
48600,2.51047203125,0.8120156249999999,0.0843296875,0.10365468750000002
48700,2.510151562499999,0.8116531250000004,0.08458437500000004,0.10376250000000004
48800,2.5104290625,0.8117390625,0.08463437500000001,0.10362656250000002
48900,2.5091356250000003,0.8109375000000001,0.08551562499999998,0.10354687500000001
49000,2.5085306249999997,0.8107765625000001,0.08587343749999998,0.10334999999999996
49100,2.5078907812499995,0.8101921875000003,0.0859375,0.1038703125
49200,2.50698671875,0.809571875,0.0866390625,0.1037890625
49300,2.5067740625000012,0.809553125,0.08700468749999998,0.10344218750000003
49400,2.50745953125,0.809565625,0.086078125,0.10435625000000004
49500,2.5085979687499997,0.8101562500000001,0.08552968750000002,0.10431406250000001
49600,2.5094804687499996,0.810696875,0.08530312500000002,0.10400000000000001
49700,2.5097587499999996,0.810790625,0.08505312499999998,0.10415624999999998
49800,2.509959062500001,0.8110031249999998,0.08505468750000002,0.10394218750000003
49900,2.5096775,0.8109859375000003,0.08497812500000003,0.1040359375
50000,2.5094159375,0.8105515624999998,0.08547187499999996,0.10397656250000001
50100,2.508830624999999,0.8100859375000001,0.08589843750000001,0.10401562499999996
50200,2.5081478125000007,0.8100249999999999,0.08644375000000001,0.10353125000000005
50300,2.5077746874999995,0.8097671874999997,0.0863078125,0.10392500000000005
50400,2.507433437500001,0.8095953124999998,0.08633906250000002,0.10406562500000002
50500,2.506773281249999,0.8094296874999999,0.08664531249999999,0.103925
50600,2.5074449999999997,0.8095859374999999,0.08605312499999998,0.10436093750000003
50700,2.50881640625,0.8107921875,0.08549531249999998,0.10371250000000001
50800,2.510066562499999,0.8118421875,0.0848796875,0.10327812500000003
50900,2.5113504687499995,0.8125843749999998,0.08422187500000003,0.10319375000000003
51000,2.5116664062499994,0.8128921874999999,0.0840890625,0.10301875000000002
51100,2.51158234375,0.8129218749999999,0.08425,0.10282812499999998
51200,2.5113848437499993,0.8125234374999999,0.084190625,0.10328593749999998
51300,2.511776250000001,0.8129515625,0.08372812500000001,0.1033203125
51400,2.51304265625,0.81374375,0.083034375,0.10322187500000005
51500,2.5147618750000005,0.8150765624999999,0.08194687500000003,0.1029765625
51600,2.5160943749999998,0.8157437500000002,0.08105781249999998,0.1031984375
51700,2.516219062500001,0.8158859375000002,0.0811546875,0.102959375
51800,2.51670390625,0.8162859374999998,0.08045781249999999,0.10325625000000004
51900,2.517326562500001,0.8164421875000003,0.0801109375,0.10344687500000001
52000,2.5173906249999995,0.8166749999999999,0.08028124999999997,0.10304375000000006
52100,2.517188906249999,0.8165031249999999,0.08075781250000003,0.1027390625
52200,2.516775,0.8163437499999999,0.08108437500000001,0.102571875
52300,2.5163501562499997,0.8164984375000002,0.08153437499999996,0.1019671875
52400,2.5166948437499994,0.816453125,0.08145625,0.10209062500000002
