step,mean_aspect_ratio,fraction_elongated,fraction_round,fraction_binary
100,1.0,0.0,1.0,0.0
200,2.2706778125000002,0.480346875,0.0446453125,0.47500781250000007
300,2.4322168749999995,0.6985093750000001,0.0653421875,0.23614843749999995
400,2.4489885937500007,0.741828125,0.07667968750000001,0.18149218750000004
500,2.4444973437500006,0.7494296874999999,0.08506875000000001,0.1655015625
600,2.435165,0.7488562500000004,0.09330156249999998,0.15784218750000006
700,2.4273089062500004,0.7456640624999998,0.09921875,0.15511718749999998
800,2.420894687500001,0.7426734375000003,0.10457031249999998,0.15275624999999993
900,2.415825156250001,0.7410828125000001,0.10813906249999994,0.15077812499999999
1000,2.4118829687500005,0.7394093750000001,0.1112640625,0.14932656249999995
1100,2.4083509375000003,0.7383046875000002,0.11444687499999999,0.14724843749999994
1200,2.4064554687499995,0.7375078125000001,0.11633437500000006,0.14615781250000004
1300,2.4034176562500003,0.7359453124999997,0.11897343750000001,0.14508124999999997
1400,2.401410625,0.7356578125000001,0.12109687500000002,0.1432453125
1500,2.39917640625,0.7348671874999999,0.12284374999999996,0.14228906249999998
1600,2.3992628124999995,0.73506875,0.12323593749999998,0.14169531249999998
1700,2.3983232812500006,0.734971875,0.12524375000000001,0.139784375
1800,2.3972651562499996,0.73485,0.12601250000000006,0.13913749999999997
1900,2.3954143750000005,0.7343953124999998,0.12799062500000002,0.13761406250000002
2000,2.3944009375000004,0.7336859374999999,0.1288890625,0.137425
2100,2.3933582812500007,0.7336281250000002,0.12964687500000005,0.13672500000000007
2200,2.392419062499999,0.7332359375,0.131215625,0.1355484375
2300,2.3913471875000005,0.7326531250000002,0.13193906249999998,0.13540781249999997
2400,2.3907282812499995,0.7322390625000001,0.1326703125,0.13509062500000005
2500,2.3904539062499994,0.7324765625,0.1336625,0.1338609375
2600,2.3900145312500003,0.7323562499999999,0.13392968750000003,0.1337140625
2700,2.3890629687500002,0.7318515625,0.13543906249999996,0.13270937500000002
2800,2.3857923437500004,0.7301953125,0.13721562499999998,0.13258906250000002
2900,2.3854948437500005,0.7301781250000001,0.13762187500000003,0.1322
3000,2.3834428125,0.7291359374999998,0.13930312499999997,0.1315609375
3100,2.38414671875,0.7297906250000001,0.13942968749999998,0.1307796875
3200,2.3841996875000007,0.7297578124999999,0.1392609375,0.13098125000000005
3300,2.3852535937500003,0.7303703125000002,0.138734375,0.13089531250000006
3400,2.3881689062500007,0.7321984374999998,0.13740000000000002,0.1304015625
3500,2.3887737499999995,0.7323546875000001,0.137090625,0.1305546875
3600,2.3887859374999993,0.7324375000000002,0.13753437500000001,0.13002812499999997
3700,2.3883485937499995,0.7320921875000002,0.1378203125,0.13008750000000002
3800,2.38854046875,0.731646875,0.13754218750000002,0.13081093750000006
3900,2.388276718749999,0.7313296874999999,0.13754375000000002,0.1311265625
4000,2.38863328125,0.7312234375,0.13781562499999997,0.13096093749999996
4100,2.38784171875,0.7308499999999997,0.13898593749999993,0.1301640625
4200,2.3877420312499993,0.7308859374999999,0.13952968750000003,0.12958437500000003
4300,2.3863700000000003,0.7304140625000002,0.14076874999999994,0.12881718749999999
4400,2.38549234375,0.7302703125,0.141546875,0.1281828125
4500,2.3843515625,0.7297515625000001,0.14262343750000006,0.12762500000000002
4600,2.38356875,0.72954375,0.14333437499999999,0.12712187500000002
4700,2.38303453125,0.7290765625000002,0.1436703125,0.127253125
4800,2.3828671875,0.7291015625000001,0.14393593749999997,0.12696249999999995
4900,2.38246953125,0.7287624999999998,0.14446718749999993,0.12677031249999998
5000,2.382551875,0.728846875,0.14397031249999998,0.12718281250000002
5100,2.3832382812500006,0.7294718750000002,0.14381718749999997,0.12671093749999998
5200,2.3841015624999997,0.7294031249999999,0.14315625000000004,0.12744062499999995
5300,2.384665937499999,0.7297406249999998,0.14313437500000004,0.127125
5400,2.38517828125,0.7300375,0.14261875000000002,0.12734375
5500,2.3866906250000004,0.7306640624999999,0.14142656249999996,0.12790937500000005
5600,2.38808984375,0.7313734374999998,0.1411828125,0.12744375
5700,2.38875515625,0.731684375,0.14085625,0.12745937499999999
5800,2.38884921875,0.7314500000000003,0.1410984375,0.12745156249999998
5900,2.387848125000001,0.7312171874999996,0.14149375000000006,0.12728906250000005
6000,2.388439375,0.7312203125000003,0.141271875,0.12750781249999998
6100,2.3897737500000003,0.7319468750000001,0.14058437499999996,0.12746875
6200,2.3903207812500002,0.7323250000000001,0.1406484375,0.1270265625
6300,2.3931629687500005,0.7343187499999999,0.13964375,0.1260375
6400,2.39435609375,0.7353828125000003,0.139684375,0.12493281250000002
6500,2.3943271874999996,0.7358390625000002,0.1402703125,0.12389062499999999
6600,2.39413171875,0.7357921875000003,0.14079062500000003,0.1234171875
6700,2.3941604687500004,0.7354796875,0.14084218750000002,0.12367812499999997
6800,2.3926767187500007,0.7344203125,0.14155781249999994,0.12402187499999996
6900,2.39017234375,0.7330765625,0.14315312500000002,0.12377031249999998
7000,2.389697656250001,0.7325343750000001,0.143025,0.12444062499999997
7100,2.389694843749999,0.7322953125,0.14290468749999996,0.12480000000000001
7200,2.389992812499999,0.7324796874999999,0.14281562499999997,0.12470468750000002
7300,2.3911756250000007,0.7332031250000001,0.1425078125,0.12428906249999999
7400,2.3915551562499995,0.7332265625000001,0.14212812499999997,0.1246453125
7500,2.3914679687500002,0.7325234375,0.14230624999999994,0.1251703125
7600,2.3924459375000007,0.7329578124999999,0.14137343750000003,0.12566874999999997
7700,2.3931175000000002,0.7331609375000001,0.1406109375,0.126228125
7800,2.3934173437499995,0.7330109374999998,0.14068749999999997,0.12630156249999996
7900,2.39383703125,0.7328078124999998,0.14118281249999992,0.12600937499999998
8000,2.3937367187500005,0.7332578125000001,0.1415875,0.12515468749999997
8100,2.394317499999999,0.7336906249999998,0.14123125,0.125078125
8200,2.395378437500001,0.7339312499999997,0.14070781250000003,0.1253609375
8300,2.394415156249999,0.7331234374999998,0.14136875,0.12550781250000004
8400,2.3929098437500005,0.7320328124999997,0.142615625,0.1253515625
8500,2.39067359375,0.7311046875000001,0.1440171875,0.12487812499999998
8600,2.3889290625,0.7298046874999998,0.1450875,0.1251078125
8700,2.38677859375,0.72844375,0.14628125,0.125275
8800,2.3848220312500006,0.7272890625,0.14743125000000004,0.12527968750000001
8900,2.383877031249999,0.7265984375,0.14779999999999996,0.12560156249999999
9000,2.383895156249999,0.7260265625000001,0.147525,0.12644843749999998
9100,2.384133125,0.7259749999999998,0.14712499999999998,0.1269
9200,2.3842749999999997,0.7259296875,0.14725312499999998,0.12681718749999998
9300,2.38354609375,0.7253531250000003,0.14784218749999997,0.12680468750000004
9400,2.383483125,0.7251156250000002,0.14778593749999996,0.1270984375
9500,2.3843275000000004,0.7252171875000002,0.14714687499999998,0.1276359375
9600,2.3861404687500003,0.7265531250000004,0.14629218750000003,0.1271546875
9700,2.3872778125,0.7277187500000001,0.1459296875,0.12635156249999996
9800,2.388438750000001,0.7280562499999997,0.14493593750000003,0.1270078125
9900,2.3909971875,0.7296718750000003,0.14389843750000006,0.12642968749999997
10000,2.3925226562500006,0.7308546875,0.14319218749999998,0.12595312500000003
10100,2.393110937500001,0.7312609374999998,0.1434125,0.12532656250000002
10200,2.3936887500000004,0.7316609374999999,0.14301562499999998,0.12532343749999997
10300,2.394530000000001,0.7325531249999999,0.1429125,0.12453437500000002
10400,2.3947796875000003,0.7325187500000001,0.14305000000000004,0.12443125
10500,2.3947428125,0.7323046874999998,0.1423640625,0.12533124999999998
10600,2.3939984375000005,0.7311859375000003,0.1425390625,0.12627499999999994
10700,2.394513124999999,0.7310375000000002,0.14246718750000004,0.1264953125
10800,2.3943571875000007,0.7313390624999999,0.14316249999999994,0.12549843750000003
10900,2.3951431249999997,0.7317906249999998,0.14231874999999997,0.12589062499999995
11000,2.39572515625,0.7320859375,0.14175468750000003,0.12615937500000005
11100,2.3976665624999995,0.7331312500000002,0.14044374999999992,0.126425
11200,2.3978456250000013,0.7331531249999999,0.14042187500000003,0.12642499999999998
11300,2.3982429687500004,0.733153125,0.13989531249999998,0.1269515625
11400,2.3980609375000004,0.7327171874999998,0.14007343750000004,0.12720937499999996
11500,2.397839843750001,0.7330750000000001,0.14041562500000004,0.12650937499999998
11600,2.3965862500000004,0.7325500000000001,0.14161406250000003,0.1258359375
11700,2.396397656250001,0.7324093749999996,0.1419796875,0.1256109375
11800,2.3960789062499996,0.7319546874999998,0.142025,0.12602031250000004
11900,2.39589015625,0.7319546874999998,0.14193593750000003,0.126109375
12000,2.3976196875,0.7324062499999998,0.14089843749999995,0.1266953125
12100,2.398901875,0.732909375,0.1400578125,0.1270328125
12200,2.4003807812499995,0.7343546875,0.13961875000000004,0.1260265625
12300,2.4010029687499994,0.7346062500000001,0.1395203125,0.12587343750000002
12400,2.3998401562500007,0.7341531250000001,0.14048750000000002,0.125359375
12500,2.3982540624999986,0.7329343750000002,0.14113750000000005,0.125928125
12600,2.398234843749999,0.7334093750000003,0.14133125,0.12525937499999998
12700,2.396603125,0.7325671874999998,0.14234062500000003,0.1250921875
12800,2.3969165625000004,0.7326765625000002,0.14187031249999998,0.12545312500000005
12900,2.3968753125,0.7324359374999999,0.1418859375,0.125678125
13000,2.3963834375000004,0.7319015625,0.14154062499999995,0.1265578125
13100,2.3969650000000002,0.7322812499999999,0.14119375,0.126525
13200,2.39739484375,0.7326625000000001,0.14128593749999996,0.12605156250000005
13300,2.3979392187499995,0.7329515625000002,0.14135156249999994,0.125696875
13400,2.3988625,0.7337359375000001,0.14054218750000003,0.125721875
13500,2.400437187500001,0.7343796875000004,0.13896874999999995,0.12665156249999998
13600,2.40261734375,0.73536875,0.13789218749999999,0.12673906249999997
13700,2.4034507812499997,0.7363437500000001,0.13792499999999996,0.12573125000000004
13800,2.40450203125,0.7367765624999998,0.13793281249999997,0.12529062499999996
13900,2.405149531250001,0.7374093749999999,0.13779218749999997,0.12479843749999998
14000,2.406112812499999,0.7382796875000001,0.13775625,0.12396406250000001
14100,2.4070931249999994,0.7387171875000003,0.13731718750000002,0.12396562500000002
14200,2.4068401562500004,0.7385703124999999,0.13749218750000003,0.12393750000000003
14300,2.4067515625,0.7386171874999998,0.13752031249999996,0.12386250000000001
14400,2.4061035937499997,0.7379859375000004,0.13781718749999997,0.124196875
14500,2.4059100000000004,0.7378234375000001,0.13768124999999998,0.12449531250000001
14600,2.4059259374999997,0.7373109375,0.1373265625,0.1253625
14700,2.40607265625,0.7374265624999999,0.13716718750000007,0.12540624999999997
14800,2.406613125000001,0.7375656249999997,0.136671875,0.1257625
14900,2.4070535937499997,0.737775,0.13682187499999998,0.125403125
15000,2.40825984375,0.7386296875000002,0.1358875,0.12548281249999996
15100,2.409011718750001,0.7390281250000003,0.13560781249999998,0.12536406249999998
15200,2.4093134375000003,0.7393093749999999,0.13536406250000002,0.12532656250000002
15300,2.4104056250000006,0.7398828125000001,0.13489687500000003,0.12522031250000004
15400,2.4113917187499996,0.74051875,0.13447187499999996,0.125009375
15500,2.410112812499999,0.7401750000000001,0.13533906250000002,0.12448593749999996
15600,2.4089059374999984,0.7392953125000001,0.13632656250000003,0.12437812500000002
15700,2.40700796875,0.7381953124999999,0.13736406250000002,0.12444062499999999
15800,2.4056993749999998,0.7375750000000001,0.13803125000000005,0.12439375
15900,2.4055378124999995,0.7373093750000002,0.13772812500000003,0.12496249999999998
16000,2.40675125,0.7376703124999999,0.136753125,0.1255765625
16100,2.4073515625,0.737675,0.1362265625,0.12609843750000005
16200,2.4092284374999995,0.7385390624999998,0.1352484375,0.12621249999999998
16300,2.409609062500001,0.7390234375000001,0.13522968749999997,0.12574687499999998
16400,2.4086939062500003,0.7385062500000001,0.1359,0.12559375
16500,2.407801718750001,0.7382140625000002,0.13692656250000002,0.12485937500000001
16600,2.4063025000000002,0.7376265625000002,0.13791718750000004,0.12445625
16700,2.40607828125,0.7374640625,0.1381359375,0.1244
16800,2.4060454687500004,0.7370359374999998,0.13771562500000006,0.1252484375
16900,2.4061503125000003,0.7369796874999998,0.13731093750000006,0.12570937500000004
17000,2.40567421875,0.7367984375000002,0.13750625000000002,0.12569531250000002
17100,2.40538859375,0.7363781249999998,0.13759843750000003,0.12602343749999997
17200,2.4047903125000007,0.7359531250000001,0.13824687499999994,0.1258
17300,2.404077343750001,0.735565625,0.138996875,0.1254375
17400,2.40155015625,0.7341031250000003,0.14043281250000003,0.12546406250000003
17500,2.3993637499999996,0.7328343749999999,0.14172031250000006,0.1254453124999999
17600,2.3978223437499997,0.731646875,0.14222968750000003,0.12612343750000002
17700,2.3966292187499993,0.7308578125,0.14277656249999995,0.12636562500000004
17800,2.3968389062499993,0.7310546874999999,0.14264843749999995,0.126296875
17900,2.39656671875,0.731015625,0.14284374999999996,0.126140625
18000,2.3970071875000003,0.7314937500000002,0.14277031249999997,0.12573593749999998
18100,2.3978159375000003,0.7319515624999999,0.1421578125,0.125890625
18200,2.3976126562499993,0.7318609375000004,0.1423078125,0.12583124999999998
18300,2.397908281250001,0.7320671875000001,0.141746875,0.12618593750000004
18400,2.40043796875,0.733334375,0.14038749999999997,0.12627812500000002
18500,2.40080796875,0.7332015624999998,0.14019531249999995,0.12660312500000004
18600,2.40102484375,0.7332062500000001,0.13954218750000003,0.1272515625
18700,2.4010246875,0.7334890625000001,0.1397234375,0.1267875
18800,2.40212875,0.7341656250000003,0.13896406250000004,0.1268703125
18900,2.4024224999999992,0.7341671874999999,0.13903749999999998,0.12679531249999998
19000,2.4013637499999985,0.7329859375,0.1398625,0.12715156250000004
19100,2.39966796875,0.7320546875,0.1407890625,0.12715624999999997
19200,2.3996174999999997,0.7325796875000001,0.14147343749999997,0.125946875
19300,2.3993237499999998,0.732515625,0.14185937499999998,0.12562500000000001
19400,2.3982710937500005,0.732628125,0.1427046875,0.1246671875
19500,2.3974501562500006,0.7324031249999998,0.14300000000000002,0.124596875
19600,2.3974337499999994,0.7321453125,0.14294843749999994,0.12490624999999998
19700,2.3957085937500002,0.7308187499999999,0.14380625000000005,0.125375
19800,2.3937795312499994,0.7300234375,0.145109375,0.12486718750000002
19900,2.392973750000001,0.7291671875,0.14539999999999997,0.12543281250000007
20000,2.39353328125,0.7292609375000002,0.14468906250000005,0.12605
20100,2.3943042187499994,0.7294640625,0.143703125,0.12683281250000003
20200,2.3956270312499996,0.7296015625,0.14251093750000002,0.12788750000000002
20300,2.3969409374999993,0.7301578125,0.14165937500000003,0.12818281250000002
20400,2.3981600000000003,0.7313578125000001,0.1412203125,0.127421875
20500,2.3999615625,0.7320671874999998,0.13970781249999997,0.128225
20600,2.4009368749999997,0.7328484375000002,0.139121875,0.1280296875
20700,2.401715625,0.7335078124999999,0.13903906249999998,0.12745312499999997
20800,2.4023495312499996,0.7336500000000004,0.13835156250000002,0.1279984375
20900,2.4031726562500006,0.7337359375000001,0.13799375,0.12827031249999998
21000,2.40385453125,0.7344343749999999,0.13810937500000003,0.12745624999999997
21100,2.40388421875,0.7349437499999999,0.1380125,0.12704374999999996
21200,2.404797656250001,0.7352906250000002,0.13727499999999998,0.127434375
21300,2.4051965625,0.7359859375000002,0.13743906250000001,0.126575
21400,2.4056075000000003,0.7360593750000003,0.13692343749999997,0.12701718750000002
21500,2.4068426562500007,0.7368468750000001,0.1359484375,0.12720468750000002
21600,2.40737765625,0.7372765624999998,0.13605625,0.1266671875
21700,2.4078935937500003,0.7377718750000002,0.13571406250000004,0.12651406249999997
21800,2.408015625000001,0.7377921874999999,0.13544375000000003,0.12676406250000002
21900,2.40813671875,0.7378234375000003,0.13577187500000007,0.12640468750000006
22000,2.4078725,0.73774375,0.1361046875,0.1261515625
22100,2.4081825,0.7378078125000002,0.13562031249999998,0.12657187499999997
22200,2.40908078125,0.7383484375000002,0.13551562499999997,0.12613593750000002
22300,2.4111923437500002,0.7402812500000002,0.1339359375,0.12578281250000004
22400,2.4127667187500004,0.7413984374999999,0.13328906249999997,0.1253125
22500,2.4143776562500006,0.7423343749999998,0.13195468749999995,0.1257109375
22600,2.4164749999999997,0.7435406249999998,0.13115937500000002,0.12529999999999997
22700,2.4182457812500004,0.744771875,0.13037031249999997,0.1248578125
22800,2.419667343749999,0.7453203125000001,0.1295515625,0.12512812500000003
22900,2.419815468749999,0.7452515625000001,0.1294515625,0.125296875
23000,2.4197804687499995,0.7454843750000001,0.129928125,0.12458749999999999
23100,2.418765625,0.7450328125,0.13031875,0.12464843749999997
23200,2.418533281249999,0.7447640625000002,0.130234375,0.1250015625
23300,2.4179926562499996,0.7440234375,0.13061562500000004,0.12536093750000005
23400,2.4178559374999993,0.7438828125000001,0.13081406250000002,0.125303125
23500,2.41676078125,0.7427765624999999,0.13111250000000002,0.1261109375
23600,2.41509109375,0.7416265625000001,0.13233124999999998,0.12604218749999999
23700,2.4135507812499997,0.740715625,0.13289375,0.12639062499999998
23800,2.41346765625,0.7409062500000001,0.13325156249999998,0.1258421875
23900,2.4145085937499995,0.7413015624999998,0.1321765625,0.12652187499999998
24000,2.4161657812500006,0.7421249999999997,0.13153593750000003,0.12633906250000002
24100,2.41658515625,0.7425500000000002,0.13184218749999999,0.12560781249999997
24200,2.4159985937500004,0.7422125,0.131725,0.12606249999999997
24300,2.415678593750001,0.7422843749999999,0.13235312500000002,0.1253625
24400,2.4158393749999996,0.742409375,0.131728125,0.12586250000000004
24500,2.4151643750000007,0.7417890625000002,0.13206718750000002,0.12614375
24600,2.415319999999999,0.7420328125,0.13232500000000003,0.1256421875
24700,2.4142950000000005,0.7418703125000001,0.13341093749999997,0.12471875
24800,2.4141609375,0.7419593750000001,0.13319375000000003,0.12484687499999998
24900,2.4144487499999987,0.7420234374999999,0.13280312500000002,0.12517343750000004
25000,2.413915156249999,0.741640625,0.13325937499999996,0.12510000000000002
25100,2.4133368749999993,0.7410734375000001,0.1333859375,0.125540625
25200,2.4127281249999997,0.74045625,0.13365312499999998,0.125890625
25300,2.41251234375,0.7400296875,0.13362343750000003,0.126346875
25400,2.4118303124999994,0.7399593749999998,0.134309375,0.12573125000000002
25500,2.4120250000000008,0.7403625000000001,0.13407499999999997,0.12556249999999997
25600,2.41152921875,0.7395593750000002,0.1342390625,0.12620156249999998
25700,2.4121268749999993,0.739771875,0.1335109375,0.1267171875
25800,2.412841249999999,0.7397859375000002,0.1329234375,0.12729062500000002
25900,2.41339765625,0.740425,0.1325859375,0.12698906249999997
26000,2.41447875,0.7408624999999996,0.13200937499999998,0.12712812499999998
26100,2.4138724999999996,0.7407343749999998,0.1328265625,0.12643906249999998
26200,2.4130810937500002,0.7402968749999999,0.133271875,0.12643125
26300,2.41163015625,0.7394234375,0.1344796875,0.12609687500000002
26400,2.410533593750001,0.7393984374999999,0.13546718750000006,0.125134375
26500,2.4100550000000007,0.7390703124999999,0.13561874999999998,0.1253109375
26600,2.4103009374999997,0.7389999999999999,0.13600468749999997,0.12499531250000001
26700,2.4101985937499992,0.7391046874999998,0.13578750000000003,0.1251078125
26800,2.4093476562500005,0.7381718750000001,0.13602812499999994,0.1258
26900,2.4079840625,0.7369390624999999,0.13658437500000006,0.1264765625
27000,2.407764999999999,0.7366328124999997,0.136871875,0.1264953125
27100,2.4073684375,0.7367296875000001,0.1373609375,0.12590937499999993
27200,2.40656109375,0.7362843750000002,0.13802812500000003,0.1256875
27300,2.40631546875,0.7361937500000004,0.1380484375,0.1257578125
27400,2.4065659374999995,0.7363984374999998,0.13810468750000005,0.12549687499999995
27500,2.4054421875000003,0.735690625,0.138759375,0.12555
27600,2.4038865625000003,0.7347296875000002,0.13922812500000004,0.12604218749999999
27700,2.4030378125,0.7338171875,0.1393640625,0.12681875000000004
27800,2.4032779687500008,0.7341671875000002,0.13908124999999996,0.12675156249999997
27900,2.40367734375,0.734325,0.13893906249999996,0.1267359375
28000,2.4047737499999995,0.734453125,0.138546875,0.127
28100,2.4047021875000003,0.7341343749999999,0.13865156250000002,0.12721406250000003
28200,2.4043349999999992,0.7340328125000003,0.13868906250000002,0.12727812499999996
28300,2.40394875,0.733940625,0.13916562500000004,0.12689375000000006
28400,2.4037171875000007,0.734584375,0.1394484375,0.12596718750000002
28500,2.4036174999999997,0.7345109374999998,0.139040625,0.12644843749999998
28600,2.4030490625000014,0.7338546874999997,0.13908906249999994,0.12705625
28700,2.4038796875000004,0.7341953125000003,0.13864062500000002,0.12716406249999998
28800,2.403505,0.7336171875000002,0.138875,0.12750781249999998
28900,2.4029773437500004,0.7334109375,0.13927499999999993,0.1273140625
29000,2.4026382812500002,0.7331031250000002,0.13918906249999996,0.1277078125
29100,2.40451375,0.7342390625000002,0.1380625,0.12769843749999998
29200,2.40494625,0.7348187499999999,0.1385375,0.12664374999999997
29300,2.40508515625,0.7347125,0.1382171875,0.1270703125
29400,2.405047812499999,0.7345749999999998,0.13804999999999998,0.12737499999999996
29500,2.403749843750001,0.734021875,0.13877187500000002,0.12720625
29600,2.4033828125000007,0.7338750000000003,0.13929999999999998,0.126825
29700,2.4022304687500005,0.7335359374999999,0.13980937499999999,0.1266546875
29800,2.4019839062500012,0.733640625,0.14007812499999997,0.12628125
29900,2.402505,0.733953125,0.13982968749999997,0.1262171875
30000,2.4025454687500005,0.7341640625000001,0.13955468749999997,0.12628125000000004
30100,2.4029607812499996,0.7337390625000001,0.13909375000000002,0.12716718750000003
30200,2.4041106250000013,0.7340968749999998,0.13811718749999996,0.1277859375
30300,2.404860312499999,0.7346687499999998,0.1379984375,0.1273328125
30400,2.405486249999999,0.7347546875000002,0.13741875,0.12782656249999996
30500,2.4063448437500004,0.7352671875000001,0.13687812500000002,0.12785468749999998
30600,2.407231874999999,0.7357859374999999,0.1362359375,0.12797812500000003
30700,2.4084125000000003,0.7366546875000001,0.13604687499999998,0.12729843750000003
30800,2.4092923437500002,0.7373437500000003,0.13574062500000003,0.12691562499999998
30900,2.4094740625,0.7375218749999999,0.13583125000000004,0.126646875
31000,2.4093406249999996,0.7374593749999999,0.13555312500000002,0.1269875
31100,2.409358125000001,0.7376234375,0.13535,0.1270265625
31200,2.4100753125000005,0.7382968750000003,0.13513437500000006,0.12656874999999998
31300,2.4108881249999996,0.7390062499999999,0.13480781249999996,0.12618593749999998
31400,2.4112890624999994,0.7389453125000001,0.13456718750000005,0.12648749999999997
31500,2.412151250000001,0.7397171875,0.13404687500000004,0.12623593750000003
31600,2.4123368750000003,0.7401625000000001,0.134359375,0.12547812500000002
31700,2.4111820312500005,0.7393015625000001,0.134940625,0.12575781249999998
31800,2.4103912499999995,0.7380625000000001,0.13514531249999998,0.12679218750000004
31900,2.4094218750000005,0.7378124999999998,0.13542500000000002,0.1267625
32000,2.4089806250000008,0.7374640625000001,0.13556093750000003,0.12697499999999998
32100,2.40970765625,0.7378250000000001,0.13554375,0.12663125000000003
32200,2.409202500000001,0.7377265624999998,0.13570937500000002,0.12656406249999996
32300,2.408397031250001,0.7368499999999997,0.13619062499999998,0.12695937499999999
32400,2.4084548437499995,0.7366281249999999,0.135990625,0.12738125
32500,2.4083135937499995,0.7364593749999999,0.136125,0.12741562499999998
32600,2.408971875000001,0.7369624999999999,0.13572187500000002,0.12731562500000002
32700,2.4095232812500003,0.7372312499999999,0.1352171875,0.1275515625
32800,2.4097853125,0.7375874999999997,0.13501093749999998,0.1274015625
32900,2.4102087499999993,0.7382265624999997,0.13517812499999998,0.1265953125
33000,2.40952828125,0.7382156250000002,0.13567500000000002,0.12610937500000002
33100,2.4090865625000006,0.7380562500000002,0.13619375,0.12575000000000006
33200,2.407684374999999,0.7372640625000002,0.13680312500000005,0.12593281249999996
33300,2.4062892187499996,0.7364281250000001,0.13746093750000002,0.12611093750000002
33400,2.40420671875,0.7348406249999998,0.13851875,0.12664062499999998
33500,2.402265468749999,0.7335203124999997,0.13971249999999996,0.12676718750000002
33600,2.4001487500000005,0.7322546875000001,0.141246875,0.1264984375
33700,2.398414531249999,0.7314015624999999,0.14212968750000002,0.12646875
33800,2.39701234375,0.7299578125,0.1423984375,0.12764375000000006
33900,2.39635453125,0.7294390624999999,0.14252968749999997,0.12803125
34000,2.3950446875000004,0.728821875,0.14364062499999994,0.1275375
34100,2.3941692187499997,0.7281859375,0.1437578125,0.12805624999999998
34200,2.3933954687500005,0.7280718749999999,0.14421875,0.12770937499999996
34300,2.3934871875000003,0.7277078125,0.14423750000000005,0.1280546875
34400,2.3943434374999994,0.7278046875000002,0.14346406250000007,0.12873125000000002
34500,2.3953739062500006,0.7288468750000002,0.14285312499999997,0.12829999999999997
34600,2.396954218749999,0.7298968750000002,0.1423625,0.127740625
34700,2.3966520312499995,0.7298062499999998,0.14221718749999998,0.1279765625
34800,2.3970326562500004,0.7300187500000004,0.1421234375,0.12785781250000003
34900,2.3972715624999994,0.7300453125000002,0.14184843749999998,0.12810625000000003
35000,2.39682671875,0.7294421875000002,0.14185156249999997,0.12870625
35100,2.3960251562500003,0.7288921875,0.1422312500000001,0.12887656249999999
35200,2.3950653125000003,0.7283250000000001,0.14263906250000005,0.12903593750000003
35300,2.394890781249999,0.7281515625000001,0.14285,0.12899843749999995
35400,2.39418296875,0.7279984374999996,0.14385312500000003,0.12814843750000007
35500,2.39312140625,0.7275562499999997,0.14457187500000002,0.127871875
35600,2.3935171875000005,0.7278015625000002,0.14432031249999994,0.12787812500000006
35700,2.3933832812499998,0.7275781250000001,0.14384687499999996,0.128575
35800,2.3941154687499986,0.728003125,0.143353125,0.12864375
35900,2.3944434374999997,0.7284234375,0.14367499999999997,0.1279015625
36000,2.393560000000001,0.7282921874999998,0.14450781249999997,0.1272
36100,2.3932795312499997,0.7279890624999997,0.14459375000000002,0.12741718749999995
36200,2.3929653124999994,0.7277375000000001,0.1443265625,0.12793593749999999
36300,2.3925698437499987,0.7278640625000001,0.14478593750000004,0.12734999999999996
36400,2.3915604687499994,0.7270921874999999,0.14518125000000004,0.12772656250000003
36500,2.3899889062499993,0.7261953124999999,0.14600937499999997,0.12779531249999998
36600,2.3893273437499998,0.7257999999999998,0.14655312499999995,0.127646875
36700,2.3896289062500005,0.7262703125000002,0.14655624999999997,0.1271734375
36800,2.3890204687499996,0.7258656250000001,0.1466359375,0.12749843749999998
36900,2.3900915625000003,0.7262796874999999,0.1460515625,0.12766875
37000,2.39139953125,0.7273031250000002,0.14554375,0.12715312499999998
37100,2.39115859375,0.727309375,0.14509687499999996,0.12759374999999998
37200,2.39188234375,0.7276796874999999,0.14453124999999994,0.1277890625
37300,2.392414375000001,0.7280390624999998,0.14452343750000002,0.12743749999999998
37400,2.392671875,0.7280140624999999,0.14417187500000003,0.1278140625
37500,2.3926701562499995,0.728421875,0.144309375,0.12726875
37600,2.3931235937499995,0.7290796875000001,0.14461562499999994,0.1263046875
37700,2.3938503125,0.7296578125000001,0.14450937500000002,0.12583281249999997
37800,2.3935014062499995,0.7291687499999996,0.1443546875,0.1264765625
37900,2.3932192187500005,0.7288312499999999,0.14407031250000002,0.12709843749999997
38000,2.3933446874999995,0.7287140624999999,0.14454531250000002,0.126740625
38100,2.3937003125,0.7291531250000001,0.14418593750000003,0.12666093750000001
38200,2.3946367187499997,0.729675,0.14415156250000002,0.12617343749999999
38300,2.3951512499999996,0.7296640624999999,0.14352656249999995,0.12680937499999997
38400,2.395586718750001,0.7301593750000002,0.14367812500000002,0.1261625
38500,2.3962246875000006,0.7304546875000003,0.14342968750000007,0.126115625
38600,2.3973057812499996,0.7307703124999998,0.14255937500000002,0.12667031249999994
38700,2.3977017187499996,0.7313031249999999,0.14228593750000001,0.1264109375
38800,2.39709984375,0.7312828125000002,0.14299375,0.12572343750000003
38900,2.39606484375,0.7306515625000003,0.14344218750000004,0.12590624999999997
39000,2.395450937499999,0.7299796875,0.14370468749999996,0.12631562499999996
39100,2.39465609375,0.7297343750000003,0.14374843750000002,0.1265171875
39200,2.395830468750001,0.7302656250000004,0.14276875000000003,0.126965625
39300,2.3973624999999994,0.7308171875000001,0.14159999999999998,0.1275828125
39400,2.3988506250000006,0.7318046875,0.140484375,0.1277109375
39500,2.400210156250001,0.7327734374999998,0.14001093750000004,0.12721562499999994
39600,2.40118203125,0.733784375,0.13954843750000004,0.1266671875
39700,2.4020001562500006,0.7338703124999999,0.13903906249999998,0.12709062499999998
39800,2.4009814062499997,0.7336593750000001,0.13969218749999993,0.12664843750000002
39900,2.3998706250000006,0.7330281249999999,0.1403140625,0.12665781250000002
40000,2.3982403124999996,0.7321515625000001,0.14173124999999998,0.12611718749999998
40100,2.3963039062500004,0.7310296875,0.14279687500000005,0.1261734375
40200,2.3943800000000004,0.7298703124999999,0.14415312499999997,0.12597656250000003
40300,2.3924193750000007,0.7283546874999999,0.1453046875,0.126340625
40400,2.39053078125,0.7275093749999998,0.14621249999999994,0.12627812500000002
40500,2.3892137499999997,0.7267390625,0.14706562500000003,0.12619531249999996
40600,2.389640312499999,0.7270640624999999,0.147278125,0.12565781250000005
40700,2.3884907812499994,0.7264015625000001,0.14769375000000004,0.1259046875
40800,2.388771093749999,0.7267171874999998,0.14715156249999997,0.12613125000000003
40900,2.3884084375,0.7262265625000001,0.14757187500000002,0.1262015625
41000,2.3877800000000002,0.7256765625,0.147759375,0.1265640625
41100,2.3879210937499997,0.7254078125000005,0.1475156249999999,0.12707656249999996
41200,2.38793171875,0.725184375,0.14713437499999996,0.12768125
41300,2.38904671875,0.7252765625,0.1465328125,0.12819062499999997
41400,2.391384687500001,0.7265000000000003,0.1448515625,0.12864843750000005
41500,2.3929946875,0.7270203125000001,0.14402499999999996,0.1289546875
41600,2.3935984375,0.7278624999999999,0.1440375,0.12810000000000002
41700,2.3936701562500007,0.7284421874999999,0.14405468749999994,0.127503125
41800,2.3940228125,0.7287421875000001,0.14341718749999993,0.12784062499999996
41900,2.3957206250000005,0.7297265625000002,0.14248124999999995,0.12779218750000002
42000,2.397990156250001,0.7306609375000002,0.14134062499999997,0.12799843749999998
42100,2.399551250000001,0.7318906250000001,0.1404625,0.12764687500000002
42200,2.4003531250000014,0.7320312500000001,0.13954375000000005,0.12842500000000004
42300,2.40049828125,0.732328125,0.13951093749999996,0.12816093750000002
42400,2.4001559375000006,0.7322796875,0.139421875,0.12829843749999995
42500,2.4013448437499996,0.7324921874999998,0.13850156250000004,0.12900625000000002
42600,2.4018181250000006,0.7333999999999997,0.13858281250000004,0.12801718750000002
42700,2.4020453125,0.733778125,0.13882656250000003,0.1273953125
42800,2.4021879687500007,0.7339343750000002,0.138921875,0.12714375
42900,2.4025243750000005,0.7343937499999997,0.13901093750000001,0.1265953125
43000,2.402929375,0.7349484374999997,0.13911562499999997,0.1259359375
43100,2.4038167187499995,0.735225,0.138225,0.12654999999999997
43200,2.4053456250000003,0.7360203125000003,0.13729687499999996,0.12668281250000002
43300,2.4069829687499995,0.7371156250000002,0.13654687500000007,0.12633750000000005
43400,2.4072871874999997,0.7372999999999996,0.13606718749999996,0.12663281250000002
43500,2.4084531250000003,0.7378093750000003,0.13548125000000003,0.12670937500000004
43600,2.4092028125000007,0.7381203124999999,0.13480781249999998,0.12707187499999997
43700,2.40995671875,0.7384546875000001,0.1346984375,0.126846875
43800,2.4089978125000004,0.7377703124999999,0.13489843749999997,0.12733124999999998
43900,2.409690625,0.7378687500000003,0.13467187499999997,0.12745937499999999
44000,2.4103484374999997,0.7383390625000003,0.1344328125,0.12722812499999997
44100,2.409638593750001,0.738,0.13490156250000002,0.12709843749999997
44200,2.40935921875,0.7377421875000001,0.13504375,0.1272140625
44300,2.4075865625,0.7368656250000002,0.13662031249999998,0.1265140625
44400,2.4057190624999993,0.7362953125,0.13809062500000005,0.12561406250000007
44500,2.403611249999999,0.7346296875,0.139478125,0.1258921875
44600,2.4017037499999994,0.7333734375000003,0.14029999999999995,0.12632656250000002
44700,2.39981765625,0.7323296874999999,0.14149843750000002,0.12617187499999996
44800,2.3977307812500013,0.731146875,0.14288749999999995,0.12596562500000005
44900,2.39639,0.7300281249999999,0.14334687499999996,0.12662500000000002
45000,2.3946165625000004,0.7289031249999999,0.144021875,0.12707500000000002
45100,2.3943740625,0.7286828125,0.14381718749999997,0.1275
45200,2.3948212500000006,0.7288625000000002,0.1435921875,0.12754531249999998
45300,2.3958376562499994,0.729446875,0.14301250000000004,0.12754062499999996
45400,2.3960860937499997,0.7294468750000002,0.14244687499999997,0.12810625
45500,2.3961942187500003,0.72964375,0.14227656249999998,0.12807968750000004
45600,2.39722609375,0.7300125000000002,0.14159687499999996,0.12839062499999998
45700,2.3972170312499994,0.7300125000000004,0.14183593749999998,0.12815156249999995
45800,2.3979595312499997,0.7309218749999997,0.14172968749999998,0.1273484375
45900,2.3986551562500007,0.7312156249999997,0.14111562500000002,0.12766875000000003
46000,2.3988334375,0.7313531250000002,0.14112656249999994,0.12752031249999995
46100,2.3983162499999997,0.7307656250000001,0.14148750000000004,0.12774687500000007
46200,2.3974395312500003,0.7310109374999997,0.14220000000000002,0.1267890625
46300,2.39806,0.7312609375000001,0.14165625000000004,0.12708281250000003
46400,2.3980492187499993,0.7314078125,0.1414984375,0.12709375
46500,2.39809609375,0.7311515625000001,0.141534375,0.1273140625
46600,2.3981079687499998,0.7311109374999999,0.14160781250000004,0.12728124999999998
46700,2.3975398437499997,0.7309015624999998,0.14145312499999996,0.1276453125
46800,2.396935,0.7305937499999997,0.141775,0.12763124999999997
46900,2.3967353125,0.7301390625000002,0.14228281249999997,0.127578125
47000,2.3972021875,0.7308015625000001,0.1420375,0.1271609375
47100,2.3981,0.7314015624999999,0.14140625,0.1271921875
47200,2.3987190625,0.7317015625000001,0.14089999999999997,0.1273984375
47300,2.3997132812500004,0.73215,0.1398234375,0.1280265625
47400,2.4008585937499993,0.7328546874999999,0.13923593750000002,0.12790937500000002
47500,2.400765000000001,0.7329765624999997,0.13932499999999998,0.1276984375
47600,2.4011198437500005,0.733040625,0.13951718750000003,0.1274421875
47700,2.402093125000001,0.7337640625000003,0.13869531249999997,0.12754062499999996
47800,2.40290171875,0.7343109375000002,0.13900625000000008,0.12668281250000002
47900,2.4031378125000007,0.7348874999999999,0.13858593749999998,0.1265265625
48000,2.4020879687499996,0.7342671875,0.13907187499999996,0.12666093750000004
48100,2.40194265625,0.7342203125,0.1394546875,0.12632500000000002
48200,2.4016253124999993,0.7341906250000001,0.13948593750000002,0.12632343750000002
48300,2.4013043749999996,0.7336984374999997,0.1398,0.12650156250000005
48400,2.4007481250000002,0.7329750000000003,0.140215625,0.126809375
48500,2.4004750000000006,0.7329874999999999,0.14070156250000004,0.1263109375
48600,2.3999965624999993,0.7330000000000002,0.1410734375,0.1259265625
48700,2.3990168749999996,0.7325968749999997,0.141265625,0.12613749999999999
48800,2.3988537499999993,0.7321937500000002,0.14154062500000003,0.12626562499999996
48900,2.3986664062499994,0.7326328124999999,0.14182656250000003,0.125540625
49000,2.39917125,0.732790625,0.14134375,0.12586562500000006
49100,2.3998453125,0.7336953125,0.1410578125,0.12524687499999998
49200,2.3991273437500005,0.7335531249999999,0.14168437499999995,0.12476249999999998
49300,2.3998245312499993,0.7336625,0.1411765625,0.1251609375
49400,2.39981359375,0.7335765624999998,0.14087500000000003,0.1255484375
49500,2.4013506249999996,0.73435,0.14039374999999996,0.12525624999999999
49600,2.40049171875,0.7343718750000001,0.14120156249999996,0.12442656249999996
49700,2.399285625,0.7340656250000003,0.14202812499999998,0.12390624999999994
49800,2.3991468749999987,0.7340265625000001,0.14177031250000002,0.12420312499999996
49900,2.3995318749999996,0.7342093749999997,0.14145781249999995,0.12433281250000003
50000,2.3992953125000014,0.7339406249999998,0.14162656249999997,0.12443281249999999
50100,2.3983949999999994,0.7332703125000002,0.14193281250000003,0.12479687500000003
50200,2.398910625,0.7334812500000002,0.14136406250000005,0.12515468749999994
50300,2.3997264062500006,0.7340125000000001,0.14049687500000005,0.125490625
50400,2.401422968749999,0.7345812499999995,0.1397375,0.12568124999999997
50500,2.4029057812499994,0.7351359375,0.138515625,0.1263484375
50600,2.4042943749999997,0.7357906250000001,0.13784062499999997,0.12636875
50700,2.404783906250001,0.7356359374999998,0.137328125,0.12703593750000003
50800,2.4049976562499995,0.7358015625,0.13730156250000003,0.126896875
50900,2.4047257812500002,0.7357687500000003,0.13734062499999997,0.126890625
51000,2.4037876562499996,0.7355140625000001,0.13851093750000001,0.12597500000000003
51100,2.403393281249999,0.7347359375,0.13826718749999997,0.12699687499999998
51200,2.40329203125,0.734853125,0.1385171875,0.12662968749999998
51300,2.4030240624999997,0.7347671875,0.13888906250000005,0.12634375000000006
51400,2.40282578125,0.7345703124999999,0.1390921875,0.1263375
51500,2.402062500000001,0.7344265625000002,0.14007187499999998,0.12550156250000002
51600,2.4021321875000003,0.7347281250000001,0.14032968749999997,0.1249421875
51700,2.4020546875,0.7342593749999998,0.139884375,0.12585625000000003
51800,2.40105140625,0.7338453125000001,0.14096093750000002,0.12519374999999996
51900,2.399912656249999,0.7331531250000001,0.14154999999999995,0.125296875
52000,2.3987134375,0.7323874999999999,0.1418640625,0.12574843749999995
52100,2.3973329687500002,0.7317218749999997,0.14252031250000005,0.12575781249999998
52200,2.3961374999999996,0.7308046875000002,0.143084375,0.12611093750000002
52300,2.396466406249999,0.7308406249999999,0.14266093749999995,0.1264984375
52400,2.3972653125000005,0.7311874999999999,0.14219687500000008,0.12661562499999998
52500,2.3971385937500003,0.7309296874999999,0.14219218749999998,0.12687812500000004
52600,2.3962767187500007,0.7302921874999999,0.1426296875,0.12707812500000001
52700,2.3948071874999997,0.7291078125000002,0.14339218750000002,0.12749999999999997
52800,2.394055937500001,0.7285671875,0.14347187500000003,0.12796093750000007
52900,2.394475468750001,0.7288000000000002,0.14319374999999998,0.12800625
53000,2.3948993749999996,0.72945,0.14323906250000001,0.1273109375
53100,2.3953971874999995,0.729703125,0.14285937499999998,0.12743749999999998
53200,2.3960026562500003,0.7302046874999996,0.14257187500000001,0.1272234375
53300,2.3972209375,0.7309453125000002,0.14170781249999992,0.127346875
53400,2.3978775000000003,0.7315234374999996,0.141490625,0.12698593749999998
53500,2.3986831250000007,0.7320906250000002,0.140978125,0.12693125
53600,2.399369218750001,0.7326609375000003,0.14044062499999996,0.12689843750000002
